movieId,poster_url
1,https://m.media-amazon.com/images/M/MV5BZTA3OWVjOWItNjE1NS00NzZiLWE1MjgtZDZhMWI1ZTlkNzYwXkEyXkFqcGc@._V1_SX300.jpg
2,https://m.media-amazon.com/images/M/MV5BYTFkMjFmODgtYzRiZi00NmQwLTliZWMtMzRhMWQ5ZmY3ZDExXkEyXkFqcGc@._V1_SX300.jpg
3,https://m.media-amazon.com/images/M/MV5BMjc0OWM2YTktZWYyMi00YzU1LTljYmEtYmMyNTRlMWFlMzI4XkEyXkFqcGc@._V1_SX300.jpg
4,https://m.media-amazon.com/images/M/MV5BZWU4NzA3MDQtODYyOS00OTliLTk3MGEtYzM2ZjNkZmI5ODk5XkEyXkFqcGc@._V1_SX300.jpg
5,https://m.media-amazon.com/images/M/MV5BOTMwNzE2Y2YtNzZhMy00YTljLWI1MzQtMTI3YjkxYTg2NjRmXkEyXkFqcGc@._V1_SX300.jpg
6,https://m.media-amazon.com/images/M/MV5BMTkxYjU1OTMtYWViZC00ZjAzLWI3MDktZGQ2N2VmMjVjNDRlXkEyXkFqcGc@._V1_SX300.jpg
7,https://m.media-amazon.com/images/M/MV5BNGZiMmM3YjEtZmQ3Zi00OTQxLTk5MGQtOTBhMDM1MWVkNzFmXkEyXkFqcGc@._V1_SX300.jpg
8,https://m.media-amazon.com/images/M/MV5BOGRlOTlkMDYtYjM4Ny00MGJhLWEyZGItMGYxYzUzNWQ1YWQ4XkEyXkFqcGc@._V1_SX300.jpg
9,https://m.media-amazon.com/images/M/MV5BZmUwYmQ1MGYtNDk4MC00YjkyLTg2YTktZmE3NmZkZDY2MGE1XkEyXkFqcGc@._V1_SX300.jpg
10,https://m.media-amazon.com/images/M/MV5BOGQxNmYyY2YtZGIyNy00ODgxLThhZWEtZGIyNjJhYzFlOTllXkEyXkFqcGc@._V1_SX300.jpg
11,https://m.media-amazon.com/images/M/MV5BZTcyNDAzYTUtNjBjMC00YTk3LTg5MTItMzM3MjhlNGE5YWNlXkEyXkFqcGc@._V1_SX300.jpg
12,https://m.media-amazon.com/images/M/MV5BN2I2MjQzYTgtZWU5ZS00ZGZmLWFhNmQtNjVlODE0OTM4Y2JhXkEyXkFqcGc@._V1_SX300.jpg
13,https://m.media-amazon.com/images/M/MV5BNzY2OGY3MTYtMTlhNC00MDUyLWE2OGEtNzMzZjQxYjFiYjRiXkEyXkFqcGc@._V1_SX300.jpg
14,https://m.media-amazon.com/images/M/MV5BNDk3YWU1NmEtMDBhMC00ZGYwLWFiNzQtMzkwMzg4YjA4MDY4XkEyXkFqcGc@._V1_SX300.jpg
15,https://m.media-amazon.com/images/M/MV5BZTQ3OWY2NTctOTAyNS00MThjLTgyZjEtNzgzZGNiZDNhODUyXkEyXkFqcGc@._V1_SX300.jpg
16,https://m.media-amazon.com/images/M/MV5BMDRlZWZjZjYtYzY2NS00ZWVjLTkwYzAtZTA2ZDAzMGRiYmYwXkEyXkFqcGc@._V1_SX300.jpg
17,https://m.media-amazon.com/images/M/MV5BY2MyZWJhNjktMWQ2My00OTgwLWI1NjEtYjUzM2M2N2M4Mzc4XkEyXkFqcGc@._V1_SX300.jpg
18,https://m.media-amazon.com/images/M/MV5BMmNlMjE5YTEtZTU1My00MDc1LTgwNzctNTZlYmJmNTM3ZjYzXkEyXkFqcGc@._V1_SX300.jpg
19,https://m.media-amazon.com/images/M/MV5BMjk3ZDUwYTMtYmQyYy00NTg1LWExOTItNTcxODM3NDZiNjMyXkEyXkFqcGc@._V1_SX300.jpg
20,https://m.media-amazon.com/images/M/MV5BZGIzODJmMGYtMzY2My00ZGJkLTg1YzMtNmY2ZTVlYmI5YzYyXkEyXkFqcGc@._V1_SX300.jpg
21,https://m.media-amazon.com/images/M/MV5BMjAwODYzNDY4Ml5BMl5BanBnXkFtZTcwODkwNTgzNA@@._V1_SX300.jpg
22,https://m.media-amazon.com/images/M/MV5BY2ZiODRlYWMtOGViYS00ZTNiLTlkMGQtZTAxY2IyMDAzYzU2XkEyXkFqcGc@._V1_SX300.jpg
23,https://m.media-amazon.com/images/M/MV5BYjRmZDUzZTctMzkyMi00ZDY1LTk2MDgtMDI0MTM4ZTYzOWI4XkEyXkFqcGc@._V1_SX300.jpg
24,https://m.media-amazon.com/images/M/MV5BYzBmZjgyNWQtOWYzNS00NTg2LWJjZDktYzE4YTMzMjNiZWVkXkEyXkFqcGc@._V1_SX300.jpg
25,https://m.media-amazon.com/images/M/MV5BNDg3MDM5NTI0MF5BMl5BanBnXkFtZTcwNDY0NDk0NA@@._V1_SX300.jpg
26,https://m.media-amazon.com/images/M/MV5BMzJkMzdmMjMtOGVmNC00NTI4LWJjNTMtNGE4ZGMzYjU1ZDk5XkEyXkFqcGc@._V1_SX300.jpg
27,https://m.media-amazon.com/images/M/MV5BZjg1Zjg4NjItNDk1My00ZTEwLWJkZjMtOGZiNmE2OTQ1NTI4XkEyXkFqcGc@._V1_SX300.jpg
28,https://m.media-amazon.com/images/M/MV5BOGM1Mjk1Y2EtMDBiMy00MDAxLWI0NmEtNzExYjM4NDVmZDZjXkEyXkFqcGc@._V1_SX300.jpg
29,https://m.media-amazon.com/images/M/MV5BMTc5YWUxOGUtYWQ2OC00ZTMyLWI5MTktNjNkZjNmZTA1OWYyXkEyXkFqcGc@._V1_SX300.jpg
30,https://m.media-amazon.com/images/M/MV5BMjExNzU2NDctYTQ4My00MmFkLTljN2UtN2MzYWQ1NTFiNDEyXkEyXkFqcGc@._V1_SX300.jpg
31,https://m.media-amazon.com/images/M/MV5BODc5ZDI2ZDYtYjZiMy00MzZjLWEwNWUtNTljNDEwYWQ3YjQ5XkEyXkFqcGc@._V1_SX300.jpg
32,https://m.media-amazon.com/images/M/MV5BMDQwNDY0M2MtOGFmNy00ZjI5LTkzN2ItMzg5M2IwZTZjY2MyXkEyXkFqcGc@._V1_SX300.jpg
34,https://m.media-amazon.com/images/M/MV5BODYxZWZiMTgtMjJhOC00OTE1LTk0MmQtMGFiOGY3ZTAwZGRjXkEyXkFqcGc@._V1_SX300.jpg
36,https://m.media-amazon.com/images/M/MV5BMTM3NzA1MjM2N15BMl5BanBnXkFtZTcwMzY3MTMzNA@@._V1_SX300.jpg
38,https://m.media-amazon.com/images/M/MV5BMTQ3YTE5NmItNTRjNC00NjdlLTgwNmYtNDRkNmJiZjZiNGE3XkEyXkFqcGc@._V1_SX300.jpg
39,https://m.media-amazon.com/images/M/MV5BMTgwYjQ1NDktOTcwNi00MWZhLTliYWQtZDg5NjZhY2U5ZTNlXkEyXkFqcGc@._V1_SX300.jpg
40,https://m.media-amazon.com/images/M/MV5BZjQ1M2Y2ZTgtN2U3OS00YTUxLTgwZmUtNjk1YTdjYTdmYWQzXkEyXkFqcGc@._V1_SX300.jpg
41,https://m.media-amazon.com/images/M/MV5BMWZjODNlYzAtNWIxZC00ZWRkLWFlMjctZGVlMDYxZTU1MGM1XkEyXkFqcGc@._V1_SX300.jpg
42,https://m.media-amazon.com/images/M/MV5BNTUzZTczZGItNjY4My00YTIyLTgyODYtNjFmNDY2ZWJlNTlmXkEyXkFqcGc@._V1_SX300.jpg
43,https://m.media-amazon.com/images/M/MV5BOWZjM2NjM2EtMDkyNi00ODFiLWIwMTktM2JmMzUxODQ3YmRlXkEyXkFqcGc@._V1_SX300.jpg
44,https://m.media-amazon.com/images/M/MV5BNjQyYjJjMzEtZTYzYy00ZjFmLTlkNTktNDI5ZjIwNTAxOWE0XkEyXkFqcGc@._V1_SX300.jpg
45,https://m.media-amazon.com/images/M/MV5BZWJlODViYTUtMzY3MS00ZDRlLTkzODQtMDdiOTBiN2E0MDA5XkEyXkFqcGc@._V1_SX300.jpg
46,https://m.media-amazon.com/images/M/MV5BZjJhNDc5MDItNGQ3My00ODgxLWE0ZTEtZDYwMmUwNzRmMDZiXkEyXkFqcGc@._V1_SX300.jpg
47,https://m.media-amazon.com/images/M/MV5BY2IzNzMxZjctZjUxZi00YzAxLTk3ZjMtODFjODdhMDU5NDM1XkEyXkFqcGc@._V1_SX300.jpg
48,https://m.media-amazon.com/images/M/MV5BY2ZlNTUxM2MtYmJhYS00Y2E5LTlmYTItZDhlNWJmMmRiYTYzXkEyXkFqcGc@._V1_SX300.jpg
49,https://m.media-amazon.com/images/M/MV5BZjMxMDYyNjItYjAwYi00NmExLWFiOTEtZWYzOGUzNmY3NmI2XkEyXkFqcGc@._V1_SX300.jpg
50,https://m.media-amazon.com/images/M/MV5BOTE5MDUxZDUtZWZmZC00NDVmLWFhOGQtNWI2YTc4NzY3MGQ0XkEyXkFqcGc@._V1_SX300.jpg
52,https://m.media-amazon.com/images/M/MV5BNGY4MWQ2Y2QtMzliZC00NTc3LWJmMGYtMzUxYWI0YTFhYTY4XkEyXkFqcGc@._V1_SX300.jpg
53,https://m.media-amazon.com/images/M/MV5BMzgzODMwMWMtY2RhMi00OGEwLWFmNjktZmMxMTI1MzUzMTk1XkEyXkFqcGc@._V1_SX300.jpg
54,https://m.media-amazon.com/images/M/MV5BNzk0YTczMGQtNjc3Yi00ZmY4LTljYTctMTRkNjlmNDBkYmEwXkEyXkFqcGc@._V1_SX300.jpg
55,https://m.media-amazon.com/images/M/MV5BZWJiNjMwYzMtZWU5Yi00NGI0LTg5NGYtZDY4MWRiYjEwYTYzXkEyXkFqcGdeQXVyMTAwMzUyOTc@._V1_SX300.jpg
57,https://m.media-amazon.com/images/M/MV5BMDI1ZmZhMDQtMDZkMC00M2VlLWJjZDMtYmEyMWRiMDIwZGJiXkEyXkFqcGc@._V1_SX300.jpg
58,https://m.media-amazon.com/images/M/MV5BMTE1OTJkMmEtZDBmNC00ZTBiLWEwYTQtODEzNGU2OTAxZmU5XkEyXkFqcGc@._V1_SX300.jpg
60,https://m.media-amazon.com/images/M/MV5BNmIzNTIzYTEtYWM5Zi00NmRiLTk4NzYtYTRiZmI0OWZkYjBhXkEyXkFqcGc@._V1_SX300.jpg
61,https://m.media-amazon.com/images/M/MV5BYzg3MDc5ZWEtMTc3Ny00YWEzLTlmMTgtMjk3NGJjMmNjOTYyXkEyXkFqcGc@._V1_SX300.jpg
62,https://m.media-amazon.com/images/M/MV5BZGJkOTFkYjEtNzg5Zi00NWIyLTkyN2QtMDExNjk1NTg1NTQ1XkEyXkFqcGc@._V1_SX300.jpg
63,https://m.media-amazon.com/images/M/MV5BZGM0NTAyMWEtNDBjNi00MjkwLWFhM2UtNDExNmVmMzEzNzExXkEyXkFqcGc@._V1_SX300.jpg
64,https://m.media-amazon.com/images/M/MV5BYzRjYWVlNzEtZDRhMS00OGExLTk1MGEtOWU0NjRkM2ViNmYyXkEyXkFqcGc@._V1_SX300.jpg
65,https://m.media-amazon.com/images/M/MV5BNGMxNGI5YWEtNzI5Yi00ZmY0LTk2NWQtMjk3MTRlNGZmMmQ1XkEyXkFqcGc@._V1_SX300.jpg
66,https://m.media-amazon.com/images/M/MV5BMjkxZDdlMTQtZGZlZC00ZWNiLWFiYmYtY2JlODgwMTE1YTY3XkEyXkFqcGc@._V1_SX300.jpg
68,https://m.media-amazon.com/images/M/MV5BMTY2ZDdlY2YtYzdkNi00MzcxLTgxYjMtMmQ1ZjMyNTBmYTU0XkEyXkFqcGc@._V1_SX300.jpg
69,https://m.media-amazon.com/images/M/MV5BMWI3MmM2MTItN2MxZS00Y2NhLWE5ZWEtMzU3YWNiNmU3NmFmXkEyXkFqcGc@._V1_SX300.jpg
70,https://m.media-amazon.com/images/M/MV5BZGNjMWMwNWEtYTQ2YS00N2E5LTg5ZWYtMDgzM2UxMTE1ZTE4XkEyXkFqcGc@._V1_SX300.jpg
71,https://m.media-amazon.com/images/M/MV5BMDc2MzAxOTktYWQ3Yy00NzJhLWFkNmQtN2QzMDFmMWYyODUxXkEyXkFqcGc@._V1_SX300.jpg
72,https://m.media-amazon.com/images/M/MV5BNDY3NjUyODMtMGY5OS00M2Q1LTllOGItZGQ0YTFiNjhhNDZiXkEyXkFqcGc@._V1_SX300.jpg
73,https://m.media-amazon.com/images/M/MV5BNmYyZjA0YmEtNGU5Ni00YzVjLWJkMTAtZmU0NGI2Y2Y3ODQwXkEyXkFqcGc@._V1_SX300.jpg
74,https://m.media-amazon.com/images/M/MV5BZTE2NjhiZDYtNDRjNS00NDY4LWI3ZmMtMWQyY2FlMmIxYzRlXkEyXkFqcGc@._V1_SX300.jpg
75,https://m.media-amazon.com/images/M/MV5BYTFmNTI5MGItMGMxZi00NjM2LWE0ZTUtMzQyMmVlOWMwZTJkXkEyXkFqcGc@._V1_SX300.jpg
76,https://m.media-amazon.com/images/M/MV5BMmVkMjcwMjktOGY2MC00ZGFkLWI1NWQtYTJjNTk2N2U0NWZmXkEyXkFqcGc@._V1_SX300.jpg
77,https://m.media-amazon.com/images/M/MV5BNTY2MDM2NzcyM15BMl5BanBnXkFtZTcwMjk3MzcyMQ@@._V1_SX300.jpg
78,https://m.media-amazon.com/images/M/MV5BNGNjMTcxNzgtM2JiYS00MDc0LWEwYmItOTY1M2JkMzc5MDE4XkEyXkFqcGc@._V1_SX300.jpg
79,https://m.media-amazon.com/images/M/MV5BNDVjZDlkZWMtZjg3Mi00OTc3LWI2YmYtMjYyZmVjZDRjN2E0XkEyXkFqcGc@._V1_SX300.jpg
80,https://m.media-amazon.com/images/M/MV5BM2E0OGRkOGQtMzhiOC00NDUxLThjMzYtNTM4ZTNhYWU1NmQ1XkEyXkFqcGc@._V1_SX300.jpg
81,https://m.media-amazon.com/images/M/MV5BMDEzMzQ0YTctYTg0Ny00Y2MxLWE1ZjAtNzQwMjVmNWQxZTIwXkEyXkFqcGc@._V1_SX300.jpg
82,https://m.media-amazon.com/images/M/MV5BYzAxYmM1YzQtNDhmOS00N2UxLTljNTctOGE0ZDI3NWIxMTYwXkEyXkFqcGc@._V1_SX300.jpg
83,https://m.media-amazon.com/images/M/MV5BY2VmOWI4MzMtZmExYy00ZjNhLTk1Y2YtN2Q2ODkwMWViNDNkXkEyXkFqcGdeQXVyNjMwMjk0MTQ@._V1_SX300.jpg
85,https://m.media-amazon.com/images/M/MV5BZjZkYTk4ZjEtMWRmNi00MzM5LThlNTItZThhNzFlMzc1NDIwXkEyXkFqcGc@._V1_SX300.jpg
86,https://m.media-amazon.com/images/M/MV5BMGMwMzFjMjUtZTE4Yi00ZGQwLWFmMDItYzljOTc3YjUzZGI3XkEyXkFqcGc@._V1_SX300.jpg
87,https://m.media-amazon.com/images/M/MV5BYTkxZDlkNGUtNzFhMC00MWNkLTg4ZmMtMDFhZjNkOWQ1ZDdhXkEyXkFqcGc@._V1_SX300.jpg
88,https://m.media-amazon.com/images/M/MV5BOTYyMWE0MDUtMjkwZi00ZDNiLTg0MjUtZWQ5ZjMxNzA1N2ZjXkEyXkFqcGc@._V1_SX300.jpg
89,https://m.media-amazon.com/images/M/MV5BM2JhN2NmYmQtNmE3OS00ZTE0LWI1YWUtMDY1YmRkY2QyNGExXkEyXkFqcGc@._V1_SX300.jpg
92,https://m.media-amazon.com/images/M/MV5BZmNhMzlkYTUtZWUyYS00MGZlLTkwMmMtYTA3MWNkMTA3MjdlXkEyXkFqcGc@._V1_SX300.jpg
93,https://m.media-amazon.com/images/M/MV5BZTk1ZGQ4ZTUtMmQxZS00ODcxLTk3YjUtZDA0MWVhZWMyNGJmXkEyXkFqcGc@._V1_SX300.jpg
94,https://m.media-amazon.com/images/M/MV5BZDJkZjZlY2UtZWY2ZC00NGIzLWI2N2MtMDNlNGVkMzM5NjVlXkEyXkFqcGc@._V1_SX300.jpg
95,https://m.media-amazon.com/images/M/MV5BMjkxMzA5ZWMtZWU0MS00MTBhLWFjNzItYWI2ZGU4YjE2MTc4XkEyXkFqcGc@._V1_SX300.jpg
96,https://m.media-amazon.com/images/M/MV5BZmQwM2Q0MDItYjBiMC00ZDYzLWJlZDUtZmE5ZmNkMmUzM2NmXkEyXkFqcGc@._V1_SX300.jpg
97,https://m.media-amazon.com/images/M/MV5BMThlMDA3NDYtZGM2Zi00NmJhLThlYWItZjViZTkzZWU1ZWRiXkEyXkFqcGc@._V1_SX300.jpg
99,https://m.media-amazon.com/images/M/MV5BMTc4NDc5NzQzNF5BMl5BanBnXkFtZTcwMDUyODkxMQ@@._V1_SX300.jpg
100,https://m.media-amazon.com/images/M/MV5BMTJhMTUwYzMtOTZmYy00ZDkyLThmM2QtNTdjOTgxNDI1OWZkXkEyXkFqcGc@._V1_SX300.jpg
101,https://m.media-amazon.com/images/M/MV5BNDlmNWY5NmMtZDNiMS00YjQ1LTg5NmItZmE5ZWEwNDg2MzhjXkEyXkFqcGc@._V1_SX300.jpg
102,https://m.media-amazon.com/images/M/MV5BZTIwOThjZmQtMWExMC00NzIwLWI0YzAtMWIzNTNlODdjNjg5XkEyXkFqcGdeQXVyMTQxNzMzNDI@._V1_SX300.jpg
103,https://m.media-amazon.com/images/M/MV5BMjQxODM0MjY2Nl5BMl5BanBnXkFtZTgwOTkwMDcyMTI@._V1_SX300.jpg
104,https://m.media-amazon.com/images/M/MV5BMzMyZTM1MTMtNDdjOS00NzIzLTkxY2QtZTU4OGYxOTUwNDMxXkEyXkFqcGc@._V1_SX300.jpg
105,https://m.media-amazon.com/images/M/MV5BODBlMjVmOGYtZjY0Mi00MDgzLWE3MDYtNDk5ZmE1OGNkMGZjXkEyXkFqcGc@._V1_SX300.jpg
106,https://m.media-amazon.com/images/M/MV5BMTM1NzQ2NjQ3Ml5BMl5BanBnXkFtZTcwNzg5NjYxMQ@@._V1_SX300.jpg
107,https://m.media-amazon.com/images/M/MV5BZmE3MmM4NTYtM2JhYS00ZjIwLWExOTItOTI3YjI4ZDQ2NjBhXkEyXkFqcGc@._V1_SX300.jpg
108,https://m.media-amazon.com/images/M/MV5BMTYxNzk1NjMxN15BMl5BanBnXkFtZTcwNjk0ODkxMQ@@._V1_SX300.jpg
110,https://m.media-amazon.com/images/M/MV5BNGMxZDBhNGQtYTZlNi00N2UzLWI4NDEtNmUzNWM2NTdmZDA0XkEyXkFqcGc@._V1_SX300.jpg
111,https://m.media-amazon.com/images/M/MV5BZDNhMGYwM2UtMTdlZS00MGQ1LWI2YzAtODY5YWI1MjYyNzRmXkEyXkFqcGc@._V1_SX300.jpg
112,https://m.media-amazon.com/images/M/MV5BNWUxMDcyZTMtYzJjMi00Y2Q1LWE3NWMtNTRiNGQxZTljYjE2XkEyXkFqcGc@._V1_SX300.jpg
113,https://m.media-amazon.com/images/M/MV5BMTQxMGYzZWMtODdhNy00MDYxLTg2Y2MtZjBlNzMyYWY1ZTA4XkEyXkFqcGc@._V1_SX300.jpg
116,https://m.media-amazon.com/images/M/MV5BYzQ4M2E0MTAtMDZmZS00ZjhhLWI2N2YtMDdiYWVmZDQ1NTMwXkEyXkFqcGc@._V1_SX300.jpg
117,https://m.media-amazon.com/images/M/MV5BMTg0MTE5OTMzNV5BMl5BanBnXkFtZTcwMDM0MzkzMQ@@._V1_SX300.jpg
118,https://m.media-amazon.com/images/M/MV5BYWFkNzdhZjMtOGI5Zi00MmFiLTljN2QtYzcyOTQxOGQ4OTI4XkEyXkFqcGc@._V1_SX300.jpg
119,https://m.media-amazon.com/images/M/MV5BNjVhMzhiMzMtYzg5Zi00ZTVkLTkyZGEtOGM3ZTE1Y2ZkODQ3XkEyXkFqcGc@._V1_SX300.jpg
121,https://m.media-amazon.com/images/M/MV5BZWYzMWYxMTUtZDRiNC00Zjg3LTk2MTgtM2M0ZmM3ODVjNmVkXkEyXkFqcGc@._V1_SX300.jpg
122,https://m.media-amazon.com/images/M/MV5BMjI1OWE5NjAtNmZjMy00NDA0LWI4OGItMTgxNDM3YmVhMDliXkEyXkFqcGc@._V1_SX300.jpg
123,https://m.media-amazon.com/images/M/MV5BNDQ4ZmYxODctZDVlZC00OTcxLWJjOGItZjRlMzk4MDA1Yjg1XkEyXkFqcGc@._V1_SX300.jpg
125,https://m.media-amazon.com/images/M/MV5BZjI5M2YzMDEtY2EwNS00MTQzLThkODEtNjkzMzRlOWZhNmYzXkEyXkFqcGc@._V1_SX300.jpg
126,https://m.media-amazon.com/images/M/MV5BOTdmY2EwZTMtYTE5MC00Yzg2LTk5MGItYTdmMmRiZmM0Y2VjXkEyXkFqcGc@._V1_SX300.jpg
128,https://m.media-amazon.com/images/M/MV5BMTI3ODIyODY4N15BMl5BanBnXkFtZTcwNjE3MjUyMQ@@._V1_SX300.jpg
129,https://m.media-amazon.com/images/M/MV5BMTAxMTQwNTg1NjNeQTJeQWpwZ15BbWU3MDEzMzI0MjE@._V1_SX300.jpg
132,https://m.media-amazon.com/images/M/MV5BZGZjNjZjY2QtYjJkNC00OTVmLWJiN2QtYjRiZGQyMDZlYjI4XkEyXkFqcGc@._V1_SX300.jpg
135,https://m.media-amazon.com/images/M/MV5BZGEyMTczZjktMTVkNC00Zjg3LTljOWQtNjQ1NjY0YWZjYjM0XkEyXkFqcGc@._V1_SX300.jpg
137,https://m.media-amazon.com/images/M/MV5BMjY3MjczMjQwMV5BMl5BanBnXkFtZTcwNDM3OTEzMQ@@._V1_SX300.jpg
140,https://m.media-amazon.com/images/M/MV5BMDA2ZjI2ZjAtNjAxOS00YmIxLTgwMWEtNzA5ZDBjM2M0OGY3XkEyXkFqcGc@._V1_SX300.jpg
141,https://m.media-amazon.com/images/M/MV5BMTM2NjExODYyOF5BMl5BanBnXkFtZTcwNTc0NjgyNA@@._V1_SX300.jpg
144,https://m.media-amazon.com/images/M/MV5BZDQ3MmE1NWItMGIzNi00NWZjLTgzZDMtYmY5YjdhNDQ0NjcxXkEyXkFqcGc@._V1_SX300.jpg
145,https://m.media-amazon.com/images/M/MV5BMWNjZWEwNDMtMWE1ZC00MTgwLTk2YzAtYmE0NTkwOWVhMDI0XkEyXkFqcGc@._V1_SX300.jpg
146,https://m.media-amazon.com/images/M/MV5BZmUyZWJmZDktMjE0Yy00MjUwLTlmMmUtNTk0YjFkODUxZTVkXkEyXkFqcGdeQXVyNzc5MjA3OA@@._V1_SX300.jpg
147,https://m.media-amazon.com/images/M/MV5BOGQ0YmUzZDctOThjOC00MWYzLWE2ZGEtZjQyNmEyZGI4YjVjXkEyXkFqcGc@._V1_SX300.jpg
148,https://m.media-amazon.com/images/M/MV5BOGVhMWE5NzAtYTVmZC00OGFmLWEyOTUtNWE5MjUzNDVjZmE3XkEyXkFqcGc@._V1_SX300.jpg
149,https://m.media-amazon.com/images/M/MV5BYzUzMmVjYjItMTdkZC00NGRhLWIzODMtZWJkN2EzYzdkNDYxXkEyXkFqcGc@._V1_SX300.jpg
150,https://m.media-amazon.com/images/M/MV5BMGZmNGY1OTAtNjFkYS00MjcyLWFlZjUtYzEyMDllZGZhMzM3XkEyXkFqcGc@._V1_SX300.jpg
151,https://m.media-amazon.com/images/M/MV5BYzU2NzcxMjgtNDdjYi00MDRiLTg4ZWEtNDAzODNlYzEyN2NhXkEyXkFqcGc@._V1_SX300.jpg
152,https://m.media-amazon.com/images/M/MV5BMGM4NzExZGItZGE3ZS00ZWI0LWE0M2EtZjI1Njc0ZGYzYzgyXkEyXkFqcGc@._V1_SX300.jpg
153,https://m.media-amazon.com/images/M/MV5BMTUyNjJhZWItMTZkNS00NDc4LTllNjUtYTg3NjczMzA5ZTViXkEyXkFqcGc@._V1_SX300.jpg
154,https://m.media-amazon.com/images/M/MV5BMDhiYmZmNjEtZjE1NC00YmIxLTgyMDEtODVkYTkyNzZkNzk0XkEyXkFqcGc@._V1_SX300.jpg
155,https://m.media-amazon.com/images/M/MV5BNWM2MDhlMjUtMTJkNi00MzVjLWJkZWItMmNhMGY2ZmIyMDQ3XkEyXkFqcGc@._V1_SX300.jpg
156,https://m.media-amazon.com/images/M/MV5BZTU0ZTE1M2ItNzI4Yi00MmI0LWE2M2YtMThlYzI1ZmY5N2QwXkEyXkFqcGc@._V1_SX300.jpg
157,https://m.media-amazon.com/images/M/MV5BMTUwNDU0NzcwMl5BMl5BanBnXkFtZTcwNzk1NjAzNA@@._V1_SX300.jpg
158,https://m.media-amazon.com/images/M/MV5BZjYzZWZlYzYtZWZkYy00YjRkLWIxN2EtNjY1MGZmYmQxYTIxXkEyXkFqcGc@._V1_SX300.jpg
159,https://m.media-amazon.com/images/M/MV5BZTI5OWEwOGQtMzE1Ny00NWM0LTlmOGItYTRhNzlkY2E3Nzk2XkEyXkFqcGc@._V1_SX300.jpg
160,https://m.media-amazon.com/images/M/MV5BOTc0MmM1MmMtYTI0Yi00YzJlLTg4MjctNjBlOGQ4NGJjZTNmXkEyXkFqcGc@._V1_SX300.jpg
161,https://m.media-amazon.com/images/M/MV5BNTNhZDk2NmQtNDc3ZC00Nzk3LWFmNTctYTc0OWMyNGM0ZWYyXkEyXkFqcGc@._V1_SX300.jpg
162,https://m.media-amazon.com/images/M/MV5BZDQ2NjNkZTktNTg4MC00ZTBkLTlkMDItYzIyODA4M2MzMzdjXkEyXkFqcGc@._V1_SX300.jpg
163,https://m.media-amazon.com/images/M/MV5BN2IzOThmNTMtODE4My00NTI1LThkOWMtNTA4MTc4NWI1NTNlXkEyXkFqcGc@._V1_SX300.jpg
164,https://m.media-amazon.com/images/M/MV5BNDM1YzFjMWYtOTEyNS00Mzk3LWFhNzEtYTBlYmMxNDZlYjdlXkEyXkFqcGc@._V1_SX300.jpg
165,https://m.media-amazon.com/images/M/MV5BYjkzNzdkMTctNzMwMS00M2Q0LWIyOTMtNmM2NDY5NWZjNTJlXkEyXkFqcGc@._V1_SX300.jpg
166,https://m.media-amazon.com/images/M/MV5BYjQ2MmE3NzctZjYzZS00ZGVjLWEyODUtYjM3MTAwYTQ2YmU4XkEyXkFqcGc@._V1_SX300.jpg
168,https://m.media-amazon.com/images/M/MV5BYTNmNzJiOWItZTM4Mi00NmFjLWJkNzctZGE0YTA2ZjgwZmM0XkEyXkFqcGc@._V1_SX300.jpg
169,https://m.media-amazon.com/images/M/MV5BMmVjZjMxMmUtYWQ4Mi00YzAzLThkMmQtZjNmMGQyNDVkNzk2XkEyXkFqcGc@._V1_SX300.jpg
170,https://m.media-amazon.com/images/M/MV5BOGZkZTc2ZjItNzIzMS00ODRlLTliNjgtZjRmNzM2NjkzZTU1XkEyXkFqcGc@._V1_SX300.jpg
171,https://m.media-amazon.com/images/M/MV5BODZjNzc1Y2MtZWE1NC00ZjU3LWJkZGMtMTExNGY3NzczMzYxXkEyXkFqcGc@._V1_SX300.jpg
172,https://m.media-amazon.com/images/M/MV5BZGFjNWVhMzktZjJkZi00NWI3LWJiY2MtMTM1MGMxYzI0NmFjXkEyXkFqcGc@._V1_SX300.jpg
173,https://m.media-amazon.com/images/M/MV5BZWM0MjExNzMtNGJkMy00MDNhLTlkOTctNDFiYzVjNTVmNGFjXkEyXkFqcGc@._V1_SX300.jpg
174,https://m.media-amazon.com/images/M/MV5BNjc1NmZmYWYtMzJlOC00MzJmLTg0MTMtMzIyZmRmZGU2MGFmXkEyXkFqcGc@._V1_SX300.jpg
175,https://m.media-amazon.com/images/M/MV5BZDVlZjdkM2YtNTU3ZS00NjVmLWEwMWMtOWQ3MTM1Mzk4MWM2XkEyXkFqcGc@._V1_SX300.jpg
176,https://m.media-amazon.com/images/M/MV5BMzUyMmFhMTAtM2MzNS00ODZkLWIwM2UtYTA2OTAzYzA5OWMxXkEyXkFqcGc@._V1_SX300.jpg
177,https://m.media-amazon.com/images/M/MV5BNDg1OTc0MDQwNl5BMl5BanBnXkFtZTcwMjQ3NDk0NA@@._V1_SX300.jpg
178,https://m.media-amazon.com/images/M/MV5BYzU2ZjUxYWMtOWU5OC00MjVkLThiMTMtNzhhODg4YjAzMjIyXkEyXkFqcGdeQXVyMjE3MTA1Mw@@._V1_SX300.jpg
179,https://m.media-amazon.com/images/M/MV5BZjVlZGY3ZTItYjZkMS00N2U4LTk1ZWMtNTFjYTdiYmFmZWRmXkEyXkFqcGc@._V1_SX300.jpg
180,https://m.media-amazon.com/images/M/MV5BZDM2MWVkMWItNjhjMy00MDUzLWEyOTAtN2I0MzNlZjc4Mjk0XkEyXkFqcGc@._V1_SX300.jpg
181,https://m.media-amazon.com/images/M/MV5BOTBkODkyNTYtOTkxNC00NDA5LThmODAtMTAzNzg0ODE3ZDEwXkEyXkFqcGc@._V1_SX300.jpg
183,https://m.media-amazon.com/images/M/MV5BYTUzNTMwNmEtODkyNC00ZDcxLWE5ZTYtMDczYjg4NzhiZmM1XkEyXkFqcGc@._V1_SX300.jpg
184,https://m.media-amazon.com/images/M/MV5BOWI2OWNjYzMtZTgxMC00ZWZhLTlhODAtMzE0ODY5Njc0MTAwXkEyXkFqcGc@._V1_SX300.jpg
185,https://m.media-amazon.com/images/M/MV5BMDNhMjgxODUtMWRjOS00N2JlLWEyYWEtOWJhNWQ1MTdmYTllXkEyXkFqcGc@._V1_SX300.jpg
186,https://m.media-amazon.com/images/M/MV5BMTQ2NGNiMDgtMDUyNy00MmU0LThhYzQtMTM1YmI3ZTFmOWQyXkEyXkFqcGc@._V1_SX300.jpg
187,https://m.media-amazon.com/images/M/MV5BMGI4NTdmZjUtNGJlMS00ZTRlLTk5ZTQtNjg3ODk3MmNkNzI4XkEyXkFqcGc@._V1_SX300.jpg
188,https://m.media-amazon.com/images/M/MV5BN2I2NjQzMjktZThlMS00OTg5LTk3ZTItZWFmYmM0M2ZkNjFlXkEyXkFqcGc@._V1_SX300.jpg
189,https://m.media-amazon.com/images/M/MV5BMDgzOWU5MmMtMDNhZC00NzRiLTkxMGUtNzk1OGY4OTEwMDY1XkEyXkFqcGc@._V1_SX300.jpg
190,https://m.media-amazon.com/images/M/MV5BMmFlNmIyZGEtMzdjZS00NTQwLTg3NmEtNjFmMDU0NTQwOGRmXkEyXkFqcGc@._V1_SX300.jpg
191,https://m.media-amazon.com/images/M/MV5BM2EzYjU0YzAtMTk4NS00MDA2LTk3NTAtNmVkZTY2ZmM2ODVlXkEyXkFqcGc@._V1_SX300.jpg
193,https://m.media-amazon.com/images/M/MV5BNzcyMjExNjg3OF5BMl5BanBnXkFtZTgwOTY4Mjc1MDE@._V1_SX300.jpg
194,https://m.media-amazon.com/images/M/MV5BMzgwMGQ1NjAtMWZmYi00NDRhLWFkN2EtN2FjNmFlYWRhNzliXkEyXkFqcGc@._V1_SX300.jpg
195,https://m.media-amazon.com/images/M/MV5BMjhlMjc5NzItMTJhNS00NTk5LTgxZDMtNWM1NzcwMDhmMDRmXkEyXkFqcGc@._V1_SX300.jpg
196,https://m.media-amazon.com/images/M/MV5BMjEzOTkxNTcyM15BMl5BanBnXkFtZTcwOTk0MjI3NA@@._V1_SX300.jpg
198,https://m.media-amazon.com/images/M/MV5BNzk1NGY4ZGUtYzllYy00ODM0LTljNmItYTY5NGI4YWQxNTQxXkEyXkFqcGc@._V1_SX300.jpg
199,https://m.media-amazon.com/images/M/MV5BNmY3NWE5YWYtMGFkNC00Y2JhLWI5MTYtMTA0OWE5NjZlNGY4XkEyXkFqcGc@._V1_SX300.jpg
201,https://m.media-amazon.com/images/M/MV5BY2JjOTA4ODYtNGJmOC00ODg0LWFkNWMtMWRkY2MxNGQzZWU5XkEyXkFqcGc@._V1_SX300.jpg
202,https://m.media-amazon.com/images/M/MV5BODIxZmZmOTAtODUwYi00YjJlLTllOTMtMGM1NzQ4ZTdjZGE2XkEyXkFqcGc@._V1_SX300.jpg
203,https://m.media-amazon.com/images/M/MV5BZWZjMmVhNzAtYTBmMi00YTUyLTkzMmItZGVhY2RiMmNhN2ZkXkEyXkFqcGc@._V1_SX300.jpg
204,https://m.media-amazon.com/images/M/MV5BN2YwOGZiYmUtZjUxMy00YWE5LWEwOGMtYmVjM2QyODFkN2I1XkEyXkFqcGc@._V1_SX300.jpg
205,https://m.media-amazon.com/images/M/MV5BMTdmNTIxZTUtMTMxYS00MDg0LWI5MTEtYTY5MDJkMjUyOWQ1XkEyXkFqcGc@._V1_SX300.jpg
206,https://m.media-amazon.com/images/M/MV5BNjU0NzFiNTgtNWNhMS00MWIzLWFiMDMtMDQ1ODZjZDAyN2VhL2ltYWdlXkEyXkFqcGdeQXVyMjM5NDQzNTk@._V1_SX300.jpg
207,https://m.media-amazon.com/images/M/MV5BYWQxZmUzZjItMTRlNi00MzE3LTg1ZjEtOWZhMzkxMTgyMDAyXkEyXkFqcGc@._V1_SX300.jpg
208,https://m.media-amazon.com/images/M/MV5BMjI5ZmQ3NTAtNWVhMi00ZmI2LTg3YTMtN2Q1MmNjYzMwZGI1XkEyXkFqcGc@._V1_SX300.jpg
209,https://m.media-amazon.com/images/M/MV5BN2FmZjFjNDAtODI2Zi00YmQxLTkxZDMtZjcxYzQ1NmQyZmFiXkEyXkFqcGc@._V1_SX300.jpg
210,https://m.media-amazon.com/images/M/MV5BMjI0MjI4NDkyOF5BMl5BanBnXkFtZTcwNzQ0NTg3NA@@._V1_SX300.jpg
211,https://m.media-amazon.com/images/M/MV5BNTNkZjlkNmQtYTM2Yy00ODBjLTk4MmItNWNlMWNjMzZhZGU5XkEyXkFqcGc@._V1_SX300.jpg
212,https://m.media-amazon.com/images/M/MV5BNGZmOTc4MGUtMWI2ZS00ZGVkLWIwNmUtYmZmYTQ1NGY1Y2E0XkEyXkFqcGc@._V1_SX300.jpg
213,https://m.media-amazon.com/images/M/MV5BNjlkMjJmODMtNzcwZi00YWVkLWIxNmQtNjk3ZTIyMTJiNjI2XkEyXkFqcGc@._V1_SX300.jpg
214,https://m.media-amazon.com/images/M/MV5BNmYwMmU4ZGQtMjA0YS00NjQ2LThlMzMtNzQ5NTEwNjA5MmJlXkEyXkFqcGc@._V1_SX300.jpg
215,https://m.media-amazon.com/images/M/MV5BZDZhZmI1ZTUtYWI3NC00NTMwLTk3NWMtNDc0OGNjM2I0ZjlmXkEyXkFqcGc@._V1_SX300.jpg
216,https://m.media-amazon.com/images/M/MV5BY2Y2ODczY2YtZTQ4NS00NWQxLTlhZWMtZWY4M2IyMmJhZGI1XkEyXkFqcGc@._V1_SX300.jpg
217,https://m.media-amazon.com/images/M/MV5BMTY4NjgxOTI5M15BMl5BanBnXkFtZTcwNDYyNDk5MQ@@._V1_SX300.jpg
218,https://m.media-amazon.com/images/M/MV5BMDNiZDAxNjgtMzY1Ni00ZWEyLTk2ZDYtOTI4MGUxZmFiMGE4XkEyXkFqcGc@._V1_SX300.jpg
219,https://m.media-amazon.com/images/M/MV5BOTkzNjI3MWUtM2RhYi00YzliLWI2YmUtMWM3MjVhZjgwOGE2XkEyXkFqcGc@._V1_SX300.jpg
220,https://m.media-amazon.com/images/M/MV5BMTJlOGEzNTctMTk2My00YWQwLWI2MzMtMjMxNTBmZDY4MWE0XkEyXkFqcGdeQXVyMTQxNzMzNDI@._V1_SX300.jpg
222,https://m.media-amazon.com/images/M/MV5BYjRhYzkyNjctYjFhYi00ZTg4LTg1MWUtMTZkMDM2N2JmM2Q2XkEyXkFqcGc@._V1_SX300.jpg
223,https://m.media-amazon.com/images/M/MV5BYzcwZTU5NzMtMGIxYi00NjRhLThkYTItNjhlYWQ0MjdhYWFmXkEyXkFqcGc@._V1_SX300.jpg
224,https://m.media-amazon.com/images/M/MV5BMTFjOWJhYjUtNjllYi00MDdkLWJjYTMtNTNlNjJlMDVmZGJlXkEyXkFqcGc@._V1_SX300.jpg
225,https://m.media-amazon.com/images/M/MV5BYmRlNTA4NGQtOTFlYy00NDk5LWEzOWYtNjMyMjI3NDdlNjRmXkEyXkFqcGc@._V1_SX300.jpg
227,https://m.media-amazon.com/images/M/MV5BOThiNGQxNjAtNDQ1NC00YWQ0LTliMjktYzc3MTU2ZmI0NjMzXkEyXkFqcGc@._V1_SX300.jpg
228,https://m.media-amazon.com/images/M/MV5BYzMwZmZmNGYtNDNiZC00OWE2LTljZWQtMTFjNjk1Y2M2ZWFjXkEyXkFqcGc@._V1_SX300.jpg
229,https://m.media-amazon.com/images/M/MV5BOTdjZjZhYWEtYzIwMi00Y2ZjLThhNWYtNDg2ZDRiZDhiZDExXkEyXkFqcGc@._V1_SX300.jpg
230,https://m.media-amazon.com/images/M/MV5BYzYxMGVlMTktNWMyNS00YmQwLThmMzAtYmI0NGJkMGI4YzlkXkEyXkFqcGc@._V1_SX300.jpg
231,https://m.media-amazon.com/images/M/MV5BNGQxZDA1MmMtYWQ1Ni00NTJmLTljMjgtZWVmODllODVhMzgyXkEyXkFqcGc@._V1_SX300.jpg
232,https://m.media-amazon.com/images/M/MV5BYmZjMDNiOTgtYjBjMi00OWU0LThkYTAtNjgyOTliNTgzN2M3XkEyXkFqcGc@._V1_SX300.jpg
233,https://m.media-amazon.com/images/M/MV5BNmIwZWQxMWUtMDllZi00ZmY5LTkwY2ItNjRkNThhNWZiZjgzXkEyXkFqcGc@._V1_SX300.jpg
234,https://m.media-amazon.com/images/M/MV5BNWE5Mjk5MDEtNGVkNy00ZTE0LTk4YjEtZjlkZGUzMTQ2M2YwXkEyXkFqcGc@._V1_SX300.jpg
235,https://m.media-amazon.com/images/M/MV5BOWU4NzlkZGEtODNmYi00YTVhLWJhYjAtZjBkN2Q1Y2U5NjE4XkEyXkFqcGc@._V1_SX300.jpg
236,https://m.media-amazon.com/images/M/MV5BMTkzMjg5MDQ3M15BMl5BanBnXkFtZTgwOTM5NTE0MDE@._V1_SX300.jpg
237,https://m.media-amazon.com/images/M/MV5BZGJhNjAwODgtYzk3OS00MmYyLWJmMWUtMGE1MTE5YjA5YjAzXkEyXkFqcGc@._V1_SX300.jpg
238,https://m.media-amazon.com/images/M/MV5BNGM1NGQ2NDgtOWU4ZS00MjMxLWEzZmItZDUzMDA1OTZmOTI5XkEyXkFqcGc@._V1_SX300.jpg
239,https://m.media-amazon.com/images/M/MV5BY2Q0OTFmMWMtMjEyNC00YWE3LTg1MGEtM2JmZGFlM2E1YWMzXkEyXkFqcGc@._V1_SX300.jpg
240,https://m.media-amazon.com/images/M/MV5BOGY1ZmYzZmUtOGIwYi00NTU4LWFjNTAtMTFkMWRjMjRlYTA3XkEyXkFqcGc@._V1_SX300.jpg
241,https://m.media-amazon.com/images/M/MV5BZDI2YTA0YTctYzZiNS00NTU5LWFlMzctZmM0ZTQ2MzU4MTAyXkEyXkFqcGc@._V1_SX300.jpg
242,https://m.media-amazon.com/images/M/MV5BYmI2NmUzN2UtMTRiOS00ODBhLTlkN2QtNTcwYjgxMDZmMjY4XkEyXkFqcGc@._V1_SX300.jpg
243,https://m.media-amazon.com/images/M/MV5BOTRlZTk4NzYtNmRlNi00ZTFjLWExOGEtYTlkMDc4ZDdhNGE3XkEyXkFqcGc@._V1_SX300.jpg
246,https://m.media-amazon.com/images/M/MV5BOGQ0NDdmZjUtYWY5OC00MDQzLThjNTgtZjc5ZTVmNGNhMmI2XkEyXkFqcGc@._V1_SX300.jpg
247,https://m.media-amazon.com/images/M/MV5BMjY2OTgyMjMtZGEwYy00NGNjLTg3NmQtNzBmMDRkZmRiYzlhXkEyXkFqcGc@._V1_SX300.jpg
248,https://m.media-amazon.com/images/M/MV5BMDgyNDBlODAtOTE3My00YTM4LTg0OGEtNmQzZDg2MjZkMGQxXkEyXkFqcGc@._V1_SX300.jpg
249,https://m.media-amazon.com/images/M/MV5BYTcyZjIyMjEtZTk0OC00ZTM1LTg3YjctY2I3ZThiMWE5YzczXkEyXkFqcGc@._V1_SX300.jpg
250,https://m.media-amazon.com/images/M/MV5BYjVmZDg0OTAtN2QwZC00NmI0LTllY2QtOWFlOThlODdkZGIwXkEyXkFqcGc@._V1_SX300.jpg
251,https://m.media-amazon.com/images/M/MV5BNjgwNzQ5ZGEtZjE3MS00MmYwLWEzOTMtNTRjNmE5N2NjZTNiXkEyXkFqcGc@._V1_SX300.jpg
252,https://m.media-amazon.com/images/M/MV5BMDkyZmFiNmQtNWY1YS00N2MxLWJkMDItNWI5ODIxNWY1M2FiXkEyXkFqcGc@._V1_SX300.jpg
253,https://m.media-amazon.com/images/M/MV5BYzJlN2NiZDQtZmI4NC00ZWFiLWFmMTUtMWM4ODVlOGFlODY1XkEyXkFqcGc@._V1_SX300.jpg
254,https://m.media-amazon.com/images/M/MV5BOTk5YjcwZmUtMzVkYi00YjI0LTliZTktZjQyMWNlZDgyZmM0XkEyXkFqcGc@._V1_SX300.jpg
255,https://m.media-amazon.com/images/M/MV5BZTYwNWJjMDEtMjQ0Zi00NDk5LTgwMzItNjljOWU1N2UzYTEzXkEyXkFqcGc@._V1_SX300.jpg
256,https://m.media-amazon.com/images/M/MV5BYmY3YWMyMWYtN2UyYS00YjgwLWEyOTktMmNjY2JiN2MyNWY5XkEyXkFqcGc@._V1_SX300.jpg
257,https://m.media-amazon.com/images/M/MV5BYzJkYjFhZmMtMDZiZi00YjE0LTlhZTAtZGUyNGFkOWVhODk3XkEyXkFqcGc@._V1_SX300.jpg
258,https://m.media-amazon.com/images/M/MV5BZTc5N2ZiNWMtOWUyZi00Y2I0LThlZDctNzdkYWFkNmViNDgzXkEyXkFqcGc@._V1_SX300.jpg
259,https://m.media-amazon.com/images/M/MV5BNWYxNGZjMDgtOWRjMC00NTYwLWIwZjAtNjJlYmQ3MmZmOWQzXkEyXkFqcGc@._V1_SX300.jpg
260,https://m.media-amazon.com/images/M/MV5BOGUwMDk0Y2MtNjBlNi00NmRiLTk2MWYtMGMyMDlhYmI4ZDBjXkEyXkFqcGc@._V1_SX300.jpg
261,https://m.media-amazon.com/images/M/MV5BNjk0MGY3Y2ItMDQzMy00MGNlLThmOWMtNzE3N2ZhMTQ2YTkwXkEyXkFqcGc@._V1_SX300.jpg
262,https://m.media-amazon.com/images/M/MV5BY2VjODg3MDEtOWZkYi00ZTEwLTllZGItZDc3N2I4MWIwODI3XkEyXkFqcGc@._V1_SX300.jpg
263,https://m.media-amazon.com/images/M/MV5BMTAzYmFlYTktNjA4Yi00NDAxLTljNzgtMmNhM2IwZWViNzJmXkEyXkFqcGc@._V1_SX300.jpg
265,https://m.media-amazon.com/images/M/MV5BOTQ0ZjdjYjgtYzhiYS00YTFiLWJmMTMtNDMyZWNhOTcwNTkxXkEyXkFqcGc@._V1_SX300.jpg
266,https://m.media-amazon.com/images/M/MV5BMzFlMjE3NjYtYjIwMC00YTVhLWJlOWMtZjM1NDdmMTk1OGRlXkEyXkFqcGc@._V1_SX300.jpg
267,https://m.media-amazon.com/images/M/MV5BMTg1OWRlM2ItYzljMy00ZGQ0LWE0OTYtYWRmOGUyNDYzZTIxXkEyXkFqcGc@._V1_SX300.jpg
269,https://m.media-amazon.com/images/M/MV5BZjE0MzQ1MTItNWNmMC00ZTEzLWIyZTAtODM5ODZmYzFiZGM0XkEyXkFqcGc@._V1_SX300.jpg
270,https://m.media-amazon.com/images/M/MV5BNmU3OGYxZjMtMWIwMy00ZjdmLTg5MWItNjA5NmRlMTdmMTQ4XkEyXkFqcGc@._V1_SX300.jpg
271,https://m.media-amazon.com/images/M/MV5BMmMxZjhlODYtN2JhNy00YmI5LTg4ODAtZjBlOGQ0MmU1ODFjXkEyXkFqcGc@._V1_SX300.jpg
272,https://m.media-amazon.com/images/M/MV5BOWYyMDcyZDUtMzQ0ZC00ZDllLWI1MTMtZjM0M2I5N2JhNDgzXkEyXkFqcGc@._V1_SX300.jpg
273,https://m.media-amazon.com/images/M/MV5BMGQ2MWNjYWMtYmUxMy00MmMzLThhOTktMTc4MjRiOTM0N2VmXkEyXkFqcGc@._V1_SX300.jpg
274,https://m.media-amazon.com/images/M/MV5BOTQ4OGVlYTgtNWRkNi00ZjQ2LTlmODQtMDg3NzIxMmM5N2JmXkEyXkFqcGc@._V1_SX300.jpg
275,https://m.media-amazon.com/images/M/MV5BNTFjZWNlN2EtMDNhNC00MTBkLWI3ZTUtMjZiM2VkNGRlMTJkXkEyXkFqcGc@._V1_SX300.jpg
276,https://m.media-amazon.com/images/M/MV5BZmY0MjcyZTEtZjMwYi00OTU2LWFiMTgtYjUxMTNmNTBlNjllXkEyXkFqcGc@._V1_SX300.jpg
277,https://m.media-amazon.com/images/M/MV5BMzA2YjU3NjUtZDNiOS00ZjY2LThjOTYtYjQ1MGM4MTk4YzZjXkEyXkFqcGc@._V1_SX300.jpg
278,https://m.media-amazon.com/images/M/MV5BZjU1YWRmNjktMzFmYi00ZDUyLWI2Y2EtZTM4NTU2ZGZlOTI4XkEyXkFqcGc@._V1_SX300.jpg
279,https://m.media-amazon.com/images/M/MV5BOTA5NzYzMzgtNTQ1ZC00NzU1LTg5YzYtYjMxZWRjYTAzZjc1XkEyXkFqcGc@._V1_SX300.jpg
280,https://m.media-amazon.com/images/M/MV5BYjY0NTZjNzgtMjU1Mi00Nzk5LTg1MmQtODRjMTEyYTFhZTAxXkEyXkFqcGc@._V1_SX300.jpg
281,https://m.media-amazon.com/images/M/MV5BNmNmYWYwZTctM2QzYS00Y2JlLTkyODgtYmVlNmRhNGE3YWJkXkEyXkFqcGc@._V1_SX300.jpg
282,https://m.media-amazon.com/images/M/MV5BNTkxY2NkMmItOTNmNy00NGU0LTlhM2UtOGQwNDhmNTBmNzQ3XkEyXkFqcGc@._V1_SX300.jpg
283,https://m.media-amazon.com/images/M/MV5BZDE4MmMxODItMGM3MS00MWJlLWFiMTAtM2Y4NDY4ZmM5OWRlXkEyXkFqcGc@._V1_SX300.jpg
284,https://m.media-amazon.com/images/M/MV5BMzgxNDI5ZTgtMTJjNS00NzYwLWI1MzgtMjM5NjVmMTQyNGVkXkEyXkFqcGc@._V1_SX300.jpg
285,https://m.media-amazon.com/images/M/MV5BZTcwZTM4NTQtNWE2Ni00OTVkLWIwNjctZWUzNGE3N2EyODUwXkEyXkFqcGc@._V1_SX300.jpg
287,https://m.media-amazon.com/images/M/MV5BODk1MWYwYWEtODQ3OS00OTI5LWJkYTktZTk5MTAyYWY3ZDA1XkEyXkFqcGc@._V1_SX300.jpg
288,https://m.media-amazon.com/images/M/MV5BNTlmYjkxNzYtYWMwMC00NTNhLWExZjEtNmUwMzlmYWJhOGFjXkEyXkFqcGc@._V1_SX300.jpg
289,https://m.media-amazon.com/images/M/MV5BNzg3NjFkNjgtNDZkNy00MDBiLTg3ZTYtZmI2NGY3NzEyY2IzXkEyXkFqcGc@._V1_SX300.jpg
290,https://m.media-amazon.com/images/M/MV5BOTdjYzZiZjMtMzk1MC00MDczLWIxNWEtMjk1ZDMxMzNlZDE2XkEyXkFqcGc@._V1_SX300.jpg
291,https://m.media-amazon.com/images/M/MV5BN2IzZmIzZmMtOGM2NC00MmU3LThmMzAtNGZmYzk4OGRkYWE2XkEyXkFqcGdeQXVyNjQ2MjQ5NzM@._V1_SX300.jpg
292,https://m.media-amazon.com/images/M/MV5BNGYxY2Q0YzUtMmE3OS00ZmQ5LWFiOGUtZDZmNTJlM2YyZjJmXkEyXkFqcGc@._V1_SX300.jpg
293,https://m.media-amazon.com/images/M/MV5BNGRkYTNhOWQtYmI0Ni00MjZhLWJmMzAtMTA2Mjg4NGNiNDU0XkEyXkFqcGc@._V1_SX300.jpg
294,https://m.media-amazon.com/images/M/MV5BYTM2OGQ3NWYtMWZjZC00MDI1LThmN2YtMDM1MzIwYzkyZWI3XkEyXkFqcGc@._V1_SX300.jpg
295,https://m.media-amazon.com/images/M/MV5BMzQxMDc4YWUtM2I1NC00NDYzLThmNTItZTA2OGFhMDY0Y2FlXkEyXkFqcGc@._V1_SX300.jpg
296,https://m.media-amazon.com/images/M/MV5BYTViYTE3ZGQtNDBlMC00ZTAyLTkyODMtZGRiZDg0MjA2YThkXkEyXkFqcGc@._V1_SX300.jpg
298,https://m.media-amazon.com/images/M/MV5BNTIxZWVkOWEtNWIxMi00YmY2LWJiNTYtYjdlMTRjZDdmMTVmXkEyXkFqcGc@._V1_SX300.jpg
299,https://m.media-amazon.com/images/M/MV5BM2FlZTliMTctNjg5ZC00ZGY0LThkMjItNGMyY2MzNTkyOGYxXkEyXkFqcGc@._V1_SX300.jpg
300,https://m.media-amazon.com/images/M/MV5BYzYyMjAzN2YtYTJiNC00MDhhLWE0MmUtZTE0ZmUxODU3MzkyXkEyXkFqcGc@._V1_SX300.jpg
301,https://m.media-amazon.com/images/M/MV5BMDZjNjU4YmItY2M5MC00ZDAzLTgyMmEtNGY3NWQ5OTlhODRjXkEyXkFqcGc@._V1_SX300.jpg
302,https://m.media-amazon.com/images/M/MV5BYjhmYzJlZTgtY2NmOC00MjYyLWJlODItNDBjMmM4ODA5N2YyXkEyXkFqcGc@._V1_SX300.jpg
303,https://m.media-amazon.com/images/M/MV5BZGRlZTJmNTEtMzE3Yi00YTAwLWIyMjgtODU4NTExNjFmOTQwXkEyXkFqcGc@._V1_SX300.jpg
304,https://m.media-amazon.com/images/M/MV5BYTQwNzdmZWYtMTg2Ny00MWZiLTg0M2UtYzYwMTM4YzgyZmY4XkEyXkFqcGc@._V1_SX300.jpg
305,https://m.media-amazon.com/images/M/MV5BYmZkOWZlYTctY2FlYi00YWU2LWJkYjAtOWNhYzM0ZjVmMTA1XkEyXkFqcGc@._V1_SX300.jpg
306,https://m.media-amazon.com/images/M/MV5BMTQ0YTQyYzItNGEzMi00NmI4LWJkOTMtOWMyMjAwMWEzYTZhXkEyXkFqcGc@._V1_SX300.jpg
307,https://m.media-amazon.com/images/M/MV5BNWMxNWE2NGYtMzYwOS00NmJhLTgwNjAtNGM3ODIwNjU5MTZiXkEyXkFqcGc@._V1_SX300.jpg
308,https://m.media-amazon.com/images/M/MV5BMWUyMWJiYTEtNmIzYi00OTYxLTlkYjEtMGFjMjY3NDc5Mjk0XkEyXkFqcGc@._V1_SX300.jpg
310,https://m.media-amazon.com/images/M/MV5BMjYwMzA3Njg2MF5BMl5BanBnXkFtZTcwOTI1NDMzMQ@@._V1_SX300.jpg
311,https://m.media-amazon.com/images/M/MV5BYTAyMDBkYTgtNzNhOC00ZWFmLWFlYjEtMzA0MGY4MDEwZjM2XkEyXkFqcGdeQXVyMzU0NzkwMDg@._V1_SX300.jpg
312,https://m.media-amazon.com/images/M/MV5BMzY0MDRkYTgtYjgyOC00MDk0LTgyMjAtNDA0NGFiYTgyYjE4XkEyXkFqcGc@._V1_SX300.jpg
313,https://m.media-amazon.com/images/M/MV5BMjU3NGY2MTktZjkzOC00YTQyLTkxOTUtYmZiZjZkNzJjNzg0XkEyXkFqcGc@._V1_SX300.jpg
314,https://m.media-amazon.com/images/M/MV5BOGI2MjQwZTAtZDc4MS00MmQ5LWEyY2YtZmFiYTZiNWNiNmI5XkEyXkFqcGc@._V1_SX300.jpg
315,https://m.media-amazon.com/images/M/MV5BZTI4MTYxYzItNmMyOC00MzBmLTg4MmUtNjM1OTlhM2IzMTc1XkEyXkFqcGc@._V1_SX300.jpg
316,https://m.media-amazon.com/images/M/MV5BNGRmZmNhMTctZTBiMy00ZmJhLWE3MmMtMDNmZWRkZjczMGVkXkEyXkFqcGc@._V1_SX300.jpg
317,https://m.media-amazon.com/images/M/MV5BNTYwZWUxNmUtNzdmMS00MDBiLWFhN2EtNjBmYjM1ZWFiNDUzXkEyXkFqcGc@._V1_SX300.jpg
318,https://m.media-amazon.com/images/M/MV5BMDAyY2FhYjctNDc5OS00MDNlLThiMGUtY2UxYWVkNGY2ZjljXkEyXkFqcGc@._V1_SX300.jpg
319,https://m.media-amazon.com/images/M/MV5BZjgyZDcwOGYtZDVmMi00NWY0LWI0NDUtMGFiMzA1YjRlMjZlXkEyXkFqcGc@._V1_SX300.jpg
320,https://m.media-amazon.com/images/M/MV5BOTc0ODlkMzEtNjE5My00ODA2LTg5ZjMtYWFjOTE1ZmNmMzk0XkEyXkFqcGdeQXVyMTQxNzMzNDI@._V1_SX300.jpg
321,https://m.media-amazon.com/images/M/MV5BNTNmMmRmZDMtYmViZC00YjBhLTgwZWMtODY3M2U2ZDE5NDYzXkEyXkFqcGc@._V1_SX300.jpg
322,https://m.media-amazon.com/images/M/MV5BOTVjYWM1MWItMzhhMi00OWVhLTlhNTUtZWNiMzcxMzQyOGY2XkEyXkFqcGc@._V1_SX300.jpg
324,https://m.media-amazon.com/images/M/MV5BNTMzYWJjYjUtY2I0MS00YzJjLWIxYjEtYTRjNWM2MTQxOWQwXkEyXkFqcGc@._V1_SX300.jpg
325,https://m.media-amazon.com/images/M/MV5BOGJiNGU2ZmItYmJiZi00MGI2LWFiMjAtNDhiNDQ3ODY5ZDg0XkEyXkFqcGc@._V1_SX300.jpg
326,https://m.media-amazon.com/images/M/MV5BMjZlNzNmMTktNzQzZC00YWI2LTkyMmYtMGYwZjhjNzA0MDU0XkEyXkFqcGc@._V1_SX300.jpg
327,https://m.media-amazon.com/images/M/MV5BYjAwYjZmMGEtZmE4ZS00ZmViLWEzNWMtNGFiM2UyOGI5NmMxXkEyXkFqcGc@._V1_SX300.jpg
328,https://m.media-amazon.com/images/M/MV5BNjY0ZGJkYjYtOTI4Ni00MzJiLTg2OWItMmJmNWMxODIzOTM5XkEyXkFqcGc@._V1_SX300.jpg
329,https://m.media-amazon.com/images/M/MV5BNDFjYmFmNmItODM5Ny00YzhlLWEzNjEtNTBlNjRiN2RlYTRhXkEyXkFqcGc@._V1_SX300.jpg
330,https://m.media-amazon.com/images/M/MV5BNjE3YmQ4ZjMtYTQwNC00NzcxLThkOGUtZTNhMzJhZDg2MGEyXkEyXkFqcGc@._V1_SX300.jpg
331,https://m.media-amazon.com/images/M/MV5BYjQyZjNmNmEtYzcwYS00MDYzLTg4ZDYtY2VjMTg1MDFmNzU1XkEyXkFqcGc@._V1_SX300.jpg
332,https://m.media-amazon.com/images/M/MV5BZjU0ZDMyOTgtNWU0YS00MjFmLWJjOTEtYjViMDI1NWUyMGE5XkEyXkFqcGc@._V1_SX300.jpg
333,https://m.media-amazon.com/images/M/MV5BMWMwOWU4NmYtZmU2Ny00MjM0LWI4NmQtN2YwNzdhYTI1MmFlXkEyXkFqcGc@._V1_SX300.jpg
334,https://m.media-amazon.com/images/M/MV5BOWZiODg0NmMtYWJlYi00MTZkLWFmMmEtYjMxYmU0MWRkOTIyXkEyXkFqcGc@._V1_SX300.jpg
335,https://m.media-amazon.com/images/M/MV5BOWZmMzA1YzctM2VkZS00OTcwLTk5NWYtYjFjMjVkOGJkM2Q1XkEyXkFqcGc@._V1_SX300.jpg
336,https://m.media-amazon.com/images/M/MV5BNWNiMGQ2YWEtOWE4OC00NWVkLTg5Y2MtYzRjNGE5YjA2NWY0XkEyXkFqcGc@._V1_SX300.jpg
337,https://m.media-amazon.com/images/M/MV5BNWM5NWI1OTQtMTJiOS00ZDMxLWE1ODQtZjQ4MDc4OGE4ZjQyXkEyXkFqcGc@._V1_SX300.jpg
338,https://m.media-amazon.com/images/M/MV5BYzUwM2NkYzctYzUzOC00NGE5LTgyNWYtZmQ1MmI4MWVjZGUxXkEyXkFqcGc@._V1_SX300.jpg
339,https://m.media-amazon.com/images/M/MV5BZTJmOWIzY2YtYmE2ZC00NDRiLWIzYmMtNTkyNmNlMTA0N2NkXkEyXkFqcGc@._V1_SX300.jpg
340,https://m.media-amazon.com/images/M/MV5BYWE0ZDE1MGItYjE0YS00NmMwLWExNDEtNTlmNjAzYTE1YTYwXkEyXkFqcGc@._V1_SX300.jpg
341,https://m.media-amazon.com/images/M/MV5BYjYwZGJhZDQtOWYzOC00NzA1LTgwZWMtNmU4MWQwMGQ3NGE3XkEyXkFqcGc@._V1_SX300.jpg
342,https://m.media-amazon.com/images/M/MV5BOGJkMmUwODMtZGU0Yi00YWRiLThlZGEtMTg2YTVkODcwZDQxXkEyXkFqcGc@._V1_SX300.jpg
343,https://m.media-amazon.com/images/M/MV5BZDU5YmI0ZDctZGJjZS00Zjk1LTliZDEtZTk5ZGE3ODgyM2ZlXkEyXkFqcGc@._V1_SX300.jpg
344,https://m.media-amazon.com/images/M/MV5BOWU1M2Q5MDgtOTkxZS00NjdmLWFlNWEtOGEyOTNlNGYyYTZlXkEyXkFqcGc@._V1_SX300.jpg
345,https://m.media-amazon.com/images/M/MV5BMTc5MDU1NzcyN15BMl5BanBnXkFtZTcwMDA0ODYyNA@@._V1_SX300.jpg
346,https://m.media-amazon.com/images/M/MV5BMzRiODVhZmQtNzk5NS00Yzk0LWExNjMtZDFhZDIzYzI1ODNiXkEyXkFqcGc@._V1_SX300.jpg
347,https://m.media-amazon.com/images/M/MV5BMDEwOWE1ZGItYTg4Ny00MTlmLTgwZDEtMTRlY2QyODkzNTk4XkEyXkFqcGc@._V1_SX300.jpg
348,https://m.media-amazon.com/images/M/MV5BNjIxNzYzOTMtNThmMy00ZjU0LTlhN2UtYzU4MmUxNjRhYjI1XkEyXkFqcGc@._V1_SX300.jpg
349,https://m.media-amazon.com/images/M/MV5BZmRhZWJhZTctZjE4OS00NzM0LWIyYzEtNTM2MDgyY2MwNTQzXkEyXkFqcGc@._V1_SX300.jpg
350,https://m.media-amazon.com/images/M/MV5BNWQzNGEyODctZGY4My00ZjA3LWI0OWUtMWQ3NzVkMzQyN2ZjXkEyXkFqcGc@._V1_SX300.jpg
351,https://m.media-amazon.com/images/M/MV5BZGIzMGE0MjAtOTc2Ny00NTA4LWE2YTQtYzRlYjNlNzE4ODRhXkEyXkFqcGc@._V1_SX300.jpg
352,https://m.media-amazon.com/images/M/MV5BZWE2NDNhNjQtOGExMC00MWQ1LTg2N2UtNGZjYzVjNWZiYjkzXkEyXkFqcGc@._V1_SX300.jpg
353,https://m.media-amazon.com/images/M/MV5BOTBiNzhkZTItZWUwZS00YTJkLTg0YTEtN2I0ZDI5ODI2MWFjXkEyXkFqcGc@._V1_SX300.jpg
354,https://m.media-amazon.com/images/M/MV5BYWJjNjExY2QtMGM5MC00NTYyLTk1NDgtOGI4ZTg1NTQ3ZTJhXkEyXkFqcGc@._V1_SX300.jpg
355,https://m.media-amazon.com/images/M/MV5BZmQwYjljNjUtYjA0NC00MTEyLWE0YmItNGViNGU5ZDEzMWRiXkEyXkFqcGc@._V1_SX300.jpg
356,https://m.media-amazon.com/images/M/MV5BNDYwNzVjMTItZmU5YS00YjQ5LTljYjgtMjY2NDVmYWMyNWFmXkEyXkFqcGc@._V1_SX300.jpg
357,https://m.media-amazon.com/images/M/MV5BMTMyNzg2NzgxNV5BMl5BanBnXkFtZTcwMTcxNzczNA@@._V1_SX300.jpg
358,https://m.media-amazon.com/images/M/MV5BOTkzMmJiOTEtZDU1MC00NjQzLTk1OTQtOTQzNDVkMjYwNWQ3XkEyXkFqcGc@._V1_SX300.jpg
359,https://m.media-amazon.com/images/M/MV5BZjRkNjJkNmItZTkwZC00NDI1LTg1NWItY2E5NTg4MmFkZjAxXkEyXkFqcGdeQXVyNjMwMjk0MTQ@._V1_SX300.jpg
360,https://m.media-amazon.com/images/M/MV5BOTFlZWEzM2QtN2NhYy00NjY4LWFkZWEtYWM1MWI2ZGM3NDhkXkEyXkFqcGc@._V1_SX300.jpg
361,https://m.media-amazon.com/images/M/MV5BZDAxZTM1MGMtZmE1ZC00ZjliLTgwNzYtMThmY2E5NmUxZTA2XkEyXkFqcGc@._V1_SX300.jpg
362,https://m.media-amazon.com/images/M/MV5BNTk3M2NmNTItNDYwNy00MzRlLWI5M2UtZmYwODA2NTExZDRlXkEyXkFqcGc@._V1_SX300.jpg
363,https://m.media-amazon.com/images/M/MV5BNDlmOWUzMjMtNWQ1MC00NTVjLTgyMzItMzcxYzcxNzhkNjExXkEyXkFqcGc@._V1_SX300.jpg
364,https://m.media-amazon.com/images/M/MV5BZGRiZDZhZjItM2M3ZC00Y2IyLTk3Y2MtMWY5YjliNDFkZTJlXkEyXkFqcGc@._V1_SX300.jpg
365,https://m.media-amazon.com/images/M/MV5BYjE4NGViMjktZWNlYS00ZjFiLTgxNTMtYjM3YTMzM2I2NDBlXkEyXkFqcGc@._V1_SX300.jpg
366,https://m.media-amazon.com/images/M/MV5BMDgxY2MzYjctYWJlOS00OWU4LWEzYTAtOGFmYTIzNmFjNGJiXkEyXkFqcGc@._V1_SX300.jpg
367,https://m.media-amazon.com/images/M/MV5BNGNmNjI0ZmMtMzI5MC00ZjUyLWFlZDEtYjUyMGZlN2E3N2E2XkEyXkFqcGc@._V1_SX300.jpg
368,https://m.media-amazon.com/images/M/MV5BMjk5MzdhYWMtOWU3Yi00MTE5LWEyYTEtOGU5NWM0NWNmZDE1XkEyXkFqcGc@._V1_SX300.jpg
369,https://m.media-amazon.com/images/M/MV5BNjljYWFkY2EtMjI5ZS00OGI0LWIxYTQtNTM3NGVhNjA0NjNhXkEyXkFqcGc@._V1_SX300.jpg
370,https://m.media-amazon.com/images/M/MV5BM2ViYTFhMTktMjU0OC00ZWY3LWEzZDItMTExNDc2NDNjN2I3XkEyXkFqcGc@._V1_SX300.jpg
371,https://m.media-amazon.com/images/M/MV5BMmZmYzZiNTAtNWFlNy00ZjQxLTlhMDQtZmVmOGZhMmRlZDYyXkEyXkFqcGc@._V1_SX300.jpg
372,https://m.media-amazon.com/images/M/MV5BNmMwNWY5NTctYzUxNi00MTZkLWJhYWEtYjVkNDQ3ZTFiYjRlXkEyXkFqcGc@._V1_SX300.jpg
373,https://m.media-amazon.com/images/M/MV5BYjY2MzA5NWEtZmM5ZS00ZGYwLTg2NjItOWQyYTk5YTI4ZWM3XkEyXkFqcGc@._V1_SX300.jpg
374,https://m.media-amazon.com/images/M/MV5BZWEyNTYzNmMtMTFkNC00Zjk4LWI4MzUtMjAzMjZjOTJmMjVmXkEyXkFqcGc@._V1_SX300.jpg
376,https://m.media-amazon.com/images/M/MV5BMDYzNzEyYWYtZWNkYy00ZjVjLWI2ZjMtMjFjNGU3ZTZiNWQ0XkEyXkFqcGc@._V1_SX300.jpg
377,https://m.media-amazon.com/images/M/MV5BMDc2ODI5YWQtMmM2ZS00MTdmLWEyNWEtNmRmOGE5NGZlYWMzXkEyXkFqcGc@._V1_SX300.jpg
378,https://m.media-amazon.com/images/M/MV5BYzEwMjQxMWUtY2EwMy00Mzk4LThlMjAtYzY0ZTk0ZDQ2ZTBiXkEyXkFqcGc@._V1_SX300.jpg
379,https://m.media-amazon.com/images/M/MV5BMDdkOWRjYzktYTA3Ny00YWFkLWFkYTItNTE5ZDk2MDQxMjI3XkEyXkFqcGc@._V1_SX300.jpg
380,https://m.media-amazon.com/images/M/MV5BYjU1ZjNhMjMtOTMxZS00MDc1LTlkNzQtZTdjNGQyYjQ4YTA4XkEyXkFqcGc@._V1_SX300.jpg
381,https://m.media-amazon.com/images/M/MV5BZGQ0MzgyZjEtMmI1NC00ODk3LTk5YTktNGMxNzkxN2FhNWNmXkEyXkFqcGc@._V1_SX300.jpg
382,https://m.media-amazon.com/images/M/MV5BMjJkYmE5NjItMGMyNi00NjNmLTg3MDMtNzg5NWU4MmVhZmQ0XkEyXkFqcGc@._V1_SX300.jpg
383,https://m.media-amazon.com/images/M/MV5BNjQ5YzJmMjktMmYwNi00ZTU4LWFhMDgtZWRhZDAxZTA2MzIxXkEyXkFqcGc@._V1_SX300.jpg
384,https://m.media-amazon.com/images/M/MV5BYTNmYWJlYmYtYzlhNy00NzI5LWEyYjAtNTE1NzJlMGQ2OThiXkEyXkFqcGc@._V1_SX300.jpg
385,https://m.media-amazon.com/images/M/MV5BYzdlNTRiMzYtODI1OC00YmI4LThmMTktNTBjMGI0ODJlMjExXkEyXkFqcGdeQXVyMTcwOTQzOTYy._V1_SX300.jpg
386,https://m.media-amazon.com/images/M/MV5BYTBlNjc2NjUtY2RjMS00MDFlLWE1NjUtNjc0ZjA5YzBiZDI1XkEyXkFqcGc@._V1_SX300.jpg
387,https://m.media-amazon.com/images/M/MV5BNWUxMmY5YzItNzVkMy00NTVhLTliYmEtZjdhOWE4ZGM2OTU1XkEyXkFqcGc@._V1_SX300.jpg
388,https://m.media-amazon.com/images/M/MV5BMTM0ODA1MzEwM15BMl5BanBnXkFtZTcwNjQ3ODYxMQ@@._V1_SX300.jpg
389,https://m.media-amazon.com/images/M/MV5BMjY4MmMwYTMtYjBlYS00ZjRhLTkxNDAtY2RmZTQ2ZWRmYWIwXkEyXkFqcGc@._V1_SX300.jpg
390,https://m.media-amazon.com/images/M/MV5BMGUzNGU0NjAtNTcyMi00ZWNlLWJkZGYtNDdkN2I3ZTIyMGUzXkEyXkFqcGc@._V1_SX300.jpg
391,https://m.media-amazon.com/images/M/MV5BZWY1YjQ5NTMtNjE3MS00NzM4LTk1NTEtNDY4ZDA3OTA2NzA1XkEyXkFqcGc@._V1_SX300.jpg
393,https://m.media-amazon.com/images/M/MV5BMTliMDFmNDQtZjRlYS00MDE3LWJmOTktNjA0ZDUwZjcyNTdiXkEyXkFqcGc@._V1_SX300.jpg
405,https://m.media-amazon.com/images/M/MV5BNDdlYTMwYTMtYjA0Mi00M2ViLTk5ZjctOTE3N2U2MjgyODFjXkEyXkFqcGc@._V1_SX300.jpg
406,https://m.media-amazon.com/images/M/MV5BYWNkZTg5Y2EtNmE5Yi00YTI0LWFlNGEtNjhkN2I4NDU0NDlhXkEyXkFqcGdeQXVyNjMwMjk0MTQ@._V1_SX300.jpg
407,https://m.media-amazon.com/images/M/MV5BMmE2OTY3MWMtNTY5ZS00MGFhLWFhYzAtZWQ3MGMyY2M5MDRjXkEyXkFqcGc@._V1_SX300.jpg
408,https://m.media-amazon.com/images/M/MV5BYWE4YjZmYjctYzBkOS00NWYwLWJlZGMtM2I5ZjY5N2E1MTUxXkEyXkFqcGc@._V1_SX300.jpg
409,https://m.media-amazon.com/images/M/MV5BOWVkZTNmZDItMTdiOS00NTVmLTg4MzgtZjBkYjI2NjcwNTgyXkEyXkFqcGc@._V1_SX300.jpg
410,https://m.media-amazon.com/images/M/MV5BYWY3Y2ZkYjktZWYxMC00ZmZmLTgxNjYtYmMwYmU5OWJjMThjXkEyXkFqcGc@._V1_SX300.jpg
412,https://m.media-amazon.com/images/M/MV5BMzFkYjQzZjUtY2NjNi00ZDFkLWI4M2MtN2RjODQ0NDJkMWM0XkEyXkFqcGc@._V1_SX300.jpg
413,https://m.media-amazon.com/images/M/MV5BZmVkZjI2NWMtZGY5Mi00YTNjLTgwZDQtMzM4NDUzZGQ5YTFjXkEyXkFqcGc@._V1_SX300.jpg
414,https://m.media-amazon.com/images/M/MV5BNTE1NzU4ZTMtYmM3ZC00YTc3LTg2MjgtYjY1ZDBmYjgxMWFjXkEyXkFqcGc@._V1_SX300.jpg
415,https://m.media-amazon.com/images/M/MV5BZWQ4MDM1YTMtN2RiMS00OGU3LTgxOGItODk1NDQ2NTRkYWRiXkEyXkFqcGc@._V1_SX300.jpg
416,https://m.media-amazon.com/images/M/MV5BMmVlZWJkNmYtYjBjZS00ODJmLTgxZDItMjM3NTM2OTNlNDBmXkEyXkFqcGc@._V1_SX300.jpg
417,https://m.media-amazon.com/images/M/MV5BZGM3ZDI0M2UtYjA5Yi00NWZkLTkwNWItNTUxMzZkNjBmYTE4XkEyXkFqcGc@._V1_SX300.jpg
418,https://m.media-amazon.com/images/M/MV5BMmFkY2NiMGMtZTI0OC00ODM3LWExNTQtM2RmMzdiYjc1Nzg4XkEyXkFqcGc@._V1_SX300.jpg
419,https://m.media-amazon.com/images/M/MV5BNDY1ZTA4ZjYtYTQ4YS00M2U4LTljZjktNzA2NjYyNzY1ZWFkXkEyXkFqcGc@._V1_SX300.jpg
420,https://m.media-amazon.com/images/M/MV5BMGY2ZWQ2MDUtMzcyYS00ZDJmLThiNTUtOGM5MzM0NWMyNDY0XkEyXkFqcGc@._V1_SX300.jpg
421,https://m.media-amazon.com/images/M/MV5BY2JhNzY4MGItZGExOS00NjQ2LTljN2ItZjZjNTZmZGQ4NGQzXkEyXkFqcGc@._V1_SX300.jpg
422,https://m.media-amazon.com/images/M/MV5BNTFkNWZjODEtYWE5MS00NjVmLWEzZjAtOWYxMzY4YThjOGQwXkEyXkFqcGc@._V1_SX300.jpg
423,https://m.media-amazon.com/images/M/MV5BNTBhZjlkYzgtOGQxYi00NGIwLWJlNGYtMDlhY2YwOTc3OWZkXkEyXkFqcGc@._V1_SX300.jpg
424,https://m.media-amazon.com/images/M/MV5BYTIyNThiNjYtMzAzNi00ODVkLWExMWEtM2NjODVjODU4ZDQ1XkEyXkFqcGc@._V1_SX300.jpg
425,https://m.media-amazon.com/images/M/MV5BYjMxYTUyMGYtZWJjNS00NzI1LTkzOTItOTQ2YjU2OTc3NzA2XkEyXkFqcGc@._V1_SX300.jpg
426,https://m.media-amazon.com/images/M/MV5BNzdmNTViMGItZDEwYS00NGU3LWEwMDUtNTg2MWRhYzQwYmRlXkEyXkFqcGc@._V1_SX300.jpg
427,https://m.media-amazon.com/images/M/MV5BNzRiZDdiZWItMzZjNC00YTBkLTlhYjgtOGRmNjMyZmRmMzdlXkEyXkFqcGc@._V1_SX300.jpg
428,https://m.media-amazon.com/images/M/MV5BZTZiZWFjY2UtMDYzOS00N2JhLTk5YmYtMGQ1Yjk5ZWYzZjI4XkEyXkFqcGc@._V1_SX300.jpg
429,https://m.media-amazon.com/images/M/MV5BNzE3YzI1NDgtY2EzYy00ZDllLWI5OWUtYTc5NDQ3M2MzZmY1XkEyXkFqcGc@._V1_SX300.jpg
430,https://m.media-amazon.com/images/M/MV5BYzRhZjViZjctNzE4Zi00ZmQyLTk0ZGUtYmViZjdmYzM3ZjEyXkEyXkFqcGdeQXVyMTY5Nzc4MDY@._V1_SX300.jpg
431,https://m.media-amazon.com/images/M/MV5BZjMxOTgzNzMtZmZlNC00YTMyLThhZDEtZjc2MTY4ZDgxNjcwXkEyXkFqcGc@._V1_SX300.jpg
432,https://m.media-amazon.com/images/M/MV5BOWQ2MzVhNDUtM2Q1OS00MmU3LTg1ZWQtMzNiMmI4ZjZhMTk1XkEyXkFqcGc@._V1_SX300.jpg
433,https://m.media-amazon.com/images/M/MV5BMTE3ZTFmOTctZDc5Zi00NGM5LWI2OGItOWFjYjZlZDEyOTU4XkEyXkFqcGc@._V1_SX300.jpg
434,https://m.media-amazon.com/images/M/MV5BNGJkZmZlYTYtODQ1ZC00N2JiLWIxMWYtZTE4ZDMxZjQyZTAzXkEyXkFqcGc@._V1_SX300.jpg
435,https://m.media-amazon.com/images/M/MV5BOTE5NDNjOWUtMDhmZi00MTA2LWEzZWEtYjUxZWYxZGEzNjU4XkEyXkFqcGc@._V1_SX300.jpg
436,https://m.media-amazon.com/images/M/MV5BZWVmZTg3NGEtNTNmMi00ZTAyLTgzMjItOWIwMmIzZWIxODIwXkEyXkFqcGc@._V1_SX300.jpg
437,https://m.media-amazon.com/images/M/MV5BNDhlY2U0MzUtMGI0Mi00YjkxLWIxOGItM2Q0OGNkYTRmZDBkXkEyXkFqcGc@._V1_SX300.jpg
438,https://m.media-amazon.com/images/M/MV5BNmViNWVmNGEtZWFiZS00NDAzLWFlZjItYjhmMDJkODhlNjBjXkEyXkFqcGc@._V1_SX300.jpg
440,https://m.media-amazon.com/images/M/MV5BODI4ZDFmOTYtOTk5Yy00NTY5LTk3OGUtNmJkODNlMzdkNThkXkEyXkFqcGc@._V1_SX300.jpg
441,https://m.media-amazon.com/images/M/MV5BMTM5MDY5MDQyOV5BMl5BanBnXkFtZTgwMzM3NzMxMDE@._V1_SX300.jpg
442,https://m.media-amazon.com/images/M/MV5BNWY3ZThmN2QtMzVkNS00MjczLTllNDQtOGEwN2M0ZTFkMWMzXkEyXkFqcGc@._V1_SX300.jpg
444,https://m.media-amazon.com/images/M/MV5BODFjYzFkNGItYTNkOS00NjdlLTgwODEtNTBjNmU1N2MzYjE2XkEyXkFqcGc@._V1_SX300.jpg
445,https://m.media-amazon.com/images/M/MV5BYmZkODNiY2MtYjU2My00OTQ3LWJmNjItYjFiYzVjZWFmMjgxXkEyXkFqcGc@._V1_SX300.jpg
446,https://m.media-amazon.com/images/M/MV5BYjMzZjcwNzItNTYwZC00NzAxLWE3MmMtYmU3ZjdkMWMxNDMwXkEyXkFqcGc@._V1_SX300.jpg
448,https://m.media-amazon.com/images/M/MV5BZDUxNjU1MzgtNjVmNC00NWRkLWIzNjctOTM5OTQ1OTE3Yjg5XkEyXkFqcGc@._V1_SX300.jpg
449,https://m.media-amazon.com/images/M/MV5BODBjODE0M2ItYmJmYy00NDhiLTljOTUtMGM2MDNhYjc5NTFmXkEyXkFqcGc@._V1_SX300.jpg
450,https://m.media-amazon.com/images/M/MV5BMGJkZGJiOTUtODFlNi00NDM4LWFjNGQtODkwNmU5OWMzOWE1XkEyXkFqcGc@._V1_SX300.jpg
451,https://m.media-amazon.com/images/M/MV5BMzE5OTlmM2QtZjlhZS00ZjE2LTg2ZDUtMGNkODQwOWNlNGJiXkEyXkFqcGc@._V1_SX300.jpg
452,https://m.media-amazon.com/images/M/MV5BZWI5MWQzMDMtY2VkMC00Mjc4LWI3NTgtNzhiZjIzNDhiZDFiXkEyXkFqcGc@._V1_SX300.jpg
453,https://m.media-amazon.com/images/M/MV5BYjY0ODM4NDYtMDMyZi00OTk2LWFiNDItNWU0ZTM4NGMyMjJiXkEyXkFqcGc@._V1_SX300.jpg
454,https://m.media-amazon.com/images/M/MV5BMjE3ZDZkMWMtY2RkMC00YzJjLWFhYTUtYmRjMzAyMzEwZDE5XkEyXkFqcGc@._V1_SX300.jpg
455,https://m.media-amazon.com/images/M/MV5BNjY4NDJhOTMtZmVjMC00Njk5LThjOWItMjg4NDcxMmNkODM3XkEyXkFqcGc@._V1_SX300.jpg
456,https://m.media-amazon.com/images/M/MV5BNDBiMGM3OWYtMmFlOS00Y2RlLTg4YzQtZTA2MTYzNzY4MGY5XkEyXkFqcGc@._V1_SX300.jpg
457,https://m.media-amazon.com/images/M/MV5BM2RjMjEwODUtYTE4OC00MzhkLThjMjItZjYyZjk3YzA4YWUxXkEyXkFqcGc@._V1_SX300.jpg
458,https://m.media-amazon.com/images/M/MV5BOWFjMTk3MjItZWRlNS00ZmFiLWJhMWQtNmZhMzQ4MjkxMGI1XkEyXkFqcGc@._V1_SX300.jpg
459,https://m.media-amazon.com/images/M/MV5BNTE3NjE3M2ItMGQ5ZC00M2U0LTg3NmEtODU0YmUxNTc0OTI1XkEyXkFqcGc@._V1_SX300.jpg
460,https://m.media-amazon.com/images/M/MV5BYTA0ZWY4YzctMmQ2Ni00YzZlLThhYWUtMjE5YmFkZTVmMDI1XkEyXkFqcGc@._V1_SX300.jpg
461,https://m.media-amazon.com/images/M/MV5BNDljMDg4ZjEtNmIwMi00ZDQ0LTgyNGMtZmE1NDc4ZmQzMTZkXkEyXkFqcGc@._V1_SX300.jpg
464,https://m.media-amazon.com/images/M/MV5BMTBkNzJmZTMtMTNlMy00ZTA0LTg1YzMtZGUyNWUwNTIxZDY2XkEyXkFqcGc@._V1_SX300.jpg
466,https://m.media-amazon.com/images/M/MV5BNGU5ZTUzMmQtZDI3Yy00Y2ZlLTg1MmMtYWZiNDYyYmI4YmE2XkEyXkFqcGc@._V1_SX300.jpg
467,https://m.media-amazon.com/images/M/MV5BYzM3MWJmMDktNjlhNy00NjBmLWFlNDctZGJlYThmYmRjOTk3XkEyXkFqcGdeQXVyMTMxMTY0OTQ@._V1_SX300.jpg
468,https://m.media-amazon.com/images/M/MV5BZDQwNTBkZDMtMDVhOC00NDhjLWEwYjMtODkwYjEzNWE5MzA2XkEyXkFqcGc@._V1_SX300.jpg
469,https://m.media-amazon.com/images/M/MV5BNGQzZGM2NTUtZDBiMC00MmYwLTg5NGYtZDJiYTYzZGFmYzMzXkEyXkFqcGc@._V1_SX300.jpg
470,https://m.media-amazon.com/images/M/MV5BZjM1NTk4MjItYjVhYS00ODQ5LWI5YjUtZTMzYjYxMDc5NzA5XkEyXkFqcGc@._V1_SX300.jpg
471,https://m.media-amazon.com/images/M/MV5BMTc0YmNlMmQtNWQ4Yy00ZWZlLTgxYzItOWI2MGQyZGNmMWUzXkEyXkFqcGc@._V1_SX300.jpg
472,https://m.media-amazon.com/images/M/MV5BZjY1Y2IwZjEtMzA0Yy00MzAwLThkNjMtODM0YTNiN2QzYmJiXkEyXkFqcGdeQXVyMTUzMDUzNTI3._V1_SX300.jpg
473,https://m.media-amazon.com/images/M/MV5BYjliOGJmOTAtNTQ1My00NzQ0LWE2MTMtOWYwOWM2NDU1YTU3XkEyXkFqcGc@._V1_SX300.jpg
474,https://m.media-amazon.com/images/M/MV5BYmNiNjNjYmQtZTQzNC00M2I1LThiMDgtNWNmM2VjY2Y3NzQxXkEyXkFqcGc@._V1_SX300.jpg
475,https://m.media-amazon.com/images/M/MV5BMGZiZDVjNzYtZWM4ZC00MzVkLThhNDEtMDJlOTBhYzVjMmNhXkEyXkFqcGc@._V1_SX300.jpg
476,https://m.media-amazon.com/images/M/MV5BZGE0MGM1ZjMtMzlmNi00ZDg5LTk4MDQtNDkwNDY1YzllNGQxXkEyXkFqcGc@._V1_SX300.jpg
477,https://m.media-amazon.com/images/M/MV5BYjAwZDAwNzAtZTBjYy00YjZhLWFhNWItYjFiYzg2YzcxOWY5XkEyXkFqcGc@._V1_SX300.jpg
478,https://m.media-amazon.com/images/M/MV5BODgzYzA5Y2QtM2Y3OS00ODcyLWI4NGYtZDYyNWE0MmQ1MjA4XkEyXkFqcGc@._V1_SX300.jpg
479,https://m.media-amazon.com/images/M/MV5BZmQzMDMwNWYtMDA5OC00ODE1LWFkNWEtNDJiNzU1ODk1N2I3XkEyXkFqcGc@._V1_SX300.jpg
480,https://m.media-amazon.com/images/M/MV5BMjM2MDgxMDg0Nl5BMl5BanBnXkFtZTgwNTM2OTM5NDE@._V1_SX300.jpg
481,https://m.media-amazon.com/images/M/MV5BZGIyNmJiYmUtN2EzYS00NTU5LTllZmItMDA1YmFjNjM2ZjNjXkEyXkFqcGc@._V1_SX300.jpg
482,https://m.media-amazon.com/images/M/MV5BOGU1MmI3MzUtNzM5OC00MGZjLWJiNjktNTg0MjYxMjlhNmIxXkEyXkFqcGc@._V1_SX300.jpg
484,https://m.media-amazon.com/images/M/MV5BNDNkZDk0ODktYjc0My00MzY4LWE3NzgtNjU5NmMzZDA3YTA1XkEyXkFqcGc@._V1_SX300.jpg
485,https://m.media-amazon.com/images/M/MV5BZGU2NWQyY2ItY2JiZS00ZDJhLWI0NDQtNjMyNWU3MDA1NTgzXkEyXkFqcGc@._V1_SX300.jpg
486,https://m.media-amazon.com/images/M/MV5BZGQzYzE1MjQtOTkyMi00ZGZlLTljMmItM2Y3YTRlM2NhMTc0XkEyXkFqcGc@._V1_SX300.jpg
487,https://m.media-amazon.com/images/M/MV5BMWJiNGE2ZTctN2I3YS00YmE2LWE4ZWItNDM0NDAzYzI1Y2NkXkEyXkFqcGc@._V1_SX300.jpg
488,https://m.media-amazon.com/images/M/MV5BNWIyN2Q4NWMtNzFiMS00NDRiLTk2Y2QtNzg1MGFiOGQ1NDgzXkEyXkFqcGc@._V1_SX300.jpg
489,https://m.media-amazon.com/images/M/MV5BOWYwMTAxNTQtYTJjZC00ODI2LWE0NmQtNTc3MmFjNmRiOWRhXkEyXkFqcGc@._V1_SX300.jpg
490,https://m.media-amazon.com/images/M/MV5BY2U4ZTY0MWQtNTVmMS00YzNlLWExMDAtOGY0MTFjNjM2YjMwXkEyXkFqcGc@._V1_SX300.jpg
491,https://m.media-amazon.com/images/M/MV5BYWVlMjJkMDYtMjA4My00MzI3LWFlMzAtY2RlYTViMjM1MTE1XkEyXkFqcGc@._V1_SX300.jpg
492,https://m.media-amazon.com/images/M/MV5BMjAxNjJjODEtYjA3NC00N2EwLWFkYWItODA1OTY4NTNlODczXkEyXkFqcGc@._V1_SX300.jpg
493,https://m.media-amazon.com/images/M/MV5BMzQ1MTNhZWEtM2FmZS00ZjkzLWJhZWEtNzA5ZDllZmYzNjQ1XkEyXkFqcGc@._V1_SX300.jpg
494,https://m.media-amazon.com/images/M/MV5BYTExYWQzMWMtZjdjYy00OWQ3LWJjY2ItYjU4YWQ4M2NmMTJlXkEyXkFqcGc@._V1_SX300.jpg
495,https://m.media-amazon.com/images/M/MV5BZmJlYjVjMzgtM2U2OC00NDU4LTkyODUtOGY0NjBmMTI4NTQzXkEyXkFqcGc@._V1_SX300.jpg
496,https://m.media-amazon.com/images/M/MV5BYTQwMDFiMzktZGU5YS00ZDUzLWJiYjAtNTU0YWFlMjhiZDMwXkEyXkFqcGc@._V1_SX300.jpg
497,https://m.media-amazon.com/images/M/MV5BOTI3MmI1NmYtZGI4Zi00ZWNiLWJjYWItYTVlOThiZGYzNWE5XkEyXkFqcGc@._V1_SX300.jpg
499,https://m.media-amazon.com/images/M/MV5BZGUwMzA4N2ItMmVlOC00Y2MwLWE0Y2QtYjcwYmYzMmRlZWM5XkEyXkFqcGc@._V1_SX300.jpg
500,https://m.media-amazon.com/images/M/MV5BY2E2MDc5ZGEtOTNlZS00Mjg4LThlNzUtMDY2Zjc4ZTViNWY0XkEyXkFqcGc@._V1_SX300.jpg
501,https://m.media-amazon.com/images/M/MV5BNDM1ZjQ0ZGQtZTdhMC00MmM3LWI5NTMtMzhjZWUwNzZiYzA3XkEyXkFqcGc@._V1_SX300.jpg
502,https://m.media-amazon.com/images/M/MV5BY2FhMzYzZjMtOGFhZS00OWQxLWI2Y2ItMWYyZjJiNjE4YWRlXkEyXkFqcGc@._V1_SX300.jpg
504,https://m.media-amazon.com/images/M/MV5BNzQ3ODA1ODc4N15BMl5BanBnXkFtZTgwMDI4MzgxMTE@._V1_SX300.jpg
505,https://m.media-amazon.com/images/M/MV5BNDcxMzM3NmMtNDBiZS00ZmNhLThiZWUtNmQ0YWE1ODdmMzE1XkEyXkFqcGc@._V1_SX300.jpg
506,https://m.media-amazon.com/images/M/MV5BZThhODA0ZmQtM2UyMy00YWY0LTg4MGItZTJhZmI2NWJkMTM1XkEyXkFqcGc@._V1_SX300.jpg
507,https://m.media-amazon.com/images/M/MV5BOTNkOTE0NTctZGQ5Ni00MjhmLWIzYTItZDY1YWQxZTE0NzgzXkEyXkFqcGc@._V1_SX300.jpg
508,https://m.media-amazon.com/images/M/MV5BYzEzZmMwMmMtNDgxYi00YTAwLWFkMjQtOGQzNmUxMGU1YWYwXkEyXkFqcGc@._V1_SX300.jpg
509,https://m.media-amazon.com/images/M/MV5BZGZiYTQ0MmEtY2RmYy00ZjRkLWI3NTctYTRhMGJlMzA4ZDg0XkEyXkFqcGc@._V1_SX300.jpg
510,https://m.media-amazon.com/images/M/MV5BN2M0ZmY5YzQtM2ZkYS00NjA5LTk3YzYtZDU4MjU4NTBlYTgyXkEyXkFqcGc@._V1_SX300.jpg
511,https://m.media-amazon.com/images/M/MV5BM2Y5YTBkNjctOTcxYy00MzFmLWFjNTQtZDQ2M2FhN2RmNGEzXkEyXkFqcGc@._V1_SX300.jpg
512,https://m.media-amazon.com/images/M/MV5BNWUwZjM0YWItMzYwOS00MmYxLTljNGQtMjA4Mzk5MDY0YzM0XkEyXkFqcGc@._V1_SX300.jpg
513,https://m.media-amazon.com/images/M/MV5BODQ2NTg0MzItMDk0Zi00YWRkLTgyYzEtOGNlODQ4NjcxMmMwXkEyXkFqcGc@._V1_SX300.jpg
514,https://m.media-amazon.com/images/M/MV5BODA5MDk1NjUtNTk5ZS00OGVhLThhMDItZTY1ZWY5ZDBiOTZmXkEyXkFqcGc@._V1_SX300.jpg
515,https://m.media-amazon.com/images/M/MV5BOWY5MTFkMmEtNDE2Zi00NzU4LWE2OWMtZGE4ZWY1NmIzN2I0XkEyXkFqcGc@._V1_SX300.jpg
516,https://m.media-amazon.com/images/M/MV5BMjA2NDY3OGItYTIxYi00ZTk4LTgyYmUtYjgzZmZlODE0NzEwXkEyXkFqcGc@._V1_SX300.jpg
517,https://m.media-amazon.com/images/M/MV5BNjAwOGQ0ZjQtMTRjNC00MDIyLThjMWMtYzA0YjRhMDFhNTZkXkEyXkFqcGc@._V1_SX300.jpg
518,https://m.media-amazon.com/images/M/MV5BNTUxM2JjYzAtM2Q3Ny00MDhiLTgxYjYtNWI5ZjRlZmY1YmM1XkEyXkFqcGc@._V1_SX300.jpg
519,https://m.media-amazon.com/images/M/MV5BODc0YjFmZDgtNWY4Zi00MjQ3LThiZWYtNmVlNjZjNTE5OTEwXkEyXkFqcGc@._V1_SX300.jpg
520,https://m.media-amazon.com/images/M/MV5BY2ZkMGU1OGUtZTJlOS00MmE5LWIxZjQtYWRlZDljMGJkMTZmXkEyXkFqcGc@._V1_SX300.jpg
521,https://m.media-amazon.com/images/M/MV5BZjIxZmQ2YzgtNTdlOS00ZWZlLTk1YTctZWZiOGFkMWJjNzAxXkEyXkFqcGc@._V1_SX300.jpg
522,https://m.media-amazon.com/images/M/MV5BODUxYmUxZDUtZTA4Yi00NDY0LWI3NGUtODk1YjAwMzAxYTg4XkEyXkFqcGc@._V1_SX300.jpg
523,https://m.media-amazon.com/images/M/MV5BOGFhYmMwYjctZTRiMi00YjE5LTg1OTYtMzdiYTBhOGI3NTNkXkEyXkFqcGc@._V1_SX300.jpg
524,https://m.media-amazon.com/images/M/MV5BNjQ1MWQ4MWQtZWQzMy00NmU1LThmYzItNGU1OTc5MWJjNzQ1XkEyXkFqcGc@._V1_SX300.jpg
526,https://m.media-amazon.com/images/M/MV5BYTQ1ZjZlNTAtZDk3OS00OGU0LWE3Y2ItNDMzZjNmNzI1NWNjXkEyXkFqcGc@._V1_SX300.jpg
527,https://m.media-amazon.com/images/M/MV5BNjM1ZDQxYWUtMzQyZS00MTE1LWJmZGYtNGUyNTdlYjM3ZmVmXkEyXkFqcGc@._V1_SX300.jpg
528,https://m.media-amazon.com/images/M/MV5BMzFhZWE5NjgtNDNkNy00MGVhLWI2NjQtZThjZTk4ODg0Y2JiXkEyXkFqcGc@._V1_SX300.jpg
529,https://m.media-amazon.com/images/M/MV5BYjhmMDU3MTctN2M3Ny00YTBhLWExZmUtYmRlZTAxNDhmZTQ1XkEyXkFqcGc@._V1_SX300.jpg
531,https://m.media-amazon.com/images/M/MV5BNjgyMGI3OTQtYWFjOS00OGNkLTg4NTktMDI4ZWMwODk5ODU5XkEyXkFqcGc@._V1_SX300.jpg
532,https://m.media-amazon.com/images/M/MV5BMGU3ZDYzNmItYjg5Ni00MjlmLWFmODgtYjIxNTgyNTgwZWNlXkEyXkFqcGc@._V1_SX300.jpg
533,https://m.media-amazon.com/images/M/MV5BNTZkZWE2MzAtYjU3OS00MWUwLWExYzMtNzdmZTA2MmI0ODU5XkEyXkFqcGc@._V1_SX300.jpg
534,https://m.media-amazon.com/images/M/MV5BODg5NmZkOGQtMmZjYi00M2I0LWI2MzMtMzg5NTZkZDgzMjAzXkEyXkFqcGc@._V1_SX300.jpg
535,https://m.media-amazon.com/images/M/MV5BYThkMTY5ZTgtYzc0Yy00MTZiLWE5YjUtMDAwM2E4Yjg5MmM5XkEyXkFqcGc@._V1_SX300.jpg
536,https://m.media-amazon.com/images/M/MV5BMTU4OGRkYjYtMDc3NS00MTY0LWJhZmYtMDBkYjMwMGZlNTUxXkEyXkFqcGc@._V1_SX300.jpg
537,https://m.media-amazon.com/images/M/MV5BYmZmMDYyNjYtYzRhMi00MDc0LWE4NjctNDVkYzc4YTc3MDdlXkEyXkFqcGc@._V1_SX300.jpg
538,https://m.media-amazon.com/images/M/MV5BMTQ5ODk1NTI4NV5BMl5BanBnXkFtZTcwNDYzMjI3NA@@._V1_SX300.jpg
539,https://m.media-amazon.com/images/M/MV5BMzYwNzNlYWEtY2NiMC00Y2ZkLWFmYzUtYWU4ZTQ5YTAyNTZmXkEyXkFqcGc@._V1_SX300.jpg
540,https://m.media-amazon.com/images/M/MV5BOTI5NzZmYTEtMmM3Yy00ZDkxLWI1N2ItNTI2OGFlMTQ4NzQwXkEyXkFqcGc@._V1_SX300.jpg
541,https://m.media-amazon.com/images/M/MV5BOWQ4YTBmNTQtMDYxMC00NGFjLTkwOGQtNzdhNmY1Nzc1MzUxXkEyXkFqcGc@._V1_SX300.jpg
542,https://m.media-amazon.com/images/M/MV5BNGZlYzQ2MzAtZGE1OS00MDljLTkyYjQtN2VhOTQyZGJmYTI0XkEyXkFqcGc@._V1_SX300.jpg
543,https://m.media-amazon.com/images/M/MV5BMDNiMzA1MzEtMDQwOC00NTkzLTgyMWEtNzk0YjNkZmY5MDIwXkEyXkFqcGc@._V1_SX300.jpg
544,https://m.media-amazon.com/images/M/MV5BNGFkNzQyM2YtNWQyMi00NGY1LWJmOGYtMzg2ZGJmM2RlNGNiXkEyXkFqcGc@._V1_SX300.jpg
546,https://m.media-amazon.com/images/M/MV5BYWUzYWIxMDUtYTdmYS00MjUxLWJjNDItYzcxOTY0N2M2YWE5XkEyXkFqcGc@._V1_SX300.jpg
547,https://m.media-amazon.com/images/M/MV5BNDhiMTEwZWItMjc1OC00YjJhLTk1MTQtOTg3OTY5NGRmZDE0XkEyXkFqcGc@._V1_SX300.jpg
548,https://m.media-amazon.com/images/M/MV5BNWNhM2E3YjktMmZhMC00YWQ2LWEwMzItM2UyZGNmYWMwMGEzXkEyXkFqcGc@._V1_SX300.jpg
549,https://m.media-amazon.com/images/M/MV5BZGZhNTVmN2MtMDIzNC00NWQzLTg1YTUtZGQzZGRlNGRjZjZjXkEyXkFqcGc@._V1_SX300.jpg
550,https://m.media-amazon.com/images/M/MV5BMjQ2ZWM1MzktMmZjZC00OWY2LWI1MzQtNTM4YzhiY2Q2MTg4XkEyXkFqcGc@._V1_SX300.jpg
551,https://m.media-amazon.com/images/M/MV5BNmYxOTAzZWYtOGI3Yi00ODc3LTk5ZjYtZTY0MzVkZTg3YmRiXkEyXkFqcGc@._V1_SX300.jpg
552,https://m.media-amazon.com/images/M/MV5BZGM2NThjMmEtY2I2OC00MDUzLTk4NGQtYjEwMmJkZmExMDJlXkEyXkFqcGc@._V1_SX300.jpg
553,https://m.media-amazon.com/images/M/MV5BNmQyMzlhNjUtMzRjYS00MWY4LWI5MDAtZGU1MWE2M2E0OGMxXkEyXkFqcGc@._V1_SX300.jpg
555,https://m.media-amazon.com/images/M/MV5BYzQ5OGMwMDAtMzcyOS00YTA4LWEwM2MtOTA1MDZjZGEyYmI1XkEyXkFqcGc@._V1_SX300.jpg
556,https://m.media-amazon.com/images/M/MV5BZTI1NGI0ODQtODdkYS00YWQ2LThjMjItMzJiYjE4OTlhZTY2XkEyXkFqcGc@._V1_SX300.jpg
558,https://m.media-amazon.com/images/M/MV5BZjZhYTU5OTgtMzU4OC00ZTI2LWE1M2YtYjlmN2NmMzA1MWIyXkEyXkFqcGc@._V1_SX300.jpg
562,https://m.media-amazon.com/images/M/MV5BZGI1ZGIzYjctMDAxZC00ZGVlLWI0NGYtMjM0MWM3MTkzYzE2XkEyXkFqcGc@._V1_SX300.jpg
563,https://m.media-amazon.com/images/M/MV5BYWIwY2FkOWItZDc4Yi00ZTQxLWI0YTQtNmNmZGZmMDZhNjA4XkEyXkFqcGc@._V1_SX300.jpg
564,https://m.media-amazon.com/images/M/MV5BNWNjMWM0YjItZDJjNC00ZGVjLTlkNWUtZmQ1MmMwOTZiNGRjXkEyXkFqcGc@._V1_SX300.jpg
567,https://m.media-amazon.com/images/M/MV5BMGU3OTZmODUtZGJkNi00MWRiLTkxMzctODhlZThhMjJkZTVlXkEyXkFqcGc@._V1_SX300.jpg
568,https://m.media-amazon.com/images/M/MV5BMTYyNTM0Mzk3MF5BMl5BanBnXkFtZTcwNDAzMTgxMQ@@._V1_SX300.jpg
569,https://m.media-amazon.com/images/M/MV5BYjUzYjFlMjYtZGRjOC00YjI0LWE0YzItNzJmYzc3MGU2OWFlXkEyXkFqcGc@._V1_SX300.jpg
573,https://m.media-amazon.com/images/M/MV5BMjM1ODRlMmYtZDNiMi00ZDE5LWJiN2EtMDMxMWUyZGQ1YzVlXkEyXkFqcGdeQXVyNjMwMjk0MTQ@._V1_SX300.jpg
574,https://m.media-amazon.com/images/M/MV5BZTFkZmE4ZmMtZWE4Ny00ZmY5LTg2M2ItNThjMjE2Njc1MzJhXkEyXkFqcGc@._V1_SX300.jpg
575,https://m.media-amazon.com/images/M/MV5BZTlhMjA5MGYtZDYyNS00MDQ4LWI0ZDAtZjJiODJjODI0N2I3XkEyXkFqcGc@._V1_SX300.jpg
577,https://m.media-amazon.com/images/M/MV5BOWU1ZWVkNTYtMGQ5Zi00OTQ2LWIzMGEtODQ1MGM1MjEyZGY4XkEyXkFqcGc@._V1_SX300.jpg
579,https://m.media-amazon.com/images/M/MV5BNjc0MGM3MzYtY2RiZC00ZGFkLTkwYTEtZTAzYjNiODhhZDJkXkEyXkFqcGdeQXVyNzgzODI1OTE@._V1_SX300.jpg
580,https://m.media-amazon.com/images/M/MV5BN2Q2YjZjNGUtZDFjYS00ZGQ1LThlOTQtNzJhYjNjODMzZGMxXkEyXkFqcGc@._V1_SX300.jpg
581,https://m.media-amazon.com/images/M/MV5BNzhlM2E1MWUtMzkzMy00YTIzLTljZjYtMGQ4Njc2MzY4ODg0XkEyXkFqcGc@._V1_SX300.jpg
583,https://m.media-amazon.com/images/M/MV5BZWE1YzNlMmEtZGQwYy00YTFlLTk5NzQtZDJlZDdiMmM3OTE3XkEyXkFqcGc@._V1_SX300.jpg
585,https://m.media-amazon.com/images/M/MV5BOTRjZTkxNWUtZDM1Mi00ZjE0LTk1N2ItNDc5MWY0ZTUwYmMyXkEyXkFqcGc@._V1_SX300.jpg
586,https://m.media-amazon.com/images/M/MV5BNzNmNmQ2ZDEtMTc1MS00NjNiLThlMGUtZmQxNTg1Nzg5NWMzXkEyXkFqcGc@._V1_SX300.jpg
587,https://m.media-amazon.com/images/M/MV5BZjkwOWM2MWMtMWE1YS00MTBlLTg1ODctYTI3M2I0NGIxMGYyXkEyXkFqcGc@._V1_SX300.jpg
588,https://m.media-amazon.com/images/M/MV5BMmQwYWZjZGItYzc0OC00ZDllLTg3NjItOWIyOWYwMDljMjAyXkEyXkFqcGc@._V1_SX300.jpg
589,https://m.media-amazon.com/images/M/MV5BNGMyMGNkMDUtMjc2Ni00NWFlLTgyODEtZTY2MzBiZTg0OWZiXkEyXkFqcGc@._V1_SX300.jpg
590,https://m.media-amazon.com/images/M/MV5BMTY3OTI5NDczN15BMl5BanBnXkFtZTcwNDA0NDY3Mw@@._V1_SX300.jpg
592,https://m.media-amazon.com/images/M/MV5BYzZmZWViM2EtNzhlMi00NzBlLWE0MWEtZDFjMjk3YjIyNTBhXkEyXkFqcGc@._V1_SX300.jpg
593,https://m.media-amazon.com/images/M/MV5BNDdhOGJhYzctYzYwZC00YmI2LWI0MjctYjg4ODdlMDExYjBlXkEyXkFqcGc@._V1_SX300.jpg
594,https://m.media-amazon.com/images/M/MV5BMTQwMzE2Mzc4M15BMl5BanBnXkFtZTcwMTE4NTc1Nw@@._V1_SX300.jpg
595,https://m.media-amazon.com/images/M/MV5BYTY3NDg2YzktYWFjZC00MTExLTlmZDctMGY3MWYzZTlkYTNiXkEyXkFqcGc@._V1_SX300.jpg
596,https://m.media-amazon.com/images/M/MV5BZGU3MTE3NjYtMGU1Zi00NjBmLTg4MzItZjg0OGZmNjZiYjQwXkEyXkFqcGc@._V1_SX300.jpg
597,https://m.media-amazon.com/images/M/MV5BNjk2ODQzNDYxNV5BMl5BanBnXkFtZTgwMTcyNDg4NjE@._V1_SX300.jpg
599,https://m.media-amazon.com/images/M/MV5BNmFlMWJlMDEtNjFlNC00YjQ1LWI1ZTYtZDZkNDY0N2RiMDA3XkEyXkFqcGc@._V1_SX300.jpg
600,https://m.media-amazon.com/images/M/MV5BZDhhNzIwNTUtOTEzMy00OWJlLTg4NmUtZDJlZWNjMWRkYjRhXkEyXkFqcGc@._V1_SX300.jpg
602,https://m.media-amazon.com/images/M/MV5BYzMyZWQxYWYtYWIzYy00ZTAwLWIyYWMtMjNlOWI5NGNiNmM2XkEyXkFqcGc@._V1_SX300.jpg
605,https://m.media-amazon.com/images/M/MV5BNTRiMjllNGMtNDgxMi00ODQ5LWJlZDktOWMyYTNjODM3NWM5XkEyXkFqcGc@._V1_SX300.jpg
606,https://m.media-amazon.com/images/M/MV5BYmU2YjRiMDItZTRiNi00NmVjLTg1YTUtYWJjYzQ3YmU4MmFhXkEyXkFqcGc@._V1_SX300.jpg
608,https://m.media-amazon.com/images/M/MV5BNjg4MWE0MjEtODFhNy00MjA5LTg5ODktMzgwNWFmZTAwNjBlXkEyXkFqcGc@._V1_SX300.jpg
609,https://m.media-amazon.com/images/M/MV5BODUxMjZkN2EtMDkyMC00MmQ2LTlhYmYtZTIwODAyOTFmMGRjXkEyXkFqcGc@._V1_SX300.jpg
610,https://m.media-amazon.com/images/M/MV5BMjRkYWE1ZDUtYjg4Ny00YjAwLWJlZDQtZGU4MWE3ZmNmNjdmXkEyXkFqcGc@._V1_SX300.jpg
611,https://m.media-amazon.com/images/M/MV5BYWUyYjc0NjMtOWMxNy00NzRkLTkzZGItOGU4NWIyZDllMzI1XkEyXkFqcGc@._V1_SX300.jpg
612,https://m.media-amazon.com/images/M/MV5BOWRmN2Y2NWYtOTk1OS00MTY5LWEzYTktMmQ3NzBiNWFlN2U5XkEyXkFqcGc@._V1_SX300.jpg
613,https://m.media-amazon.com/images/M/MV5BOWU1ODAyNTAtYTRhNC00MzIyLThkNTQtNGVkZTIxMjNkYmU1XkEyXkFqcGc@._V1_SX300.jpg
615,https://m.media-amazon.com/images/M/MV5BMWFjYjNiZjItMjU3Yy00YTk3LWFhZmMtN2NlZTZjYTE1YTIzXkEyXkFqcGdeQXVyNjg3MTIwODI@._V1_SX300.jpg
616,https://m.media-amazon.com/images/M/MV5BMTU1MzM0MjcxMF5BMl5BanBnXkFtZTgwODQ0MzcxMTE@._V1_SX300.jpg
617,https://m.media-amazon.com/images/M/MV5BYTc4NTkxZjEtYmExNi00NDhiLWIzMGItNDczMTAyZWI0OGE4XkEyXkFqcGc@._V1_SX300.jpg
618,https://m.media-amazon.com/images/M/MV5BZmJiODIzNTYtYThlNS00MmUxLTgzYjgtMTIzMjU2MGM0MGMyXkEyXkFqcGc@._V1_SX300.jpg
619,https://m.media-amazon.com/images/M/MV5BOWQ2ZWQ4ZjAtYzc0Ni00ZDNmLTkwYTAtMTI2MTUxMjZmMDA5XkEyXkFqcGc@._V1_SX300.jpg
626,https://m.media-amazon.com/images/M/MV5BNGQ1ZDYyZTEtYWMwNS00YWE3LTk3MWUtNzgxOTU0MWQyNjdhXkEyXkFqcGc@._V1_SX300.jpg
627,https://m.media-amazon.com/images/M/MV5BZDE3YzI1YTMtMDNmYy00MmUzLTkzYTYtMTkyMWUzYTEwM2I5XkEyXkFqcGc@._V1_SX300.jpg
628,https://m.media-amazon.com/images/M/MV5BZTJlYjM5MTYtZWU3YS00ZDRhLTk1MWEtZGQyODc1ZDU2MWEwXkEyXkFqcGc@._V1_SX300.jpg
631,https://m.media-amazon.com/images/M/MV5BODZmOTI3ZjEtYWUyMy00MjRiLWEwY2UtOWI0OWZkZTcxMDM0XkEyXkFqcGc@._V1_SX300.jpg
632,https://m.media-amazon.com/images/M/MV5BNzZiMDNjZjUtZGJkOC00NDAwLWEwYzctMDY4YWUzMDk5ZGZkXkEyXkFqcGc@._V1_SX300.jpg
633,https://m.media-amazon.com/images/M/MV5BYzdhN2MwZDctZTY4Zi00MjE3LThhODItN2MzMDBhNjVjZWZlXkEyXkFqcGc@._V1_SX300.jpg
634,https://m.media-amazon.com/images/M/MV5BMzQ4NGIwMjItYzhkNC00ZTI0LWI0YWMtYzgxZDE2ZWViYzRiXkEyXkFqcGc@._V1_SX300.jpg
635,https://m.media-amazon.com/images/M/MV5BMWRlODQ3OGEtNTZiNC00NjFlLWEzODktYWE3YTg1YTI1NGNhXkEyXkFqcGc@._V1_SX300.jpg
636,https://m.media-amazon.com/images/M/MV5BMTkxMjQzMzMxN15BMl5BanBnXkFtZTcwODc0OTgyMQ@@._V1_SX300.jpg
637,https://m.media-amazon.com/images/M/MV5BM2NhYzI5ZjYtNTEzNS00MGQ1LTkxMTQtYTc2ZTk2NzQwMWZmXkEyXkFqcGc@._V1_SX300.jpg
638,https://m.media-amazon.com/images/M/MV5BYWQ1NjI2Y2QtMjJkOC00YzdmLTk0MmYtMzAzMzM4MjQ5YzZiXkEyXkFqcGc@._V1_SX300.jpg
639,https://m.media-amazon.com/images/M/MV5BNDkwNDU4ZDMtZTRhYy00ZGY4LThlMTUtNDQ2ZGE3YWQwM2U4XkEyXkFqcGc@._V1_SX300.jpg
640,https://m.media-amazon.com/images/M/MV5BMzRlNjVlNTAtNjQ0Mi00NDhmLTlhMWUtNmIwY2FhNTdkOTc0XkEyXkFqcGc@._V1_SX300.jpg
645,https://m.media-amazon.com/images/M/MV5BYjM2Y2M4MmMtNTVlMy00YjAwLWE4ZDQtNGUxNjEwYjAwMjlkXkEyXkFqcGc@._V1_SX300.jpg
647,https://m.media-amazon.com/images/M/MV5BZTU2MGZmZjAtOWVjNy00NTlkLTg0ZTUtN2Q3NmUxNTNhNGVhXkEyXkFqcGc@._V1_SX300.jpg
648,https://m.media-amazon.com/images/M/MV5BOGZjNDlkMTYtMTJkZi00OTkzLWI4NDEtYTA2ODQyMjcwYTdlXkEyXkFqcGc@._V1_SX300.jpg
649,https://m.media-amazon.com/images/M/MV5BZTY2MjcxOWItYjliYy00Mjc3LTk2M2QtYWQ0ZGQxYjlhMTNhXkEyXkFqcGdeQXVyMTQ3Njg3MQ@@._V1_SX300.jpg
650,https://m.media-amazon.com/images/M/MV5BMWM4NjRhN2ItZDAzZi00NDY4LTk5OWMtYjRlZTU1ZGIwYjg2XkEyXkFqcGc@._V1_SX300.jpg
653,https://m.media-amazon.com/images/M/MV5BZDViYjIxNjgtMmEyNS00MmVlLTllOWMtMGU0NzEwZjU2ZTYzXkEyXkFqcGc@._V1_SX300.jpg
656,https://m.media-amazon.com/images/M/MV5BM2UwZWQ0NWMtMWEzYi00NDk4LTg3MTEtMjM2MGFlNGFhYWUzXkEyXkFqcGc@._V1_SX300.jpg
661,https://m.media-amazon.com/images/M/MV5BMmQwNDEyNjItYmExOC00MGU4LWE2MDEtOTFlZTM5MzA1OTY1XkEyXkFqcGc@._V1_SX300.jpg
662,https://m.media-amazon.com/images/M/MV5BMmNiNDEyYjUtN2YzYi00MTBlLWIzNzYtOGM2YWUzNTY4ZDNlXkEyXkFqcGc@._V1_SX300.jpg
663,https://m.media-amazon.com/images/M/MV5BOWUwODQ3ZTAtMDE5OS00YTFiLTlhMWYtZjYyMTdlYTUyYzQ4XkEyXkFqcGc@._V1_SX300.jpg
665,https://m.media-amazon.com/images/M/MV5BZGI3MGFhMTgtMDJjOC00ODU1LTlhMTQtZmYyZDQ3YWQxYjc5XkEyXkFqcGc@._V1_SX300.jpg
667,https://m.media-amazon.com/images/M/MV5BYTMwZTIxYzktNzY3YS00NzBlLWFlNzgtMDliODJjZjZmM2E4XkEyXkFqcGc@._V1_SX300.jpg
668,https://m.media-amazon.com/images/M/MV5BNmZhNzc0ZDMtZDg2My00MjkxLWJjZTctNTljODc2ZjQzMzJkXkEyXkFqcGc@._V1_SX300.jpg
670,https://m.media-amazon.com/images/M/MV5BYjQwMDk3NGMtYzg2ZC00MWNmLTliZDUtM2MwYjZjM2E0MWYwXkEyXkFqcGc@._V1_SX300.jpg
671,https://m.media-amazon.com/images/M/MV5BYmIzYmZlNWMtYTVjNC00YWU5LWI1N2UtZjY2MDVjYTE0YjU0XkEyXkFqcGc@._V1_SX300.jpg
673,https://m.media-amazon.com/images/M/MV5BZGQ3ZDk0M2MtZDNmNi00OWE3LThiODUtMTU3NmVjMTA0ZGQyXkEyXkFqcGc@._V1_SX300.jpg
674,https://m.media-amazon.com/images/M/MV5BMjExMzcwMjU4OV5BMl5BanBnXkFtZTgwNzYzMjU2MTE@._V1_SX300.jpg
678,https://m.media-amazon.com/images/M/MV5BMTMxNzU2MDY5N15BMl5BanBnXkFtZTcwODU1MTUxMQ@@._V1_SX300.jpg
679,https://m.media-amazon.com/images/M/MV5BMjhiOGE0MDctY2FlYi00ZTUyLWE0ZTctODQ5N2ZkZTg5YjNlXkEyXkFqcGc@._V1_SX300.jpg
680,https://m.media-amazon.com/images/M/MV5BYjk3MmMwMjktMzg3NC00YmJiLTg2YjMtMGZkMDI0MzBiOTNkXkEyXkFqcGc@._V1_SX300.jpg
685,https://m.media-amazon.com/images/M/MV5BMTE2NDBjN2UtMDQ0MS00NjdjLWFjNzktMTVjM2RhMzhkMzM1XkEyXkFqcGc@._V1_SX300.jpg
688,https://m.media-amazon.com/images/M/MV5BOTJjM2U4MGMtNThmNi00ODAzLWE1ZGEtMzkyOWFjMzE0YzNjXkEyXkFqcGc@._V1_SX300.jpg
691,https://m.media-amazon.com/images/M/MV5BMDQyZDhhNGUtNmIxMC00MWQ0LThlMzctMzg2M2RmMThhOWRlXkEyXkFqcGc@._V1_SX300.jpg
692,https://m.media-amazon.com/images/M/MV5BZGRiYzgwODgtZTg3NC00MmU3LTlhNmYtYjM5MzQwMGU1OGZlXkEyXkFqcGc@._V1_SX300.jpg
694,https://m.media-amazon.com/images/M/MV5BNjU3MTc2YzUtZmJmMy00Y2I1LWJkOGMtMmFlMTQ2ZjJlY2Y2XkEyXkFqcGc@._V1_SX300.jpg
695,https://m.media-amazon.com/images/M/MV5BODk4YWVkZmUtMzExMS00ZDUxLTg5OGEtNGUyNDdiYWVjODRkXkEyXkFqcGdeQXVyMTQxNzMzNDI@._V1_SX300.jpg
697,https://m.media-amazon.com/images/M/MV5BODBjMmYzYmItOWVkNy00YTAyLTkwM2YtMTlhNTY3Njc3YThjXkEyXkFqcGc@._V1_SX300.jpg
698,https://m.media-amazon.com/images/M/MV5BZWJlNWZkNmEtMjc0ZC00NWRlLThjNDAtZDdmYjUzZDJlOTcxXkEyXkFqcGc@._V1_SX300.jpg
700,https://m.media-amazon.com/images/M/MV5BNzcyZmM3YWMtNzYzMC00N2NiLTgzMWUtYjIzZWEyNzZlMWFiXkEyXkFqcGc@._V1_SX300.jpg
703,https://m.media-amazon.com/images/M/MV5BMmI2NTFlMjItODEyZC00ZjFhLWJmZDktOTczYmFhOWNlY2I1XkEyXkFqcGc@._V1_SX300.jpg
704,https://m.media-amazon.com/images/M/MV5BMzkxNjYzZmEtZTA4Ni00MzBhLWE2N2UtZWM3N2M3YTA5ZmE1XkEyXkFqcGc@._V1_SX300.jpg
706,https://m.media-amazon.com/images/M/MV5BOTQyOThjYTUtNzdjOS00ZWFkLTk4YTgtOTFlNDgyZTVhY2Y0XkEyXkFqcGdeQXVyNzc5MjA3OA@@._V1_SX300.jpg
707,https://m.media-amazon.com/images/M/MV5BOTcwMDE3MTQ5OV5BMl5BanBnXkFtZTcwMzA0MDQ1NA@@._V1_SX300.jpg
708,https://m.media-amazon.com/images/M/MV5BMmZmYzFiOWQtZDkxYS00Y2NhLWI3ODktZjU2Yzk4ZDNiMzU5XkEyXkFqcGc@._V1_SX300.jpg
709,https://m.media-amazon.com/images/M/MV5BMTAxMzMwNzQtNGYxNC00OTgwLWI3ZTgtMDBlOTE4MGFkMGEwXkEyXkFqcGc@._V1_SX300.jpg
710,https://m.media-amazon.com/images/M/MV5BZGQxYjg5OWItNmFmMS00MmQ0LThmMzMtMGJiMjNkZDdkMGVmXkEyXkFqcGc@._V1_SX300.jpg
711,https://m.media-amazon.com/images/M/MV5BNWRmNzA4MmYtMThjZS00NzQ5LWI4MzItOWNlZjUxNDVmMzExXkEyXkFqcGc@._V1_SX300.jpg
714,https://m.media-amazon.com/images/M/MV5BZjdjN2Q4MzctOWZjMS00ZjZkLTg5OWQtM2NjMTliYmE3MTY1XkEyXkFqcGc@._V1_SX300.jpg
715,https://m.media-amazon.com/images/M/MV5BYmIwODM3MzUtZDI1ZC00YjZhLWEwYmMtMmRmMjVjODE4MzQ3XkEyXkFqcGc@._V1_SX300.jpg
718,https://m.media-amazon.com/images/M/MV5BY2RhYjBlMTMtNTQxZS00ZDI3LWJiZTEtZDRkZGY3NmNhM2VlXkEyXkFqcGc@._V1_SX300.jpg
719,https://m.media-amazon.com/images/M/MV5BZmE0NzY5NjgtZGNjOS00NTk4LThiMjctYTE3MzYxY2FiMzMyXkEyXkFqcGc@._V1_SX300.jpg
720,https://m.media-amazon.com/images/M/MV5BMTUyNDMxOTIxOF5BMl5BanBnXkFtZTcwODA1NTcyMQ@@._V1_SX300.jpg
722,https://m.media-amazon.com/images/M/MV5BOTE1ODI3OTIxNl5BMl5BanBnXkFtZTgwOTQyMzgwMzE@._V1_SX300.jpg
724,https://m.media-amazon.com/images/M/MV5BZTU4ZjkwMzctY2RmYy00OWQ5LWJhMDItM2FjZDg3ZTAzMWI1XkEyXkFqcGc@._V1_SX300.jpg
725,https://m.media-amazon.com/images/M/MV5BZDUzZjhiMjktOTdiNi00MTliLWE1NjItMTIxZGMyY2FmZjhmXkEyXkFqcGc@._V1_SX300.jpg
726,https://m.media-amazon.com/images/M/MV5BZjc2MzZlMDUtZGM2Yi00OGZjLWI3ODAtMDhmY2FjNjkyMDZkXkEyXkFqcGc@._V1_SX300.jpg
728,https://m.media-amazon.com/images/M/MV5BY2U2MmQ5MjMtNjEyMC00NDE3LTkyNDEtZjI3MTA3ODliNzI4XkEyXkFqcGc@._V1_SX300.jpg
731,https://m.media-amazon.com/images/M/MV5BY2NiNTRiYjktNDBlNS00ZGJkLTgwMmMtNmEwMTAzNzY2YzM4XkEyXkFqcGc@._V1_SX300.jpg
733,https://m.media-amazon.com/images/M/MV5BMDhkYjRiZWEtZTE0Ny00ZjA1LThmNjgtM2UyYTQzODA4MjdhXkEyXkFqcGc@._V1_SX300.jpg
735,https://m.media-amazon.com/images/M/MV5BODM0YWMxYzktZjYzNy00M2IxLWFhN2YtMGNjNjZkMGQ5ZDlhXkEyXkFqcGc@._V1_SX300.jpg
736,https://m.media-amazon.com/images/M/MV5BNGVhY2JjYzgtYjAyOC00ODg0LTliYWEtMzliZWYzMjA2NjYyXkEyXkFqcGc@._V1_SX300.jpg
737,https://m.media-amazon.com/images/M/MV5BOTVlNGQ5YTEtNzdkZi00MzRkLTk4NGUtMGYyNTkzMjU0MmIyXkEyXkFqcGc@._V1_SX300.jpg
741,https://m.media-amazon.com/images/M/MV5BNzljMjA3MTQtMjM1OS00OGJjLWJiYzctZDRiMTk1NWI5YzQ5XkEyXkFqcGc@._V1_SX300.jpg
742,https://m.media-amazon.com/images/M/MV5BNWFhY2U2NWUtOWMwZC00ODMxLTgwNGEtZmE4ZDZlMDJmNThlXkEyXkFqcGc@._V1_SX300.jpg
743,https://m.media-amazon.com/images/M/MV5BOTEzMTZiMDgtMzI2MS00MzU3LWI2M2QtZWMzOTM0MTM5ZDQyXkEyXkFqcGc@._V1_SX300.jpg
745,https://m.media-amazon.com/images/M/MV5BM2M4ZmEzYzEtNjk0ZS00ODZkLTkxZjYtNTY4Njg2YjhhMWNkXkEyXkFqcGc@._V1_SX300.jpg
747,https://m.media-amazon.com/images/M/MV5BMWUwYjgwZDQtZjEwZi00OTlkLTkxYzUtMjlmMmMyMzUwYjkzXkEyXkFqcGc@._V1_SX300.jpg
748,https://m.media-amazon.com/images/M/MV5BZTRhNGFlMWUtOTZiMy00NzZiLTk4NDQtY2E1NzRlZDFkNzY1XkEyXkFqcGc@._V1_SX300.jpg
750,https://m.media-amazon.com/images/M/MV5BMjFjYzBlOTktMTI2OS00ZWVhLTgxMDUtNzAwODY2NmI3YTAzXkEyXkFqcGc@._V1_SX300.jpg
757,https://m.media-amazon.com/images/M/MV5BMTc0NzMxMjI0MV5BMl5BanBnXkFtZTcwNzIwNzM5MQ@@._V1_SX300.jpg
759,https://m.media-amazon.com/images/M/MV5BYjFlZWFjZWYtMzM4Yi00ZmZiLWJiMGEtNDA5OWE4NDZlOTQyXkEyXkFqcGc@._V1_SX300.jpg
760,https://m.media-amazon.com/images/M/MV5BNGE4OTZiOTctMzYzNC00ZjYwLTg5NTctZGQ2M2UwN2ZkYmU4XkEyXkFqcGc@._V1_SX300.jpg
761,https://m.media-amazon.com/images/M/MV5BNmM1MWM0OTYtNjA4MC00ZDNmLTllYWItYzcxMjNmMDgwM2FjXkEyXkFqcGc@._V1_SX300.jpg
762,https://m.media-amazon.com/images/M/MV5BZjA4N2FjZDktYzFkMi00YzMzLWIyNTctNzY5OTA3ZTQ0OTVlXkEyXkFqcGc@._V1_SX300.jpg
764,https://m.media-amazon.com/images/M/MV5BOWFjMDczOGUtNzIyOC00OWYzLWFlYmEtZDFjYTkwZTAwMTI0XkEyXkFqcGc@._V1_SX300.jpg
765,https://m.media-amazon.com/images/M/MV5BZjk5OGJmODYtNjA3ZS00MjA5LWEyZmQtMDdiYTc5ZDM5NTk2XkEyXkFqcGc@._V1_SX300.jpg
766,https://m.media-amazon.com/images/M/MV5BMmY3YjJmOTMtYWE3Yy00MzM0LTgwNmQtYzIwMjIzYzFiZGNmXkEyXkFqcGc@._V1_SX300.jpg
773,https://m.media-amazon.com/images/M/MV5BOGE3NDU3MjEtMjQwOS00Yjc1LWJkZjctZmQ4ZTAzNWRkZjNiXkEyXkFqcGc@._V1_SX300.jpg
775,https://m.media-amazon.com/images/M/MV5BZTEzYzk5YzktMGRjYS00NWY2LTg5MGEtYzI5MmE2ZWY3ZTg5XkEyXkFqcGc@._V1_SX300.jpg
778,https://m.media-amazon.com/images/M/MV5BYmVkNGJkMzQtYWQwOS00OTZmLThjODQtZjNjNzllYzRiNTE0XkEyXkFqcGc@._V1_SX300.jpg
779,https://m.media-amazon.com/images/M/MV5BNzIxZDUzNDgtMjM1YS00MTYxLWEzNTItOWY3YjUwZWM5NjViXkEyXkFqcGc@._V1_SX300.jpg
780,https://m.media-amazon.com/images/M/MV5BOGMwN2UwZjEtYjFjMi00ZDA1LWJlYTQtMjA1MTYxMzIyNTdiXkEyXkFqcGc@._V1_SX300.jpg
781,https://m.media-amazon.com/images/M/MV5BOWRhYWZjNGQtNmQxOC00ZDY3LTlkOTktNzU1ZTE3MTE0YmM2XkEyXkFqcGc@._V1_SX300.jpg
782,https://m.media-amazon.com/images/M/MV5BNWFjMjRhNGQtMjg4Yi00MDgxLWFhZjEtMTEwM2ZkMGRkNjkyXkEyXkFqcGc@._V1_SX300.jpg
783,https://m.media-amazon.com/images/M/MV5BY2QzMGEzNGMtMDQyNC00YTlmLWEwYjMtOGI1NWYxMTM4NjA2XkEyXkFqcGc@._V1_SX300.jpg
784,https://m.media-amazon.com/images/M/MV5BZjZiODE3ZTUtYTA0Yi00YjVmLTlhYTEtMzc3MDU1YmZjMWYxXkEyXkFqcGc@._V1_SX300.jpg
785,https://m.media-amazon.com/images/M/MV5BODAzODIyMDYwMV5BMl5BanBnXkFtZTcwMTUyNTEzNA@@._V1_SX300.jpg
786,https://m.media-amazon.com/images/M/MV5BMmNkMjg3NWMtY2RhMC00MDRlLWI4MzktNjEzNGFjYTMwYjQ3XkEyXkFqcGc@._V1_SX300.jpg
788,https://m.media-amazon.com/images/M/MV5BMjE0NjI1YTMtYWFiZi00Zjc1LWE5NzgtMTdlMWMwOTczZWJkXkEyXkFqcGc@._V1_SX300.jpg
790,https://m.media-amazon.com/images/M/MV5BOGVlNGNkMGQtMTJlYS00Y2M0LWE1ODEtMTNjYzk4MTQ0M2IyXkEyXkFqcGc@._V1_SX300.jpg
791,https://m.media-amazon.com/images/M/MV5BMTk2NjAwNTM1Ml5BMl5BanBnXkFtZTcwNDEwNDkyMQ@@._V1_SX300.jpg
795,https://m.media-amazon.com/images/M/MV5BZTE1N2RiOWQtNjdhYi00YmQ5LTlhODMtNDFmMTliZjM0NDgyXkEyXkFqcGdeQXVyNDkzNTM2ODg@._V1_SX300.jpg
798,https://m.media-amazon.com/images/M/MV5BZTM2YTg0OWUtODc5ZC00ZGU2LWFkZGYtMDFmZGE3NzFhYjM4XkEyXkFqcGc@._V1_SX300.jpg
799,https://m.media-amazon.com/images/M/MV5BODg1MzlmMmMtYzg2Zi00N2Y5LTk2YzMtMWM5N2UxZDY1YjI3XkEyXkFqcGc@._V1_SX300.jpg
800,https://m.media-amazon.com/images/M/MV5BOTk1NWZmMjItNjJhMy00ZjAzLTg5Y2ItY2IwYmY3MGRhMjlkXkEyXkFqcGc@._V1_SX300.jpg
801,https://m.media-amazon.com/images/M/MV5BNzA2M2VjMjgtYWY3Ni00MDFhLTgzMGMtZTAzYmI0ZDNkY2VhXkEyXkFqcGc@._V1_SX300.jpg
802,https://m.media-amazon.com/images/M/MV5BMjAwMDA2NzEyMl5BMl5BanBnXkFtZTgwNTA2MjgxMTE@._V1_SX300.jpg
803,https://m.media-amazon.com/images/M/MV5BZTA3MDQ4YzMtOGIzOS00MjI5LWFlYzMtODJhM2ZmOTMxYjVlXkEyXkFqcGc@._V1_SX300.jpg
804,https://m.media-amazon.com/images/M/MV5BMjhkOGI1OWQtZjY0MC00ZmZhLTg2MmMtOTg0M2I1OTUzNmIwXkEyXkFqcGc@._V1_SX300.jpg
805,https://m.media-amazon.com/images/M/MV5BYmNiYzY1N2ItZDZiNC00ZGMyLWJlZjktZDE1MDI3NDBlYjE5XkEyXkFqcGc@._V1_SX300.jpg
806,https://m.media-amazon.com/images/M/MV5BZDBjMTcyM2MtZDI4MC00MjdlLTg2ZGQtNWMwZmI5MGI4MDZmXkEyXkFqcGc@._V1_SX300.jpg
808,https://m.media-amazon.com/images/M/MV5BMjkzZDY1MTMtZGNlMi00YzFkLTk1NDUtOWJjYWUxZTRkYWU1XkEyXkFqcGc@._V1_SX300.jpg
809,https://m.media-amazon.com/images/M/MV5BYjJhMjczNWItYTQ0ZS00MTI3LTlkMGUtZGVkNzFhYTQxMDNlXkEyXkFqcGc@._V1_SX300.jpg
810,https://m.media-amazon.com/images/M/MV5BMzMzMWY2NjgtZjU3NS00MDA0LTlkZTEtZWE4MzFiNzRhYjE1XkEyXkFqcGc@._V1_SX300.jpg
813,https://m.media-amazon.com/images/M/MV5BNWMzNzc1ZmItYmU0OS00ZGRiLWI2NzEtMDYwMjc0ZWE1NmJhXkEyXkFqcGc@._V1_SX300.jpg
818,https://m.media-amazon.com/images/M/MV5BYTkxODYyYWEtNDJiYy00NjM4LTk4MzEtNDRkMzZkNGY0NjE3XkEyXkFqcGc@._V1_SX300.jpg
823,https://m.media-amazon.com/images/M/MV5BZDQzMTIzNDUtODI2OC00MzY1LTliNTYtMDBlNzViNTk4M2NkXkEyXkFqcGc@._V1_SX300.jpg
824,https://m.media-amazon.com/images/M/MV5BMjAxMDU3NTcxNF5BMl5BanBnXkFtZTYwMDY0Nzg4._V1_SX300.jpg
828,https://m.media-amazon.com/images/M/MV5BYjRhMGYyMGEtMzhiZi00OTRkLTgzNmYtMzAxYmQ0NzY2ZTE1XkEyXkFqcGc@._V1_SX300.jpg
829,https://m.media-amazon.com/images/M/MV5BY2Y1YTFiNzktYWE2OS00OTBiLTkxN2YtOTlhZjA0MWVmMzMzXkEyXkFqcGc@._V1_SX300.jpg
830,https://m.media-amazon.com/images/M/MV5BODBjMzg2MTktYjhjNS00ODNjLTk3MzYtZjAyYjg2NjZiNjVjXkEyXkFqcGc@._V1_SX300.jpg
832,https://m.media-amazon.com/images/M/MV5BNjIxODEwMzgtNmEwNS00NzEzLTk1YTQtNzQzOGE2ZTIzZjk5XkEyXkFqcGc@._V1_SX300.jpg
833,https://m.media-amazon.com/images/M/MV5BYjE1MWJiZWUtNjc0Ni00Y2ZhLWI3NzktMzU3NmJmZjllOTkwXkEyXkFqcGc@._V1_SX300.jpg
835,https://m.media-amazon.com/images/M/MV5BMjkzYzE2NWUtOTE0Zi00ZjkwLTkwMjUtODJlZjA0ZDQ5Njg5XkEyXkFqcGc@._V1_SX300.jpg
836,https://m.media-amazon.com/images/M/MV5BZjE2NzcyYjQtODIwYy00ZDAyLWJhYTktNGI2MWU2NzQyNmJhXkEyXkFqcGc@._V1_SX300.jpg
837,https://m.media-amazon.com/images/M/MV5BYWE3ZDMzMmEtODgwNi00NzMxLThkYWItMTAzMWUyMzI1NDQ1XkEyXkFqcGc@._V1_SX300.jpg
838,https://m.media-amazon.com/images/M/MV5BZTZlN2YyMjMtYTlhYy00YWZmLTg5YTUtN2MzYTVlNDlmN2FhXkEyXkFqcGc@._V1_SX300.jpg
839,https://m.media-amazon.com/images/M/MV5BZWZjMjVhZDktMDAwNi00MDIzLTg3MzEtMDE2NTNmMzkwNWY1XkEyXkFqcGc@._V1_SX300.jpg
840,https://m.media-amazon.com/images/M/MV5BMGYyZTY2MDMtNTQ2MC00Mzc5LTk2MDYtNGNhZTM1YTU3MWJiXkEyXkFqcGc@._V1_SX300.jpg
841,https://m.media-amazon.com/images/M/MV5BNTMyZGVlNDMtMjU1Ni00NTgwLWE3Y2YtMDBkOGJjY2JiZGRiXkEyXkFqcGc@._V1_SX300.jpg
842,https://m.media-amazon.com/images/M/MV5BNzUyNDMyNmMtZWI3MC00YjAyLThkMDktNGExMzgxMjIxZDQ5XkEyXkFqcGc@._V1_SX300.jpg
848,https://m.media-amazon.com/images/M/MV5BMjQyNTVlZGMtOWIwMC00NWQ1LTk1MjgtZjNkZmRmNjRjYjZiXkEyXkFqcGc@._V1_SX300.jpg
849,https://m.media-amazon.com/images/M/MV5BNzM0NjI1MjItYzYwNS00YTQzLThlOGMtMmFkZTIyN2MxNGUyXkEyXkFqcGc@._V1_SX300.jpg
851,https://m.media-amazon.com/images/M/MV5BMTk3NTk3MzU5N15BMl5BanBnXkFtZTgwNjIwMDcyMTI@._V1_SX300.jpg
852,https://m.media-amazon.com/images/M/MV5BZmU1YzE5MWEtMzc4MS00MzQ3LWEwMzYtMDg0ZTFlMmVhMzNiXkEyXkFqcGc@._V1_SX300.jpg
858,https://m.media-amazon.com/images/M/MV5BNGEwYjgwOGQtYjg5ZS00Njc1LTk2ZGEtM2QwZWQ2NjdhZTE5XkEyXkFqcGc@._V1_SX300.jpg
861,https://m.media-amazon.com/images/M/MV5BMjVjYTFjMjItOGZiZS00ZjRlLThiMzUtOWVkMmE3YzE4ZGRkXkEyXkFqcGc@._V1_SX300.jpg
866,https://m.media-amazon.com/images/M/MV5BNjY0OWFmODctNmEwNy00Njc2LWFkYTAtNmI4OWIzY2ZkYjJlXkEyXkFqcGc@._V1_SX300.jpg
867,https://m.media-amazon.com/images/M/MV5BNjg2ZTExNGQtOThjZC00NDU0LTkwYWQtM2I4M2VmOTcxMGU4XkEyXkFqcGc@._V1_SX300.jpg
869,https://m.media-amazon.com/images/M/MV5BNTkyZWUxM2UtNGI4YS00YzBlLWFjNWEtNmY0MzE4ZmEzYjEzXkEyXkFqcGc@._V1_SX300.jpg
870,https://m.media-amazon.com/images/M/MV5BNGZjMzVlOTAtZjM1YS00ODRiLTk0YjktZGE5NWM3NmUzZDIyXkEyXkFqcGc@._V1_SX300.jpg
875,https://m.media-amazon.com/images/M/MV5BZGI3YmZmNDEtMmY0NC00NTA2LWIyZTAtMGMxMjFhYjk1OGQxXkEyXkFqcGdeQXVyODQwNDYyODg@._V1_SX300.jpg
876,https://m.media-amazon.com/images/M/MV5BNjUyMmNhN2YtN2QxMy00NjA1LThkOTktMmVhYmU1YTQ5YmYyXkEyXkFqcGc@._V1_SX300.jpg
879,https://m.media-amazon.com/images/M/MV5BOTY4ZGE1ZjAtYTFiNi00Njc3LWJlNzctZDNkMDc1ZGM5MGZhXkEyXkFqcGc@._V1_SX300.jpg
880,https://m.media-amazon.com/images/M/MV5BNThmNzUwYmMtYzAzYi00NzVjLTgzZDctZGQ3NmQ0YmEwNGVlXkEyXkFqcGc@._V1_SX300.jpg
881,https://m.media-amazon.com/images/M/MV5BMmJmODBiOWUtMThkZi00ZmUxLThmM2UtZWU1NzM5ZTQ1YWViXkEyXkFqcGc@._V1_SX300.jpg
882,https://m.media-amazon.com/images/M/MV5BYzBhOTQwM2EtMjRhMy00NDc5LWEzOWEtY2VkYTZhZWIxYzhlXkEyXkFqcGc@._V1_SX300.jpg
885,https://m.media-amazon.com/images/M/MV5BNTY1YTZmYjMtYjMyMS00YzE0LWJjYjEtMzA4MDBhNjEwMzdlXkEyXkFqcGc@._V1_SX300.jpg
886,https://m.media-amazon.com/images/M/MV5BMjUzY2NhNTgtMTMxYS00ZjdiLWI0NTMtY2VmOTA1NmE4MjcwXkEyXkFqcGc@._V1_SX300.jpg
888,https://m.media-amazon.com/images/M/MV5BMTI1OTU3NjkwMl5BMl5BanBnXkFtZTYwOTU2MDg5._V1_SX300.jpg
889,https://m.media-amazon.com/images/M/MV5BMTk0Mzk2OTM1MV5BMl5BanBnXkFtZTcwOTU4MDEzMQ@@._V1_SX300.jpg
891,https://m.media-amazon.com/images/M/MV5BY2YyN2U1YjctMzMyNS00YmQyLWI5ZjUtYjUwMWU0MmYxZmU1XkEyXkFqcGc@._V1_SX300.jpg
892,https://m.media-amazon.com/images/M/MV5BYmU4ZGI1OTctODBlMC00NzI2LWJhM2EtOGY1NzQ2ZmRhYWFmXkEyXkFqcGc@._V1_SX300.jpg
893,https://m.media-amazon.com/images/M/MV5BZmQyZDY1YWUtYjBmNC00NDAxLWE4NWQtODQ2ZGIzNTljZTZkXkEyXkFqcGc@._V1_SX300.jpg
896,https://m.media-amazon.com/images/M/MV5BYWZhNDQ4NWQtZWVjNi00MDNiLTkyOTYtMjA1M2YyODVhNTU2XkEyXkFqcGc@._V1_SX300.jpg
897,https://m.media-amazon.com/images/M/MV5BYzgxY2QzNmYtZTU4YS00NmUyLWI3OWMtNjY4ODVhOWIxZTVmXkEyXkFqcGc@._V1_SX300.jpg
898,https://m.media-amazon.com/images/M/MV5BYmMwZTQ5OGUtMjQ4Ni00ZTIwLTk1ZWMtNzhlMGQxYjIxMTU1XkEyXkFqcGc@._V1_SX300.jpg
899,https://m.media-amazon.com/images/M/MV5BMGQzZDFjZWUtZDU4ZS00ZjM3LTgyYmItYjA3YmIwYzRkZWY3XkEyXkFqcGc@._V1_SX300.jpg
900,https://m.media-amazon.com/images/M/MV5BYWE3N2E1NDYtMzEzMC00OWFiLWJhNTUtYTJjZDdhMGY4YzI4XkEyXkFqcGc@._V1_SX300.jpg
901,https://m.media-amazon.com/images/M/MV5BZTkyZWEwMzktYTUwYi00YjkyLWJmMjktZjI1ODdkMjg5YTRiXkEyXkFqcGc@._V1_SX300.jpg
902,https://m.media-amazon.com/images/M/MV5BZmU1MzlmOTMtZTNmMC00ZTA3LTkzMWMtOTc1MWNlMjFiYjFlXkEyXkFqcGc@._V1_SX300.jpg
903,https://m.media-amazon.com/images/M/MV5BNzEyZTUxMWItMGVhYy00Y2NlLTljYTMtYzBmMzI1YmUyMDBkXkEyXkFqcGc@._V1_SX300.jpg
904,https://m.media-amazon.com/images/M/MV5BODZhOWI1ODgtMzdiOS00YjNkLTgwOGUtYmIyZDg5ZmQwMzQ1XkEyXkFqcGc@._V1_SX300.jpg
905,https://m.media-amazon.com/images/M/MV5BOTYxYWYwNWUtZTZkOS00MDY3LTg0MTktZGZjYjI3NTJiYzZmXkEyXkFqcGc@._V1_SX300.jpg
906,https://m.media-amazon.com/images/M/MV5BMTQxOTQwY2EtZjU0My00NDNlLWExMjUtMDg0ODc0YTYxNjVkXkEyXkFqcGc@._V1_SX300.jpg
907,https://m.media-amazon.com/images/M/MV5BZGIyNzhjN2UtZjllNS00ZDg5LWFkMTgtMGJjYWYwMDQ4NDI3XkEyXkFqcGc@._V1_SX300.jpg
908,https://m.media-amazon.com/images/M/MV5BZWIzODI2OGItMzM0Ny00OGRmLTlkNmItMDQxMTFmMTk3YmQwXkEyXkFqcGc@._V1_SX300.jpg
909,https://m.media-amazon.com/images/M/MV5BNDdhMzVhOWQtNDU2Mi00ZmZmLWJiZDMtY2QxMjhjY2Y1ZTI5XkEyXkFqcGc@._V1_SX300.jpg
910,https://m.media-amazon.com/images/M/MV5BZTllZDYyNjEtY2RmMS00NmJhLWI4ODAtMTQ0NWFiZTJhZjA0XkEyXkFqcGc@._V1_SX300.jpg
911,https://m.media-amazon.com/images/M/MV5BM2FiMmFkNWItNzNmOS00MWQ3LWExNTUtZWJkOTBmNzg0ZWRjXkEyXkFqcGc@._V1_SX300.jpg
912,https://m.media-amazon.com/images/M/MV5BNWEzN2U1YTYtYTQyMS00NTVkLWE2NGQtZWFlMmM0MDNjMmRiXkEyXkFqcGc@._V1_SX300.jpg
913,https://m.media-amazon.com/images/M/MV5BZjJhOTcwNGYtZGM3ZS00ZTYzLWJlZDYtMzllYmRkMDI4MjBkXkEyXkFqcGc@._V1_SX300.jpg
914,https://m.media-amazon.com/images/M/MV5BNmMxZmFjZmQtMDRiOC00MDQxLTlhNDktZTkxMmRiYWM1ZDUzXkEyXkFqcGc@._V1_SX300.jpg
915,https://m.media-amazon.com/images/M/MV5BNjQ5MWI5YWYtYzYxNi00ODM4LWI4NzEtNzUzYmVkNzRiYzNlXkEyXkFqcGc@._V1_SX300.jpg
916,https://m.media-amazon.com/images/M/MV5BNTVjNWUwZTEtZmI3OS00ODhmLWFhNTEtY2I1OTdlMjg0YTEyXkEyXkFqcGc@._V1_SX300.jpg
917,https://m.media-amazon.com/images/M/MV5BYWM1NWQ2OTAtMGE1Ny00YzQwLWFhM2ItNTg2NjNkMWMzOTIwXkEyXkFqcGc@._V1_SX300.jpg
918,https://m.media-amazon.com/images/M/MV5BNWQ3MGM3ODYtYTJhYS00MjVlLWJkMDUtYmQ4YmExYWYxOTA0XkEyXkFqcGc@._V1_SX300.jpg
919,https://m.media-amazon.com/images/M/MV5BYWRmY2I0MGItYTQ0OC00NWZmLWIwMDktYjJlNDc0MzVhMmViXkEyXkFqcGc@._V1_SX300.jpg
920,https://m.media-amazon.com/images/M/MV5BYmYxZTE3YzMtYmE2Yy00NmFlLTkzYTAtYTAzN2IzNDFkN2E0XkEyXkFqcGc@._V1_SX300.jpg
921,https://m.media-amazon.com/images/M/MV5BZTE0Yjk0NzctOTc5Ni00ZDNkLTk5YmMtNTdkZDQ4MmE0MWUwXkEyXkFqcGc@._V1_SX300.jpg
922,https://m.media-amazon.com/images/M/MV5BMTU0NTkyNzYwMF5BMl5BanBnXkFtZTgwMDU0NDk5MTI@._V1_SX300.jpg
923,https://m.media-amazon.com/images/M/MV5BYjk1ZDJlMmUtOWQ0Zi00MDM5LTk1OGYtODczNjFmMGYwZGVkXkEyXkFqcGc@._V1_SX300.jpg
924,https://m.media-amazon.com/images/M/MV5BNjU0NDFkMTQtZWY5OS00MmZhLTg3Y2QtZmJhMzMzMWYyYjc2XkEyXkFqcGc@._V1_SX300.jpg
926,https://m.media-amazon.com/images/M/MV5BOTM4ZjUzOGUtYzdlZi00ZmM5LTk5NTEtMjQxNDVmOTc5NWNlXkEyXkFqcGc@._V1_SX300.jpg
927,https://m.media-amazon.com/images/M/MV5BN2U5NDc3MzYtNDM4Ni00NDA5LWI5OGEtN2ExMDA0YjhmMGQ2XkEyXkFqcGc@._V1_SX300.jpg
928,https://m.media-amazon.com/images/M/MV5BYTI0MjUyODAtZTBkNC00MmIwLWFlNmYtMWE3ZmJlOWJjM2QyXkEyXkFqcGc@._V1_SX300.jpg
929,https://m.media-amazon.com/images/M/MV5BNzE1M2QxY2YtNzI3NS00ZTViLTkxZTEtNGM4NWVjMjAyYjM0XkEyXkFqcGc@._V1_SX300.jpg
930,https://m.media-amazon.com/images/M/MV5BOGU5ZjdmNzUtMGY0Ny00NjMyLWJiMDEtMmMzYmMyOTNjNzlmXkEyXkFqcGc@._V1_SX300.jpg
931,https://m.media-amazon.com/images/M/MV5BYmMxNWY2MjItMWQyMi00MmNiLTk3ZTUtNjRlOTZhNzVjNzc0XkEyXkFqcGc@._V1_SX300.jpg
932,https://m.media-amazon.com/images/M/MV5BZGVjNGJkNmQtODJlYy00MThiLWFkNGYtMDQ3NDNhNTY3MWVlXkEyXkFqcGc@._V1_SX300.jpg
933,https://m.media-amazon.com/images/M/MV5BOWVjMjA1YzQtMjY4Yy00NDg1LTkwYmUtNDVlZGZiNmRhMGQ0XkEyXkFqcGc@._V1_SX300.jpg
934,https://m.media-amazon.com/images/M/MV5BOGY2YWY0MzItYjZiMS00MjkzLWFhYjItMWJhZDg4N2I2YWE4XkEyXkFqcGc@._V1_SX300.jpg
935,https://m.media-amazon.com/images/M/MV5BOTdjYTRlOGItNDZhZC00YTk2LWFhZWMtMzBjNjc5YjVhNWE0XkEyXkFqcGc@._V1_SX300.jpg
936,https://m.media-amazon.com/images/M/MV5BNTllODg3NmItOTY2Yi00NDhkLWE2OWYtNmE0ZWU4NTZiYjljXkEyXkFqcGc@._V1_SX300.jpg
937,https://m.media-amazon.com/images/M/MV5BNmJlZWRjYjQtNzczMy00YzhjLTg0OGItYzljYTZlZmY3YjY0XkEyXkFqcGc@._V1_SX300.jpg
938,https://m.media-amazon.com/images/M/MV5BYTRkOGQ3YTItYmJlMy00MjhmLWFiMTMtMGIzZDZmOGU1MzgyXkEyXkFqcGc@._V1_SX300.jpg
940,https://m.media-amazon.com/images/M/MV5BYjA3NzFjNmItYTkwZi00NmMyLWFiMDgtMzY4NjY1ODE0NTg1XkEyXkFqcGc@._V1_SX300.jpg
941,https://m.media-amazon.com/images/M/MV5BMTU2ODc0NzUyMl5BMl5BanBnXkFtZTgwODQ3NTA1MjE@._V1_SX300.jpg
942,https://m.media-amazon.com/images/M/MV5BYWUyNDNhZGQtZjJkMS00OTM1LWEzNTktMjlkYjM3OGVmODhiXkEyXkFqcGc@._V1_SX300.jpg
943,https://m.media-amazon.com/images/M/MV5BMmI5OTZiYTItYzJjNi00YWFjLTk3NDMtZDY1YTg3NmQ4MjM4XkEyXkFqcGc@._V1_SX300.jpg
944,https://m.media-amazon.com/images/M/MV5BNzY5MzY5YjAtMmMzNS00YTZkLWJiMjctMTM5M2I3YzdkNzg1XkEyXkFqcGc@._V1_SX300.jpg
945,https://m.media-amazon.com/images/M/MV5BYzUzZWE4NzctYzlkYS00NDkwLTljYjMtNWQwMDY4NGExZmJkXkEyXkFqcGc@._V1_SX300.jpg
946,https://m.media-amazon.com/images/M/MV5BMTA5OTRkZGUtNDhhOS00OThmLTgwZWYtZGZkM2M4YjZhNzc5XkEyXkFqcGc@._V1_SX300.jpg
947,https://m.media-amazon.com/images/M/MV5BMTVlOTFjMzQtNGJmNy00ZTUwLTgwNWUtZWUyMzY2MGU3MjU4XkEyXkFqcGc@._V1_SX300.jpg
948,https://m.media-amazon.com/images/M/MV5BYTRjYjQ4ZjktZWVkNS00YmRkLTkwMjYtOTA5ZDUxM2UzNDk1XkEyXkFqcGc@._V1_SX300.jpg
949,https://m.media-amazon.com/images/M/MV5BYjkyNzQ0MTgtOTk5Yi00NWVjLTkwYmMtZjhhMDkxMmZmMGZiXkEyXkFqcGc@._V1_SX300.jpg
950,https://m.media-amazon.com/images/M/MV5BOWNhZmQxMzUtZDMxYS00OWFhLWI1MjgtOTYxNmM0NWQ3M2FhXkEyXkFqcGc@._V1_SX300.jpg
951,https://m.media-amazon.com/images/M/MV5BMzRhMTQ1ZjEtYzM2MC00OThiLTk3NTEtNGRhNzcwNGM2YWQ4XkEyXkFqcGc@._V1_SX300.jpg
952,https://m.media-amazon.com/images/M/MV5BYTNmOTdlYzUtMGEyOC00YzBmLWFmYzAtMTBiM2UwOWQwZGJkXkEyXkFqcGc@._V1_SX300.jpg
953,https://m.media-amazon.com/images/M/MV5BMDM4OWFhYjEtNTE5Yy00NjcyLTg5N2UtZDQwNDZlYjlmNDU5XkEyXkFqcGc@._V1_SX300.jpg
954,https://m.media-amazon.com/images/M/MV5BMDU4ZjNmMjEtMjcxYi00NDAxLWFlMjQtNWIyNjg5NWUzNTdjXkEyXkFqcGc@._V1_SX300.jpg
955,https://m.media-amazon.com/images/M/MV5BNDA5M2NlYjAtYzQ3OC00ZWM0LWJjYWYtMTU5N2NhNGY3ZmZmXkEyXkFqcGc@._V1_SX300.jpg
956,https://m.media-amazon.com/images/M/MV5BN2E2NTVkOTQtOTZkZi00MzRkLTgwYTgtZjI0MzRiMjFiNDBmXkEyXkFqcGc@._V1_SX300.jpg
959,https://m.media-amazon.com/images/M/MV5BNDJlNDE0NDEtOTE3Yi00MDQyLTk5NWEtNjFmNjI2NWU1MGEyXkEyXkFqcGc@._V1_SX300.jpg
961,https://m.media-amazon.com/images/M/MV5BN2VjZWI3NGItZjI1Ni00Yjk1LTllNTktNWIyZGVkYWY5NTRjXkEyXkFqcGc@._V1_SX300.jpg
963,https://m.media-amazon.com/images/M/MV5BODI5MTVkOWEtYzcwOC00ZjVjLWIxYmQtOGFlZGU1MGU5MTUzXkEyXkFqcGc@._V1_SX300.jpg
965,https://m.media-amazon.com/images/M/MV5BMTY5ODAzMTcwOF5BMl5BanBnXkFtZTcwMzYxNDYyNA@@._V1_SX300.jpg
968,https://m.media-amazon.com/images/M/MV5BZGMyZTA0MWEtZjczMS00ZDE5LTk1OTQtNmIxNGYzNDA2NDVhXkEyXkFqcGc@._V1_SX300.jpg
969,https://m.media-amazon.com/images/M/MV5BY2Y0OWQ4Y2QtNGE5NC00MDk4LWFlYmQtYWVmNzZlZWVhMTg4XkEyXkFqcGc@._V1_SX300.jpg
970,https://m.media-amazon.com/images/M/MV5BMjA2MDUyMzcxMl5BMl5BanBnXkFtZTgwOTQzNzYzMjE@._V1_SX300.jpg
971,https://m.media-amazon.com/images/M/MV5BMTYzNjY1YjYtNDQzMi00M2JjLTgwMDEtMDc3ZWE3ZmI2NjNiXkEyXkFqcGc@._V1_SX300.jpg
973,https://m.media-amazon.com/images/M/MV5BNTVkYTIwMmUtOTkyNC00OGRjLTlhNDktNGU0YjhjYWU1ODQwXkEyXkFqcGc@._V1_SX300.jpg
976,https://m.media-amazon.com/images/M/MV5BMzM2ODc0NTY3OF5BMl5BanBnXkFtZTgwMjQwNzkzMjE@._V1_SX300.jpg
979,https://m.media-amazon.com/images/M/MV5BMTAyOTM2NjYxMTBeQTJeQWpwZ15BbWU3MDc4ODg4MTE@._V1_SX300.jpg
981,https://m.media-amazon.com/images/M/MV5BYTk5YjFkZjgtZmVmOS00MGQyLTkyNzYtMzk5ZGEzNDM3ZmEyXkEyXkFqcGdeQXVyMTkzMjM1NzE@._V1_SX300.jpg
982,https://m.media-amazon.com/images/M/MV5BY2NhZDViNGQtYzQ2MS00Y2M0LWI5MWMtMDVkYTAxYWI2YThlXkEyXkFqcGc@._V1_SX300.jpg
984,https://m.media-amazon.com/images/M/MV5BM2MyZWNiZjctOGE1NS00YjBhLTk2ODAtOGQwOTQ5MDEwOTNiXkEyXkFqcGdeQXVyMTMxMTY0OTQ@._V1_SX300.jpg
986,https://m.media-amazon.com/images/M/MV5BNWQwYmJjNDgtOGU2MS00MzRmLTgyZmMtMTRjNWQ4ODFjMTBiXkEyXkFqcGc@._V1_SX300.jpg
987,https://m.media-amazon.com/images/M/MV5BMmVkMmMwNmMtZjA4OC00M2RjLWIwZTEtM2JmZmNmMTcwYzQ0XkEyXkFqcGc@._V1_SX300.jpg
988,https://m.media-amazon.com/images/M/MV5BOTA0YzkzM2MtNzlhNi00ZTdmLThlMmQtMTI3OGY1NzYxZGRmXkEyXkFqcGdeQXVyNjMwMjk0MTQ@._V1_SX300.jpg
990,https://m.media-amazon.com/images/M/MV5BOGFkYjU2NzktOWIwOS00OGQyLWJkODEtZjVkYzkwOThlMWY0XkEyXkFqcGc@._V1_SX300.jpg
991,https://m.media-amazon.com/images/M/MV5BMGI3YmUzMjYtNmFiOC00YjFhLWFmNTgtOGNhNDdkNWUxZDgxXkEyXkFqcGc@._V1_SX300.jpg
993,https://m.media-amazon.com/images/M/MV5BNDk3NzVjNmQtMGQ1Yy00YTY1LTkyNWQtMzVhNWZmOWJkMmY2XkEyXkFqcGc@._V1_SX300.jpg
994,https://m.media-amazon.com/images/M/MV5BMzhiODc5YzMtZDBkNC00MTk4LWIyMDItOTE4ODE2ZDYwZGU5XkEyXkFqcGc@._V1_SX300.jpg
996,https://m.media-amazon.com/images/M/MV5BOTk5MWVmNzYtNzllZi00YTAxLWE5ZDUtNDdiYzM2OTY1M2U4XkEyXkFqcGc@._V1_SX300.jpg
998,https://m.media-amazon.com/images/M/MV5BZTE3ZGQ0MWEtOTk1Mi00MjU3LWJlMTYtNjA1ODg2OTQ3MGQ4XkEyXkFqcGc@._V1_SX300.jpg
999,https://m.media-amazon.com/images/M/MV5BMDY0MTFmODgtMWNjNS00MmM4LWIwODctN2MxOTNkMzc0YTFjXkEyXkFqcGc@._V1_SX300.jpg
1003,https://m.media-amazon.com/images/M/MV5BZTRkZTcwYjItNjEyMC00OGNmLWE4ODQtYjFjMmIzNTYxNWM1XkEyXkFqcGc@._V1_SX300.jpg
1004,https://m.media-amazon.com/images/M/MV5BYTZkODA2ZjAtNDc5YS00N2ExLWEwYjEtNjRiYWM5MTA5N2UyXkEyXkFqcGc@._V1_SX300.jpg
1005,https://m.media-amazon.com/images/M/MV5BN2E2MjAyMzktNjQxNC00NmRmLWI2MWYtNjQxN2JjMTAyZjMxXkEyXkFqcGc@._V1_SX300.jpg
1006,https://m.media-amazon.com/images/M/MV5BM2E2ZDE4OTItOGFlMi00YmJjLWIwYjMtODAwMDdhZWQ5NGFlXkEyXkFqcGc@._V1_SX300.jpg
1007,https://m.media-amazon.com/images/M/MV5BYWY3NmRmMmItNDllNS00MTQ0LTk3ZDAtMjIxMzkzZjAzYmM4XkEyXkFqcGc@._V1_SX300.jpg
1008,https://m.media-amazon.com/images/M/MV5BMGExYjNlZjgtNTUyYS00ZDdkLTg1MzUtMjU2ODEzNDA0NTUyXkEyXkFqcGc@._V1_SX300.jpg
1009,https://m.media-amazon.com/images/M/MV5BMDcwNjE2ZjgtN2U1YS00ZTNjLWI0Y2YtZDBlOTVkYzc3Y2E4XkEyXkFqcGc@._V1_SX300.jpg
1010,https://m.media-amazon.com/images/M/MV5BYTBiZDAwMDYtOGFhMy00Mzk3LThlZTktZTM1MzYxMWEzMDE4XkEyXkFqcGc@._V1_SX300.jpg
1011,https://m.media-amazon.com/images/M/MV5BYjkwZjI3YTEtYmU1ZS00N2U2LWEzNmEtZDBmZTdiYjFhNWVmXkEyXkFqcGc@._V1_SX300.jpg
1012,https://m.media-amazon.com/images/M/MV5BOWE4NzZiNTctNzQ4My00MDE3LThiNTMtNDYwNWRjZGRlM2QzXkEyXkFqcGc@._V1_SX300.jpg
1013,https://m.media-amazon.com/images/M/MV5BZDc5NGU5OTEtODFiYi00ZTdmLWE5M2EtMDQ4ZmQ3NTExZDNmXkEyXkFqcGc@._V1_SX300.jpg
1014,https://m.media-amazon.com/images/M/MV5BNjA5MDU4NmMtNTVkMi00ODQxLWJmMjgtYzJmYjY1MWNkNDc5XkEyXkFqcGc@._V1_SX300.jpg
1015,https://m.media-amazon.com/images/M/MV5BOWQzYzgyNGEtMjFhMC00MjhlLTk2OGYtMzY4M2MyYWE5ZGI1XkEyXkFqcGc@._V1_SX300.jpg
1016,https://m.media-amazon.com/images/M/MV5BNjc5Mjg5YWMtMjA2Ni00Yjk4LTk5NjQtZjAwN2I3MjIyYjdiXkEyXkFqcGc@._V1_SX300.jpg
1017,https://m.media-amazon.com/images/M/MV5BOTk3ZmNjZGMtNTExZi00NDI1LTk3YTAtMDFjM2U0OTcwYTk2XkEyXkFqcGc@._V1_SX300.jpg
1018,https://m.media-amazon.com/images/M/MV5BNTFjYjAyNGEtZjdlZS00NDZlLWE0ZjUtNzIyZTY5NTNkMDgzXkEyXkFqcGc@._V1_SX300.jpg
1019,https://m.media-amazon.com/images/M/MV5BNGMxNDA0MDUtOWRkMi00NjhhLTk3ODUtNDcyYzFhMzIzMDY4XkEyXkFqcGc@._V1_SX300.jpg
1020,https://m.media-amazon.com/images/M/MV5BOTUwMDdkMWMtYTE1Yy00NGZiLTliM2ItMTVlOTkxMTY1MDc3XkEyXkFqcGc@._V1_SX300.jpg
1021,https://m.media-amazon.com/images/M/MV5BNjk3NTA2ZDktMmYwOC00Y2MxLWJkN2ItZWY3ZDEyMmE2OGY5XkEyXkFqcGc@._V1_SX300.jpg
1022,https://m.media-amazon.com/images/M/MV5BZmNmNjZhYTQtY2I4OC00ZDAzLWE2MTEtZjdiMzIzMjRjNWZkXkEyXkFqcGc@._V1_SX300.jpg
1023,https://m.media-amazon.com/images/M/MV5BMTcxMGRkZTYtZDc3Ni00YjhlLWIxN2ItN2Q4ZWIxZjk0YTFiXkEyXkFqcGc@._V1_SX300.jpg
1024,https://m.media-amazon.com/images/M/MV5BNDg4MWM1Y2EtYzE2OC00YzJjLWE5YWYtZThkMDllMWM1MjllXkEyXkFqcGc@._V1_SX300.jpg
1025,https://m.media-amazon.com/images/M/MV5BN2U1ZDI3OGMtOTU0Ni00MTAxLTgwYWEtN2QwZDI4ZTQ5MTQ0XkEyXkFqcGc@._V1_SX300.jpg
1027,https://m.media-amazon.com/images/M/MV5BNTUyMjA5NDktNWY5Ny00ZWU4LWE4Y2ItMDYzZTk0NzU3ZWMyXkEyXkFqcGc@._V1_SX300.jpg
1028,https://m.media-amazon.com/images/M/MV5BNThiNjgzMTYtZjUzMC00YTVlLTg4MDItMmFjMDIwYjg4ZDAwXkEyXkFqcGc@._V1_SX300.jpg
1029,https://m.media-amazon.com/images/M/MV5BNzIzZWZmM2ItNGMzOC00MGFiLTgxODgtNTQ2Mzk3ZWE1MzYxXkEyXkFqcGc@._V1_SX300.jpg
1030,https://m.media-amazon.com/images/M/MV5BMWIwNTBiYTktZmRkMy00MjcyLWJlOTItNDQ4NzcyZDM3ZjgyXkEyXkFqcGc@._V1_SX300.jpg
1031,https://m.media-amazon.com/images/M/MV5BMTUxMTY3MTE5OF5BMl5BanBnXkFtZTgwNTQ0ODgxMzE@._V1_SX300.jpg
1032,https://m.media-amazon.com/images/M/MV5BMTgyMjM2NTAxMF5BMl5BanBnXkFtZTgwNjU1NDc2MTE@._V1_SX300.jpg
1033,https://m.media-amazon.com/images/M/MV5BY2IxMDIxZTAtMjEyMS00MzY3LTkyM2EtNTVlNTZmMjI1OTRlXkEyXkFqcGc@._V1_SX300.jpg
1034,https://m.media-amazon.com/images/M/MV5BOTliYjdlMTctMjgxZC00MDExLThhODktZjk3NGI4ZDE3YjEyXkEyXkFqcGc@._V1_SX300.jpg
1035,https://m.media-amazon.com/images/M/MV5BYWJhYmU4MjQtZDJhYi00ZGVjLTlkNTEtNzkzNGVjOWQ3MjcwXkEyXkFqcGc@._V1_SX300.jpg
1036,https://m.media-amazon.com/images/M/MV5BMGNlYmM1NmQtYWExMS00NmRjLTg5ZmEtMmYyYzJkMzljYWMxXkEyXkFqcGc@._V1_SX300.jpg
1037,https://m.media-amazon.com/images/M/MV5BM2JlNzVmN2QtM2IwYS00ZjVmLWI4NDMtYTU4MmEzMzRmYzNkXkEyXkFqcGc@._V1_SX300.jpg
1040,https://m.media-amazon.com/images/M/MV5BOTJkMzZhZDktYzhkZS00ZjBjLTk0ZGMtMGU3YjAxNTRmNGM4XkEyXkFqcGc@._V1_SX300.jpg
1041,https://m.media-amazon.com/images/M/MV5BMTU5ZWJkN2MtNGQ1Yy00YjIwLWE1ODAtNTMxNGM5NmY2YTJmXkEyXkFqcGc@._V1_SX300.jpg
1042,https://m.media-amazon.com/images/M/MV5BYTk4MmU0NTMtYzFiYi00NWRiLTkzYWEtNWM2Mzk5YTMwNThjXkEyXkFqcGc@._V1_SX300.jpg
1043,https://m.media-amazon.com/images/M/MV5BODczZTdlZWUtMGJhMy00ZmIxLWE2NzItMzBiMGExMmJhYWE2XkEyXkFqcGc@._V1_SX300.jpg
1046,https://m.media-amazon.com/images/M/MV5BYmQ3YWZkMGEtN2E3MC00ZGRjLWI3ZTMtY2YwYTQwZGM1ZjNhXkEyXkFqcGc@._V1_SX300.jpg
1047,https://m.media-amazon.com/images/M/MV5BZjJmNzZjODktNmNhMy00NDZiLWIwNGUtM2NjYWNhZWU4YTY1XkEyXkFqcGc@._V1_SX300.jpg
1049,https://m.media-amazon.com/images/M/MV5BN2RmY2IyNGMtMTE1Yi00ZmQ2LTllM2YtYzZmYzIzZmQ1ZTIxXkEyXkFqcGc@._V1_SX300.jpg
1050,https://m.media-amazon.com/images/M/MV5BN2EwYTM3MmYtYjIzNi00YzQ3LWE1YWMtMjQwNzI0ODIyN2ZjXkEyXkFqcGc@._V1_SX300.jpg
1051,https://m.media-amazon.com/images/M/MV5BZDI2Yjk0MDMtMDQ5OC00N2M4LWJkZWUtYjlkNWY2NDFhYjVmXkEyXkFqcGc@._V1_SX300.jpg
1053,https://m.media-amazon.com/images/M/MV5BZTc4YTRhNWItZGI0Mi00ZDczLTg2OTctMDI0ZTk3ZGFjMDYzXkEyXkFqcGc@._V1_SX300.jpg
1054,https://m.media-amazon.com/images/M/MV5BMjI5NWYxOWYtNTI4NC00ZTI5LWE1N2UtMDY1YTk0NjBlOGZiXkEyXkFqcGc@._V1_SX300.jpg
1055,https://m.media-amazon.com/images/M/MV5BODk5NGM4NDctNWI0OC00OTBmLWIwNzQtYmYwMjVkZDZmODc0XkEyXkFqcGc@._V1_SX300.jpg
1056,https://m.media-amazon.com/images/M/MV5BOTU4NTc3NDUtMjI5ZS00MGMwLWFhMDQtODcwMmUwOGEyZjYwXkEyXkFqcGc@._V1_SX300.jpg
1057,https://m.media-amazon.com/images/M/MV5BZTVlNmFjNTItNjljOC00ZTkwLTk1ZGUtYmIzN2QwNThhM2E1XkEyXkFqcGc@._V1_SX300.jpg
1059,https://m.media-amazon.com/images/M/MV5BZjBhYjkxN2EtNDc1Yy00NTViLTkxMjQtMDYxMzM0MzA3NGQ4XkEyXkFqcGc@._V1_SX300.jpg
1060,https://m.media-amazon.com/images/M/MV5BMWMyNzc3NGEtMzdlMy00OGFjLWIwN2ItYmUxNmVhN2Y0ODYyXkEyXkFqcGc@._V1_SX300.jpg
1061,https://m.media-amazon.com/images/M/MV5BMjBhMWRmZTAtOGRlNC00YWYxLTlmZWUtYTY4YThlZGNhYmM2XkEyXkFqcGc@._V1_SX300.jpg
1064,https://m.media-amazon.com/images/M/MV5BODFkMjE5YzAtMDFkOC00ZDNhLTkwNmQtODk1Y2VhNThlNWJhXkEyXkFqcGdeQXVyNzY1NDgwNjQ@._V1_SX300.jpg
1066,https://m.media-amazon.com/images/M/MV5BYTE2YjFjNDUtZDZiNy00ZjQ3LWFkMDktNWIyNTAwZGU1YzVhXkEyXkFqcGc@._V1_SX300.jpg
1068,https://m.media-amazon.com/images/M/MV5BZmI4NTk3NDMtZjBjMC00ZmE5LWFjYjctM2RlMjI2NDRiNTI5XkEyXkFqcGc@._V1_SX300.jpg
1073,https://m.media-amazon.com/images/M/MV5BNzllNzlkNzYtZTEzZi00ODMwLWFlYTctZDE5Mzk0NTM1NmViXkEyXkFqcGc@._V1_SX300.jpg
1076,https://m.media-amazon.com/images/M/MV5BMGJhMDFhYjMtY2QwOC00ZjBhLWFmZGYtZWI1NzI2MjAxNmQ4XkEyXkFqcGc@._V1_SX300.jpg
1077,https://m.media-amazon.com/images/M/MV5BZGVhZWIwZTQtZGVjMS00MzZkLWEzNWMtMDVmNDU5NmRmNTY1XkEyXkFqcGc@._V1_SX300.jpg
1078,https://m.media-amazon.com/images/M/MV5BMTIyYmU1NmQtYjI3Ni00N2IwLTg4MmItMzNhOWRiMjk5NjY4XkEyXkFqcGc@._V1_SX300.jpg
1079,https://m.media-amazon.com/images/M/MV5BNjFhZDg1ZmEtYmI0Ny00MjM3LWIxNzItMzU1MzczZTljMTkxXkEyXkFqcGc@._V1_SX300.jpg
1080,https://m.media-amazon.com/images/M/MV5BNDMzY2E4NjEtMTJiZC00Y2UzLWFiM2MtZWVhNTg5OGQxNjk1XkEyXkFqcGc@._V1_SX300.jpg
1081,https://m.media-amazon.com/images/M/MV5BMzBlOThkMzQtZmY3Yi00ZmI1LTg3OWItZjlkZTQ0YmJmZTczXkEyXkFqcGc@._V1_SX300.jpg
1082,https://m.media-amazon.com/images/M/MV5BNDQzMGMzYTctOWE5Mi00OGFlLTlhY2YtZjg1NGFlZDkwNzkxXkEyXkFqcGc@._V1_SX300.jpg
1083,https://m.media-amazon.com/images/M/MV5BNmQwOWFlZjgtY2QwZS00OWZkLWI0YTEtOTMzMjBhNjExZTlkXkEyXkFqcGc@._V1_SX300.jpg
1084,https://m.media-amazon.com/images/M/MV5BYWI3ZmM1NmEtMDk4Yi00MzYzLTk0MDctYWJlZjY4MGViNDFiXkEyXkFqcGc@._V1_SX300.jpg
1085,https://m.media-amazon.com/images/M/MV5BMzI0NWRkMTMtMWY3NS00MDMwLWFiMzItMWRiMDk0MDcyOGZlXkEyXkFqcGc@._V1_SX300.jpg
1086,https://m.media-amazon.com/images/M/MV5BZmYzNDgzYjgtNmU3Ny00YzUxLWE3OWUtMjIxZmNkYTVhNDZmXkEyXkFqcGc@._V1_SX300.jpg
1088,https://m.media-amazon.com/images/M/MV5BZmIwZjA1NzUtNTA0OS00OWMyLWE5MzctM2RjOWYxZjQyZDdmXkEyXkFqcGc@._V1_SX300.jpg
1089,https://m.media-amazon.com/images/M/MV5BMmMzYjg4NDctYWY0Mi00OGViLWIzMTMtYWNlZGY5ZDJmYjk3XkEyXkFqcGc@._V1_SX300.jpg
1090,https://m.media-amazon.com/images/M/MV5BZjE4YjllODAtZGMxZS00Mjg2LThkOWUtZjNkMjQ5YThiNDU4XkEyXkFqcGc@._V1_SX300.jpg
1091,https://m.media-amazon.com/images/M/MV5BMzM1NDkxOWQtNTVkOC00YjA5LTk3ZjQtZWM5OGE1ZjMxZTJlXkEyXkFqcGc@._V1_SX300.jpg
1092,https://m.media-amazon.com/images/M/MV5BZWYwYmQzYTctMjg5Ni00NWZkLWI5NzItZGFjMDM2NDkyNGZlXkEyXkFqcGc@._V1_SX300.jpg
1093,https://m.media-amazon.com/images/M/MV5BM2JlMDYyYWEtMmY3Ny00ODgyLWFiMDMtZjFmNzQ3NzE3Njg5XkEyXkFqcGc@._V1_SX300.jpg
1094,https://m.media-amazon.com/images/M/MV5BY2NlZjJlODgtNDQ1ZC00YjcxLTgxMjAtODNmYmQ5MTRhOTNkXkEyXkFqcGc@._V1_SX300.jpg
1095,https://m.media-amazon.com/images/M/MV5BM2Q5NDA1ODctNmM4Yy00Yjk4LTg2ZTUtZTJjYzYyMjA2MTdmXkEyXkFqcGc@._V1_SX300.jpg
1096,https://m.media-amazon.com/images/M/MV5BZDZiZGY3OWYtY2E3My00ZTY0LTk4NTEtYjMzMWZkNGJiMjNiXkEyXkFqcGc@._V1_SX300.jpg
1097,https://m.media-amazon.com/images/M/MV5BYTNhNmY0YWMtMTczYi00MTA0LThhMmUtMTIxYzE0Y2QwMzRlXkEyXkFqcGc@._V1_SX300.jpg
1099,https://m.media-amazon.com/images/M/MV5BNjUyY2Y3NjMtNjIwNC00OTAxLThkOGYtNDc4OGMyODY1NGJhXkEyXkFqcGc@._V1_SX300.jpg
1100,https://m.media-amazon.com/images/M/MV5BNjM0NjgwYjAtMjQ3Mi00NDY1LTgwMDktZGJkOGRkMTBkMDA2XkEyXkFqcGc@._V1_SX300.jpg
1101,https://m.media-amazon.com/images/M/MV5BZmVjNzQ3MjYtYTZiNC00Y2YzLWExZTEtMTM2ZDllNDI0MzgyXkEyXkFqcGc@._V1_SX300.jpg
1103,https://m.media-amazon.com/images/M/MV5BY2QzZWUzODQtODUyZi00NDBlLTgzMGEtY2UzNmZhYzI0MTEyXkEyXkFqcGc@._V1_SX300.jpg
1104,https://m.media-amazon.com/images/M/MV5BNTdmZDY1ODQtNzFjYy00MGM4LWJmNDItN2MxMmQ2OTgxZGNmXkEyXkFqcGc@._V1_SX300.jpg
1105,https://m.media-amazon.com/images/M/MV5BYWU1MWU5ZDUtNjJlNS00Y2MwLThmNjAtNTAwNjM1NDAwYTY5XkEyXkFqcGdeQXVyMTQxNzMzNDI@._V1_SX300.jpg
1107,
1111,https://m.media-amazon.com/images/M/MV5BNGMwODhiY2MtZDY3OC00N2ZkLWIwM2MtOGU1ZDg1Njk4NmZkXkEyXkFqcGc@._V1_SX300.jpg
1112,https://m.media-amazon.com/images/M/MV5BMDUyYTdhOGItYmI0MS00NThjLWEyYmYtZDNlYmQ0MjlhODk3XkEyXkFqcGc@._V1_SX300.jpg
1114,https://m.media-amazon.com/images/M/MV5BMzY3YmI4YjMtMWM3Zi00YTJmLWFhNGItZDAzYTUxMjJhZGUxXkEyXkFqcGc@._V1_SX300.jpg
1116,https://m.media-amazon.com/images/M/MV5BZjc1ZTg2ZWItMTY0ZS00ODNlLWEyMzItMWIyYzA5YTI2ODc2XkEyXkFqcGc@._V1_SX300.jpg
1117,https://m.media-amazon.com/images/M/MV5BOTZlNzVlYjYtZTNlZS00ZjA3LTk1NDUtODdmYzRlMmExNDc2XkEyXkFqcGc@._V1_SX300.jpg
1119,https://m.media-amazon.com/images/M/MV5BNGQ3OWEwMmItN2E3Mi00OGRkLWJiMDItYzg3YTQxOWQwNmFhXkEyXkFqcGdeQXVyMTk0MjQ3Nzk@._V1_SX300.jpg
1120,https://m.media-amazon.com/images/M/MV5BNDU2ZTYxMDItNzRjNy00YWNkLTg1YTAtYmZlYTQxMzA3NjFmXkEyXkFqcGc@._V1_SX300.jpg
1121,https://m.media-amazon.com/images/M/MV5BMjlhMGFhZWYtZDMwNi00ZDJhLWEyOTctMGRlMjRjMmMwMGU5XkEyXkFqcGc@._V1_SX300.jpg
1123,https://m.media-amazon.com/images/M/MV5BMTMzMjgyMjI2N15BMl5BanBnXkFtZTcwMzg1NTUyMQ@@._V1_SX300.jpg
1124,https://m.media-amazon.com/images/M/MV5BZmI3OGQ0YjQtZjNkYi00NmEzLWE5NjMtMTdkYjA4YTdiYzBiXkEyXkFqcGc@._V1_SX300.jpg
1125,https://m.media-amazon.com/images/M/MV5BZTFkNDljYjgtZmQ3NS00MDkxLTk3OGItNzZlZTgxZTAzN2JlXkEyXkFqcGc@._V1_SX300.jpg
1126,https://m.media-amazon.com/images/M/MV5BOGZmZGE5YzQtOTFlOS00NmZiLWI3YTYtMjNiZmU4ZTM5MDY5XkEyXkFqcGc@._V1_SX300.jpg
1127,https://m.media-amazon.com/images/M/MV5BMGRkNzJlNjgtZmUwYS00Y2U3LTljZDctMTQxYWIxOWVjMzNjXkEyXkFqcGc@._V1_SX300.jpg
1128,https://m.media-amazon.com/images/M/MV5BYWVlMmM5YmMtZGJkYy00ODgxLTgyNTctYzM2MTYwZDRkYTJmXkEyXkFqcGc@._V1_SX300.jpg
1129,https://m.media-amazon.com/images/M/MV5BMTUzMTY0Nzg0MV5BMl5BanBnXkFtZTgwMDU3MzQxMDE@._V1_SX300.jpg
1130,https://m.media-amazon.com/images/M/MV5BM2RhZWNhZWYtOTVkZS00N2Q4LTk3MmQtNDI1YTVjZmY3NmRjXkEyXkFqcGc@._V1_SX300.jpg
1131,https://m.media-amazon.com/images/M/MV5BZjliZjBkNTEtODcyOS00ZGFlLWFmMTAtMTBmOTJkNmQ4MDgwXkEyXkFqcGc@._V1_SX300.jpg
1132,https://m.media-amazon.com/images/M/MV5BYTQwZWUyNTgtYTU5My00YjdiLTg5NGQtN2JhMjE4MzY4NjAzXkEyXkFqcGc@._V1_SX300.jpg
1135,https://m.media-amazon.com/images/M/MV5BMjIyNjkxMjUyMF5BMl5BanBnXkFtZTgwMzU0MjEyMDE@._V1_SX300.jpg
1136,https://m.media-amazon.com/images/M/MV5BYWY4YmUzZmUtMzQ0ZS00N2Y2LWJlODQtN2IwMDc1MWQwMmU3XkEyXkFqcGc@._V1_SX300.jpg
1137,https://m.media-amazon.com/images/M/MV5BMTI0MTA5NzUyNF5BMl5BanBnXkFtZTcwMTk1MzMyMQ@@._V1_SX300.jpg
1140,https://m.media-amazon.com/images/M/MV5BMTU5Nzc5MTYyNl5BMl5BanBnXkFtZTcwMDkwMTQyMQ@@._V1_SX300.jpg
1144,https://m.media-amazon.com/images/M/MV5BMjE5MTMwMDY5NV5BMl5BanBnXkFtZTcwMDMwOTUyMQ@@._V1_SX300.jpg
1147,https://m.media-amazon.com/images/M/MV5BMTQ4NjU3MzI3NF5BMl5BanBnXkFtZTgwMjYyODU3MDI@._V1_SX300.jpg
1148,https://m.media-amazon.com/images/M/MV5BZGI0ZjU1ZmUtZmRlZC00Yjg3LWI1MjktM2YwYmU1NGNiYzU0XkEyXkFqcGc@._V1_SX300.jpg
1150,https://m.media-amazon.com/images/M/MV5BMWEyYTVhODAtMWE4Yi00NDQyLWE2YjctNzYyNjNmNTFlNjZlXkEyXkFqcGc@._V1_SX300.jpg
1151,https://m.media-amazon.com/images/M/MV5BMjEyMzM4ODg4N15BMl5BanBnXkFtZTgwMjQ4NzEwMjE@._V1_SX300.jpg
1156,https://m.media-amazon.com/images/M/MV5BMWNmMjUxMTYtNWJjOS00Nzc1LTliYzItYTc2ZmEyYmE2ZjU0XkEyXkFqcGdeQXVyMzIzNDU1NTY@._V1_SX300.jpg
1161,https://m.media-amazon.com/images/M/MV5BZjMzMjdlM2MtNjY1NS00NzMzLTlmY2YtYWU5OTliOGE2MDBjXkEyXkFqcGc@._V1_SX300.jpg
1162,https://m.media-amazon.com/images/M/MV5BMGRjNjJhMTYtMjQyOS00MDFhLTgzMTktYmNmNjNmYTQwYTg2XkEyXkFqcGc@._V1_SX300.jpg
1163,https://m.media-amazon.com/images/M/MV5BMTgzOTMxNTc3NV5BMl5BanBnXkFtZTcwOTE5MjcxMQ@@._V1_SX300.jpg
1167,https://m.media-amazon.com/images/M/MV5BZmVhYTk1MWEtOTZkYS00YWJmLWJlZTctNDIzN2JjODMyYmMyXkEyXkFqcGdeQXVyNzc5MjA3OA@@._V1_SX300.jpg
1170,https://m.media-amazon.com/images/M/MV5BMTA3Mjc1ZDEtOWFmMy00YzI5LTk4MzgtZWEyZGJkYjYwM2E5XkEyXkFqcGc@._V1_SX300.jpg
1171,https://m.media-amazon.com/images/M/MV5BNDkzMzE3YWItMDhhOC00MDU2LThjZmUtODAyZjZiMWViYmE4XkEyXkFqcGc@._V1_SX300.jpg
1172,https://m.media-amazon.com/images/M/MV5BMTljNzc4YWEtYTZlMS00ODMyLWIwMTAtNWQxY2VkMDEwYTk5XkEyXkFqcGc@._V1_SX300.jpg
1173,https://m.media-amazon.com/images/M/MV5BOWNhOTI1MGYtNWFjMS00NDQyLTlkYzItZGJkYmZjODdkMDE4XkEyXkFqcGc@._V1_SX300.jpg
1175,https://m.media-amazon.com/images/M/MV5BMGM3ZjE4ZjMtOGIxNi00ODc3LWI2OGQtY2E5MDlkMjAwZWZjXkEyXkFqcGc@._V1_SX300.jpg
1176,https://m.media-amazon.com/images/M/MV5BZjE1MjAxMjgtMTRjMC00YTFjLThhMzgtNzdlODZiZjA0MWMxXkEyXkFqcGc@._V1_SX300.jpg
1177,https://m.media-amazon.com/images/M/MV5BODAyMWViYWMtODE5Yy00ODI4LWE5ZjctYmYwYTMyNTcyZjg4XkEyXkFqcGc@._V1_SX300.jpg
1178,https://m.media-amazon.com/images/M/MV5BNmQ2NmI2ODYtMDQzNS00NzQyLTkzZjgtZmZlYTQ5MTc1OWU3XkEyXkFqcGc@._V1_SX300.jpg
1179,https://m.media-amazon.com/images/M/MV5BYTcyNDA4Y2ItZGJiNy00YWJjLWFhNDgtMzM4M2NkNWQ1NDVmXkEyXkFqcGc@._V1_SX300.jpg
1180,https://m.media-amazon.com/images/M/MV5BMDk5MGY3MTItNDc4Ni00MDFhLTk0NWItMzE4MjZmMWI0NTcwXkEyXkFqcGc@._V1_SX300.jpg
1183,https://m.media-amazon.com/images/M/MV5BODg0NjdiN2UtZWY3MS00M2JmLTg1MDAtY2ZiNzNiMzAzYWFmXkEyXkFqcGc@._V1_SX300.jpg
1184,https://m.media-amazon.com/images/M/MV5BNTliYzY5OTktZDg3OC00NDA0LTlhYzAtNTE3ZmU1YWU1NWUwXkEyXkFqcGc@._V1_SX300.jpg
1185,https://m.media-amazon.com/images/M/MV5BYzU2NDY0YzItOTVhNS00Yzk4LTg0ZTktNjFiZDJmZTgwMDYyXkEyXkFqcGc@._V1_SX300.jpg
1186,https://m.media-amazon.com/images/M/MV5BZmFjNjkyNmQtMDdkNy00YmQxLWFmZTYtZDQyYTY3ZGFjYmFiXkEyXkFqcGc@._V1_SX300.jpg
1187,https://m.media-amazon.com/images/M/MV5BMjdjNmJjODQtYmY2Yy00MmFmLWJiNzYtYjYzN2Q1NDdkZGY0XkEyXkFqcGc@._V1_SX300.jpg
1188,https://m.media-amazon.com/images/M/MV5BZDgwMzI1NmUtNjQ0ZS00MzVjLWFiZmEtMDY0NjVhM2MxOTU3XkEyXkFqcGc@._V1_SX300.jpg
1189,https://m.media-amazon.com/images/M/MV5BMDZmNzUwOTYtNzM5Ni00YjZhLTlmODAtNTJiZmM1NjlmMTdkXkEyXkFqcGc@._V1_SX300.jpg
1190,https://m.media-amazon.com/images/M/MV5BN2M5OGY1MDEtZmJmYy00OGEyLTg5MzQtMDhjNzA5YzExNDI1XkEyXkFqcGc@._V1_SX300.jpg
1191,https://m.media-amazon.com/images/M/MV5BYjliZDQ2MzMtZDE3ZC00ZTA4LWE5OWEtMGI1N2RiOGFmMmEzXkEyXkFqcGc@._V1_SX300.jpg
1192,https://m.media-amazon.com/images/M/MV5BNGE3ZmUxMjctZTA0OS00NzBlLWI0M2MtOTA4ZGY1Nzc3YWE3XkEyXkFqcGc@._V1_SX300.jpg
1193,https://m.media-amazon.com/images/M/MV5BYjBkMjgzMzYtNzRiMS00NDc3LWE4YTUtZjYxYjZhNjNhYzhhXkEyXkFqcGc@._V1_SX300.jpg
1194,https://m.media-amazon.com/images/M/MV5BODhlMjE4YjEtMjYxMy00NmEyLTk0ZDMtZjU2ZWJjNTVkMzMxXkEyXkFqcGc@._V1_SX300.jpg
1196,https://m.media-amazon.com/images/M/MV5BMTkxNGFlNDktZmJkNC00MDdhLTg0MTEtZjZiYWI3MGE5NWIwXkEyXkFqcGc@._V1_SX300.jpg
1197,https://m.media-amazon.com/images/M/MV5BMjFiOTEyNGMtN2E4MC00ZjZlLTk3ZDQtNTU1ZGNiZTA1MzJlXkEyXkFqcGc@._V1_SX300.jpg
1199,https://m.media-amazon.com/images/M/MV5BNjI1MTAzNmYtYzQ3Zi00ZWE0LWJiZmQtY2UwZWU3ZTE4OGQ3XkEyXkFqcGc@._V1_SX300.jpg
1200,https://m.media-amazon.com/images/M/MV5BZjIyNGJhYzYtN2I1My00OTVhLWEyMzItZTVjNDMzOTVkYWViXkEyXkFqcGc@._V1_SX300.jpg
1201,https://m.media-amazon.com/images/M/MV5BMWM5ZjQxM2YtNDlmYi00ZDNhLWI4MWUtN2VkYjBlMTY1ZTkwXkEyXkFqcGc@._V1_SX300.jpg
1202,https://m.media-amazon.com/images/M/MV5BNmFlOGIyNTMtNjBhYy00NTRiLTg3YWEtMThhOWM5ODU4Y2M2XkEyXkFqcGc@._V1_SX300.jpg
1203,https://m.media-amazon.com/images/M/MV5BYjE4NzdmOTYtYjc5Yi00YzBiLWEzNDEtNTgxZGQ2MWVkN2NiXkEyXkFqcGc@._V1_SX300.jpg
1204,https://m.media-amazon.com/images/M/MV5BYjY0YTQ1OTAtYjEyNy00NTQ4LThlMTQtM2QwYTVhYWFhNjU5XkEyXkFqcGc@._V1_SX300.jpg
1206,https://m.media-amazon.com/images/M/MV5BMTY3MjM1Mzc4N15BMl5BanBnXkFtZTgwODM0NzAxMDE@._V1_SX300.jpg
1207,https://m.media-amazon.com/images/M/MV5BZTlkYWU4MGEtZmQyYi00OWEzLTgzY2EtYzVjOTEzYzAyNTk1XkEyXkFqcGc@._V1_SX300.jpg
1208,https://m.media-amazon.com/images/M/MV5BZDhiMTljYjYtODc1Yy00MmEwLTg2OTYtYmE1YTRmNDE4MmEwXkEyXkFqcGc@._V1_SX300.jpg
1209,https://m.media-amazon.com/images/M/MV5BZjYyNGY1MDEtN2I1MC00MGVhLTljZTYtODQ1NzQ0ODc2NzZlXkEyXkFqcGc@._V1_SX300.jpg
1210,https://m.media-amazon.com/images/M/MV5BNWEwOTI0MmUtMGNmNy00ODViLTlkZDQtZTg1YmQ3MDgyNTUzXkEyXkFqcGc@._V1_SX300.jpg
1211,https://m.media-amazon.com/images/M/MV5BYTUwY2EyMDktMGI0Ny00MDNlLWE0ODMtZWIwOGNhNmY1OWIwXkEyXkFqcGc@._V1_SX300.jpg
1212,https://m.media-amazon.com/images/M/MV5BNTAwZjAwZDUtNDc1Yi00OGY3LTgzMjktYjIyMjQzOWE3MmVhXkEyXkFqcGc@._V1_SX300.jpg
1213,https://m.media-amazon.com/images/M/MV5BN2E5NzI2ZGMtY2VjNi00YTRjLWI1MDUtZGY5OWU1MWJjZjRjXkEyXkFqcGc@._V1_SX300.jpg
1214,https://m.media-amazon.com/images/M/MV5BN2NhMDk2MmEtZDQzOC00MmY5LThhYzAtMDdjZGFjOGZjMjdjXkEyXkFqcGc@._V1_SX300.jpg
1215,https://m.media-amazon.com/images/M/MV5BYzU4ZDFmNzEtNmE2Ny00OTA1LWEyMmMtZjFiOWM0MGM3YTQ1XkEyXkFqcGc@._V1_SX300.jpg
1216,https://m.media-amazon.com/images/M/MV5BOWUyYThiMjctNWZiZS00YzkwLTg0MmQtYmJiZGQxOGQyYzJkXkEyXkFqcGc@._V1_SX300.jpg
1217,https://m.media-amazon.com/images/M/MV5BZDk2NDY5YjktMjEyMC00OTJhLTkzM2EtY2Q4Y2RjYzc2Yjk4XkEyXkFqcGc@._V1_SX300.jpg
1218,https://m.media-amazon.com/images/M/MV5BMjQyZDJhNTktYjZiZC00ODU4LTg5OTYtYjc2MzA2OGFjMzZmXkEyXkFqcGc@._V1_SX300.jpg
1219,https://m.media-amazon.com/images/M/MV5BYjZhMzFiZjItODA3ZC00MmRhLWIzMGYtMmVjOWUwYTA3MTRjXkEyXkFqcGc@._V1_SX300.jpg
1220,https://m.media-amazon.com/images/M/MV5BNzI2ZDAyNjYtNzgwOS00MTRlLWE3MjUtMTI3M2VmYzQ1ZWJmXkEyXkFqcGc@._V1_SX300.jpg
1221,https://m.media-amazon.com/images/M/MV5BMDIxMzBlZDktZjMxNy00ZGI4LTgxNDEtYWRlNzRjMjJmOGQ1XkEyXkFqcGc@._V1_SX300.jpg
1222,https://m.media-amazon.com/images/M/MV5BYWUzNzZkNzUtNDdiYy00Nzk5LTgxMmItNTk0MjRjNjdjNDA0XkEyXkFqcGc@._V1_SX300.jpg
1223,https://m.media-amazon.com/images/M/MV5BNmY3MDYwMDAtMmYwZS00NzZlLWIyMDAtYWYyMGQxZTdkYmJhXkEyXkFqcGc@._V1_SX300.jpg
1224,https://m.media-amazon.com/images/M/MV5BNzNiMWM3NGEtZWMxYi00NzM0LWE2ODItMzZlNTZmYTJhZWY1XkEyXkFqcGc@._V1_SX300.jpg
1225,https://m.media-amazon.com/images/M/MV5BMzc2MjM0NTMtOGY4NC00NzY1LWE2ODUtZjMzY2RhNGNkZDAyXkEyXkFqcGc@._V1_SX300.jpg
1226,https://m.media-amazon.com/images/M/MV5BOGEyZDk1YmEtOTVmOC00YWQxLWEzOWYtYzkzNGE0MTFhMzRkXkEyXkFqcGc@._V1_SX300.jpg
1227,https://m.media-amazon.com/images/M/MV5BMDQ0ZTg2OGUtZjMyOC00M2M5LThkMmItZmM2MmUzMmIxMWJhXkEyXkFqcGc@._V1_SX300.jpg
1228,https://m.media-amazon.com/images/M/MV5BMjlkYmYyZWQtNTZkOS00ZjA0LWEwNWUtNzE2ZGNiYjg0MjA2XkEyXkFqcGc@._V1_SX300.jpg
1230,https://m.media-amazon.com/images/M/MV5BNjZlOWE5N2UtMTdhZC00NjU5LTg2MjYtOGU4NDhhNWNlMmRlXkEyXkFqcGc@._V1_SX300.jpg
1232,https://m.media-amazon.com/images/M/MV5BMDIzMDRiYjgtM2U1Yy00MjlhLTliODMtM2E5NDI5Njc3YmZkXkEyXkFqcGc@._V1_SX300.jpg
1233,https://m.media-amazon.com/images/M/MV5BNGU0MWZlMTUtM2Y3Ny00NGNmLWE5NmEtN2YxOWQzMGM3ZWYzXkEyXkFqcGc@._V1_SX300.jpg
1234,https://m.media-amazon.com/images/M/MV5BZGI4OTk4MDMtYmQ1Ni00YTUzLTkyYTktZGUwMjMyN2M4NjQ5XkEyXkFqcGc@._V1_SX300.jpg
1235,https://m.media-amazon.com/images/M/MV5BZWQ2YTQ4N2ItMzBmZC00ODIyLWIwNWEtODk2M2FjNjZhMDlmXkEyXkFqcGc@._V1_SX300.jpg
1236,https://m.media-amazon.com/images/M/MV5BOWFlMzU3OTctNzVlMi00OGY4LWE5OGQtMTJjZWU0NGYwOGZjXkEyXkFqcGc@._V1_SX300.jpg
1237,https://m.media-amazon.com/images/M/MV5BZDlmYTkzOWUtODQ0MS00MmM4LWE3ZjMtYTEwNGUwMmJkYzIxXkEyXkFqcGc@._V1_SX300.jpg
1238,https://m.media-amazon.com/images/M/MV5BNjRmYWNlYWMtOTcxZS00YzU5LWEwZTctYjEzZWZlNmQxN2Y1XkEyXkFqcGc@._V1_SX300.jpg
1240,https://m.media-amazon.com/images/M/MV5BZmE0YzIxM2QtMGNlMi00MjRmLWE3MWMtOWQzMGVjMmU0YTFmXkEyXkFqcGc@._V1_SX300.jpg
1242,https://m.media-amazon.com/images/M/MV5BOTA1NDcyOGMtYTc0Zi00OTQ0LTllZTEtMTIxZDcxMWYxZTVhXkEyXkFqcGc@._V1_SX300.jpg
1243,https://m.media-amazon.com/images/M/MV5BNjc0MTU0MDY1OV5BMl5BanBnXkFtZTcwMDI2OTY2NA@@._V1_SX300.jpg
1244,https://m.media-amazon.com/images/M/MV5BMzhjMjEyOWItMWU2Ni00ZTE5LWFhODEtZGU1MTQyZjU4ODkzXkEyXkFqcGc@._V1_SX300.jpg
1245,https://m.media-amazon.com/images/M/MV5BMTY2Njk3MTAzM15BMl5BanBnXkFtZTgwMTY5Mzk4NjE@._V1_SX300.jpg
1246,https://m.media-amazon.com/images/M/MV5BMDYwNGVlY2ItMWYxMS00YjZiLWE5MTAtYWM5NWQ2ZWJjY2Q3XkEyXkFqcGc@._V1_SX300.jpg
1247,https://m.media-amazon.com/images/M/MV5BMTQ0ODc4MDk4Nl5BMl5BanBnXkFtZTcwMTEzNzgzNA@@._V1_SX300.jpg
1248,https://m.media-amazon.com/images/M/MV5BYzBkNTQzODUtNzcxMy00ZGNhLThmOWMtMTcyYzY4ZTU2NDM3XkEyXkFqcGc@._V1_SX300.jpg
1249,https://m.media-amazon.com/images/M/MV5BMDgyZjNhNGYtYjNhZC00YTEyLTljYzgtZDM1MTk5ZTI5ODBkXkEyXkFqcGc@._V1_SX300.jpg
1250,https://m.media-amazon.com/images/M/MV5BNzdkYmU2YmItNmZiYy00OWQyLTg0YWYtZmUxM2U3YTRiNTQ1XkEyXkFqcGc@._V1_SX300.jpg
1251,https://m.media-amazon.com/images/M/MV5BNmI4YWJlYzAtNGU5MS00NTljLThhN2QtNzMwMWM4NTA0ODNlXkEyXkFqcGc@._V1_SX300.jpg
1252,https://m.media-amazon.com/images/M/MV5BNmRmZTE0NmUtZjhiZi00MzQ3LTk3ZjctN2Q3ODYzY2U3MDk3XkEyXkFqcGc@._V1_SX300.jpg
1253,https://m.media-amazon.com/images/M/MV5BZjNlNmQyYzYtZmJlMS00MDhkLWE4OTAtOTQ1NjAwZWRkMjAyXkEyXkFqcGc@._V1_SX300.jpg
1254,https://m.media-amazon.com/images/M/MV5BOWM1YjFmODEtMWNhMC00YmI1LWI0Y2EtYzg0YTBhZWI4ODE3XkEyXkFqcGc@._V1_SX300.jpg
1255,https://m.media-amazon.com/images/M/MV5BYzgxZDRmOGEtYzY4NS00NmVkLTgyZTctYWUwMTIwMDhlZWI2XkEyXkFqcGc@._V1_SX300.jpg
1256,https://m.media-amazon.com/images/M/MV5BNGE5Mzg3NzMtZmI3My00ZWQwLThjYjYtOTZmZjQyNDVjMjIwXkEyXkFqcGc@._V1_SX300.jpg
1257,https://m.media-amazon.com/images/M/MV5BZGQzNmQ3MmItZjQyOS00NmEyLTgwMTQtOTM3ZTE5NGY5N2M5XkEyXkFqcGc@._V1_SX300.jpg
1258,https://m.media-amazon.com/images/M/MV5BNmM5ZThhY2ItOGRjOS00NzZiLWEwYTItNDgyMjFkOTgxMmRiXkEyXkFqcGc@._V1_SX300.jpg
1259,https://m.media-amazon.com/images/M/MV5BNGJkNTUwM2MtZWE2MS00YjNkLWE3MjktNWQwZDQxMDIyZWVmXkEyXkFqcGc@._V1_SX300.jpg
1260,https://m.media-amazon.com/images/M/MV5BODA4ODk3OTEzMF5BMl5BanBnXkFtZTgwMTQ2ODMwMzE@._V1_SX300.jpg
1261,https://m.media-amazon.com/images/M/MV5BMGMxMWVhMzAtYWRlOS00YzY1LTlkYTQtYjU5ZDM4MGI1YWFjXkEyXkFqcGc@._V1_SX300.jpg
1262,https://m.media-amazon.com/images/M/MV5BMDRhNmJjMzEtMWU5MC00YmEyLTg3ZmYtNzYxZTI1ZGU4ZjI1XkEyXkFqcGc@._V1_SX300.jpg
1263,https://m.media-amazon.com/images/M/MV5BZGI4YmVhMzMtMWExMS00MGZiLTg2MmItM2I2MWZjODAyM2U5XkEyXkFqcGc@._V1_SX300.jpg
1264,https://m.media-amazon.com/images/M/MV5BZmI5MmJjNTktZDUwOS00MWM5LWE0MzYtZWY3MzRiOTg0MjIwXkEyXkFqcGc@._V1_SX300.jpg
1265,https://m.media-amazon.com/images/M/MV5BOWE3MjQ3ZDAtNDQ2MC00YjBjLTk0ZWYtNjQ0YzQ4YWE3YTEyXkEyXkFqcGc@._V1_SX300.jpg
1266,https://m.media-amazon.com/images/M/MV5BNmZmMzM3YWMtZjg5Yi00M2MxLTg3ZGItNGU4YjQxNDAxM2Q4XkEyXkFqcGc@._V1_SX300.jpg
1267,https://m.media-amazon.com/images/M/MV5BMTg2NTM1ZDktNTM4My00NzM0LWE3ZjctMTUyZTk0N2EwMGNjXkEyXkFqcGc@._V1_SX300.jpg
1268,https://m.media-amazon.com/images/M/MV5BMzg0ZjRhNWQtYWEyNy00YTgxLThkZWItOWU0MTdkNmI2YWFmXkEyXkFqcGc@._V1_SX300.jpg
1269,https://m.media-amazon.com/images/M/MV5BZWI5Mzg2NDAtNDYwYi00YzhiLWJiZTgtMWUwNTU2NTJkNGU2XkEyXkFqcGc@._V1_SX300.jpg
1270,https://m.media-amazon.com/images/M/MV5BZmM3ZjE0NzctNjBiOC00MDZmLTgzMTUtNGVlOWFlOTNiZDJiXkEyXkFqcGc@._V1_SX300.jpg
1271,https://m.media-amazon.com/images/M/MV5BMzBhMzRkNGItNDFmMy00NjViLWFiYWYtMzAxMzI4YTZmZjRlXkEyXkFqcGc@._V1_SX300.jpg
1272,https://m.media-amazon.com/images/M/MV5BYzQwNmI5MDItMGEyZi00Y2FjLTkzMTUtOTliOTIyOWRlN2Q0XkEyXkFqcGc@._V1_SX300.jpg
1273,https://m.media-amazon.com/images/M/MV5BNjAxNDRhM2UtYTRkNS00YzlkLTkxZDMtYzg4MDAyZGQwM2Q4XkEyXkFqcGc@._V1_SX300.jpg
1274,https://m.media-amazon.com/images/M/MV5BM2NiMTIzZWEtM2Y2ZS00NTg1LTlhZTgtOThjMTkwNzQ4NzBlXkEyXkFqcGc@._V1_SX300.jpg
1275,https://m.media-amazon.com/images/M/MV5BMDUzODA3ZDctODM1MS00YzY0LWI1MzUtZTU0N2UzYjRhY2M3XkEyXkFqcGc@._V1_SX300.jpg
1276,https://m.media-amazon.com/images/M/MV5BYzI1NzBkNmMtOWRmMS00YmY2LTk5MjQtZjAzMmIwZDQ2M2UwXkEyXkFqcGc@._V1_SX300.jpg
1277,https://m.media-amazon.com/images/M/MV5BYzgxYjJmZTktMWY1Zi00MjEyLWJlMGEtMmU4Y2UwMjJjZjEzXkEyXkFqcGc@._V1_SX300.jpg
1278,https://m.media-amazon.com/images/M/MV5BMTEwNjg2MjM2ODFeQTJeQWpwZ15BbWU4MDQ1MDU5OTEx._V1_SX300.jpg
1279,https://m.media-amazon.com/images/M/MV5BYmEyYjE0NjgtNTFmMy00ZmY1LTg2MWUtYTU4MjdmYWJmYzMyXkEyXkFqcGc@._V1_SX300.jpg
1280,https://m.media-amazon.com/images/M/MV5BZjZlMThlZTktOGYxNS00NjY0LWFkMzAtMjNiOTYxYjYxZWFmXkEyXkFqcGc@._V1_SX300.jpg
1281,https://m.media-amazon.com/images/M/MV5BMjc4ZjEwNDUtMjlmZS00NzQ4LTg2N2MtMGI3ZjMyMmM3ZDM2XkEyXkFqcGc@._V1_SX300.jpg
1282,https://m.media-amazon.com/images/M/MV5BMmM1NGNjZWUtZTk2Zi00ZjdmLTk3Y2QtMDQyNjJjMWI1ZDFlXkEyXkFqcGc@._V1_SX300.jpg
1283,https://m.media-amazon.com/images/M/MV5BMmJiZjA3ODgtNWI1Zi00OTA1LTkyNTMtZTA1NGYwOTQyZTA3XkEyXkFqcGc@._V1_SX300.jpg
1284,https://m.media-amazon.com/images/M/MV5BZTVlNDAwZTAtZmY0My00NDMyLWFkZjMtMjY0NmVmOTFlNTdhXkEyXkFqcGc@._V1_SX300.jpg
1285,https://m.media-amazon.com/images/M/MV5BYzY2ODdmZDItMzQ4MS00ZDczLWIyZmItNDljYmMwZjQ2NGU3XkEyXkFqcGc@._V1_SX300.jpg
1286,https://m.media-amazon.com/images/M/MV5BNjJjNjhjMDUtNDJjMC00ZmE5LTlkN2UtNWI0YjY4ZGNmZWE3XkEyXkFqcGc@._V1_SX300.jpg
1287,https://m.media-amazon.com/images/M/MV5BNjg2M2E1YzYtOThmMC00NjAyLWI5MzgtMDEwOGFiODdlOGUzXkEyXkFqcGc@._V1_SX300.jpg
1288,https://m.media-amazon.com/images/M/MV5BMTQ2MTIzMzg5Nl5BMl5BanBnXkFtZTgwOTc5NDI1MDE@._V1_SX300.jpg
1289,https://m.media-amazon.com/images/M/MV5BZWI2OWRmMGQtYmIxNS00MjgxLWIyMjUtMGY4NmQ2OWQyMmMwXkEyXkFqcGc@._V1_SX300.jpg
1290,https://m.media-amazon.com/images/M/MV5BMDBmMTA2MGUtZmIyZC00ZjNhLTlmY2ItODM2Y2M4NWExZDgzXkEyXkFqcGc@._V1_SX300.jpg
1291,https://m.media-amazon.com/images/M/MV5BNGIxNzQ0YzYtMjNmYi00YjBlLWFjNzEtNGE3ZGFmYTczM2MwXkEyXkFqcGc@._V1_SX300.jpg
1292,https://m.media-amazon.com/images/M/MV5BNzYxZjNhNmQtYzc5NS00Nzg1LWIwYzktZjgzNDIyN2JhZGM0XkEyXkFqcGc@._V1_SX300.jpg
1295,https://m.media-amazon.com/images/M/MV5BMzQyMTliMzMtNzliZi00MmMwLWExZGEtNzQ3MDc1NmY4M2I1XkEyXkFqcGc@._V1_SX300.jpg
1296,https://m.media-amazon.com/images/M/MV5BOTkwNTZhMWUtOTNmZC00NmE0LWExOGItMzJiNzEyNWNmODI1XkEyXkFqcGc@._V1_SX300.jpg
1297,https://m.media-amazon.com/images/M/MV5BNTQ5MzU3ODg0OF5BMl5BanBnXkFtZTgwODM0MzQxMDE@._V1_SX300.jpg
1298,https://m.media-amazon.com/images/M/MV5BNzMxZGFhMTUtZGJjYS00Njc4LTk1NTktZmYzNjI0MzQxZDU3XkEyXkFqcGc@._V1_SX300.jpg
1299,https://m.media-amazon.com/images/M/MV5BYWFiNThiZjUtMzMxZS00MmY5LWE3NzYtYjU5NjAwOTEwZGMyXkEyXkFqcGc@._V1_SX300.jpg
1300,https://m.media-amazon.com/images/M/MV5BNjhlY2Q0ZTEtOTAxNS00YTY2LWFkOWYtZTU5NTI1YmFkZmY0XkEyXkFqcGc@._V1_SX300.jpg
1301,https://m.media-amazon.com/images/M/MV5BMjY4NGVmMzctYjFmYS00MDk3LTlkNDktNDdjMjhlYmY1YmI3XkEyXkFqcGc@._V1_SX300.jpg
1302,https://m.media-amazon.com/images/M/MV5BZTEwMGYzNDktOWEyMi00NTJjLWE5MGQtNmNlNDkxOTYyZDA5XkEyXkFqcGc@._V1_SX300.jpg
1310,https://m.media-amazon.com/images/M/MV5BNGZjYmRlNWYtYjBiMC00OGJkLTgyNDAtYTEwZWNmY2Q5ZTRkXkEyXkFqcGc@._V1_SX300.jpg
2524,https://m.media-amazon.com/images/M/MV5BOTg0MmY2M2UtMjM4Zi00MDYyLTkwYjgtODZlZTQ1MmNjMDg5XkEyXkFqcGc@._V1_SX300.jpg
2525,https://m.media-amazon.com/images/M/MV5BODVkZDhiZTYtMmM2Ni00ZDM4LThjOTctNWU3NzNiNzdlMGY5XkEyXkFqcGc@._V1_SX300.jpg
2526,https://m.media-amazon.com/images/M/MV5BODRkNzZjYWYtZjE2OS00NDYyLWFiNmItNTQyOGU2ZTQ5NTcxXkEyXkFqcGc@._V1_SX300.jpg
2527,https://m.media-amazon.com/images/M/MV5BMjJiNDUzODQtMWU1NS00NDRkLTk1Y2MtYTJlNzliZjBmODllXkEyXkFqcGc@._V1_SX300.jpg
2528,https://m.media-amazon.com/images/M/MV5BNWFmOGQ3NmItY2QzZC00ODdlLWE2NjMtM2I5YTdjYjk4YjUwXkEyXkFqcGc@._V1_SX300.jpg
2529,https://m.media-amazon.com/images/M/MV5BMjI2NzRkNmQtNTIwZi00ZWMxLThlOGQtMjQ1NjI3MzI5YmIzXkEyXkFqcGc@._V1_SX300.jpg
2530,https://m.media-amazon.com/images/M/MV5BNzY5ODkwMGUtYTNkZi00NDJmLWJhZjktNzE0NmM0ZDcyMTM0XkEyXkFqcGc@._V1_SX300.jpg
2531,https://m.media-amazon.com/images/M/MV5BMTZiODVlNjQtYjVmNS00MjIyLThhMTctMzQzMWE2YTY0YjNjXkEyXkFqcGc@._V1_SX300.jpg
2532,https://m.media-amazon.com/images/M/MV5BZjQ5Y2EwMDEtMjAzMS00YWY3LThkOTEtNzFjNDQ4NGRiNDIzXkEyXkFqcGc@._V1_SX300.jpg
2533,https://m.media-amazon.com/images/M/MV5BY2NjNzVlMDgtMzEyYS00N2M4LWI2YjMtNGQ1NGRlZDk5MDU5XkEyXkFqcGc@._V1_SX300.jpg
2534,https://m.media-amazon.com/images/M/MV5BNTI1YWE1OTktZDJlZi00ZDBjLTg3MGMtMzg2ZTM3NTE0MzZiXkEyXkFqcGc@._V1_SX300.jpg
2535,https://m.media-amazon.com/images/M/MV5BMmJjZjgyMWItYWZkZS00Y2NhLWIwZjYtOTAyNWI0MTFiMjdlXkEyXkFqcGc@._V1_SX300.jpg
2537,https://m.media-amazon.com/images/M/MV5BZGU5M2FmNDYtMzlhYi00NGRmLThkZTAtMWVlMTdlNjZhOTQ0XkEyXkFqcGc@._V1_SX300.jpg
2538,https://m.media-amazon.com/images/M/MV5BYWI5OWM5YTMtN2FkOS00Yzc0LWEyOWYtNGVhZWRmMDNmYWIxXkEyXkFqcGc@._V1_SX300.jpg
2539,https://m.media-amazon.com/images/M/MV5BZDJmZTNmMmQtYWM2MC00YzM5LWI5MGEtODRmZTgzNDAyN2FjXkEyXkFqcGc@._V1_SX300.jpg
2540,https://m.media-amazon.com/images/M/MV5BY2ZkOTUyOGUtZDg0Zi00OGM5LWIzYWItMDY3OWY0NjUzNWMwXkEyXkFqcGc@._V1_SX300.jpg
2541,https://m.media-amazon.com/images/M/MV5BMjgyYmVjNWYtZTNjOS00YjEyLWI0MjEtMDgwYWI2YzZiMTFkXkEyXkFqcGc@._V1_SX300.jpg
2542,https://m.media-amazon.com/images/M/MV5BMmY1M2M5ZmMtYzllZC00YzAxLTk4MjktZDJkNjA1MTUwMGQ4XkEyXkFqcGc@._V1_SX300.jpg
2544,https://m.media-amazon.com/images/M/MV5BMTczNjkyNzkyMV5BMl5BanBnXkFtZTYwMjY0MDM5._V1_SX300.jpg
2546,https://m.media-amazon.com/images/M/MV5BZjVkN2UzMmMtYjNiOC00YjA5LWI3MjAtZDZkYjI0OTJmNjNiXkEyXkFqcGc@._V1_SX300.jpg
2548,https://m.media-amazon.com/images/M/MV5BNjA3Y2YxNGMtN2ZkMi00MDQxLTlmMzMtZTYxYTE0YmI4NGQ3XkEyXkFqcGc@._V1_SX300.jpg
2549,https://m.media-amazon.com/images/M/MV5BYWQ1YjE4NjQtZWQ2Ni00Y2MzLWIyMGMtMGMxODcxY2IzMTc0XkEyXkFqcGc@._V1_SX300.jpg
2550,https://m.media-amazon.com/images/M/MV5BMTU0MTkzMDI0MV5BMl5BanBnXkFtZTgwODI5NTAxNzE@._V1_SX300.jpg
2551,https://m.media-amazon.com/images/M/MV5BYTMwZDViNDMtZGJjNC00YzM4LWFiN2YtZjVjNjAwOWNjMTIxXkEyXkFqcGc@._V1_SX300.jpg
2552,https://m.media-amazon.com/images/M/MV5BZjcwZTlmZGYtN2E5Ni00ZWY4LTk1YTMtNmIwNzNmNTQyZGQ3XkEyXkFqcGc@._V1_SX300.jpg
2553,https://m.media-amazon.com/images/M/MV5BMTRiZTI2ZDktOTJmNC00OWQ5LTg0YzktMmQ0MTAwZmI4NjIyXkEyXkFqcGc@._V1_SX300.jpg
2554,https://m.media-amazon.com/images/M/MV5BOGY4N2IyYjYtZTIwYS00MWFmLWI2NGQtOWEwNGYyOTU2ZDAxXkEyXkFqcGc@._V1_SX300.jpg
2555,https://m.media-amazon.com/images/M/MV5BZGU1NTE0YWUtY2FkZS00MGE5LWI4MDItMmE5NzYzY2YzMTY1XkEyXkFqcGc@._V1_SX300.jpg
2557,https://m.media-amazon.com/images/M/MV5BOTU2ZTdhMDctZTcxNS00OWUwLWFmYWQtOWFkMTYxNTZiM2QxXkEyXkFqcGc@._V1_SX300.jpg
2558,https://m.media-amazon.com/images/M/MV5BOTAwMjBhYTctNzcyMC00ZTMwLWI1NGMtMjZkYjYyNmIxNzFjXkEyXkFqcGc@._V1_SX300.jpg
2559,https://m.media-amazon.com/images/M/MV5BNjcwZWVjYmItNGFmZS00NTQ0LWEzODctYjEyNWY2NWY2NWUxXkEyXkFqcGc@._V1_SX300.jpg
2560,https://m.media-amazon.com/images/M/MV5BM2M3ZGIzYmYtNzQyZC00MTQwLWE0ZDQtMTk4Yjg2YWY3NGI0XkEyXkFqcGc@._V1_SX300.jpg
2561,https://m.media-amazon.com/images/M/MV5BZTc0YmZlN2QtMTg5YS00Y2E1LTg2ZTYtNWQwMTZhZmZmYmI1XkEyXkFqcGc@._V1_SX300.jpg
2563,https://m.media-amazon.com/images/M/MV5BMDEzNWJiMGItMjM2Zi00NmMyLTk1NDYtNmY0ODRhMTNjODIzXkEyXkFqcGc@._V1_SX300.jpg
2565,https://m.media-amazon.com/images/M/MV5BZDA5MTVjZDEtYmE3Ni00MTc5LWFlYWMtNzk1YjM5NTUzNzE1XkEyXkFqcGc@._V1_SX300.jpg
2566,https://m.media-amazon.com/images/M/MV5BYWE5NTU0MTQtYWQ3ZS00ZGVkLWExYmMtZTRjMzBmOTQ3MWRlXkEyXkFqcGc@._V1_SX300.jpg
2567,https://m.media-amazon.com/images/M/MV5BN2UzMzljOGEtZjYzZS00ZmNmLTg4NzctYWI2NDI4NjEwOGEwXkEyXkFqcGc@._V1_SX300.jpg
2568,https://m.media-amazon.com/images/M/MV5BMTQyMzgyNTc5Ml5BMl5BanBnXkFtZTcwNzE0ODI1NA@@._V1_SX300.jpg
2570,https://m.media-amazon.com/images/M/MV5BZGJhNmIyYjYtZjk2MS00MTBkLWE1MWQtZTBlZDMwMjZmZjQ4XkEyXkFqcGc@._V1_SX300.jpg
2571,https://m.media-amazon.com/images/M/MV5BN2NmN2VhMTQtMDNiOS00NDlhLTliMjgtODE2ZTY0ODQyNDRhXkEyXkFqcGc@._V1_SX300.jpg
2572,https://m.media-amazon.com/images/M/MV5BOTQwYmRhNGQtODI2Mi00ZTRlLTk0Y2QtY2NkNjE1MGNhNTgwXkEyXkFqcGc@._V1_SX300.jpg
2573,https://m.media-amazon.com/images/M/MV5BYjhlNjIxMjYtMGFkMy00OTk5LTllMzEtMGM2ODM5YTFmOTA3XkEyXkFqcGc@._V1_SX300.jpg
2574,https://m.media-amazon.com/images/M/MV5BOTYzZjAzZTctYTliYy00YmY2LTgyOTctNTNiYmJkN2Q3ODEwXkEyXkFqcGc@._V1_SX300.jpg
2575,https://m.media-amazon.com/images/M/MV5BZWY4ZWU2NGUtYzk2OS00Yzc3LTlmYjUtOWQ5NzMwMjE1ZDZmXkEyXkFqcGc@._V1_SX300.jpg
2577,https://m.media-amazon.com/images/M/MV5BMjY4NDNiOTktYWNjNS00MGZkLTgzNDUtMzg1Y2NiNjhjNzBmXkEyXkFqcGc@._V1_SX300.jpg
2579,https://m.media-amazon.com/images/M/MV5BNjZiMTI5OGItZWJhMC00OGRiLTk1NzAtYmNmZTM0MzFmNGM0XkEyXkFqcGc@._V1_SX300.jpg
2580,https://m.media-amazon.com/images/M/MV5BMjkyZDU1YjctYmZkNC00Nzg0LWE3ZDEtYjFlMzYzYjMzNDQ3XkEyXkFqcGc@._V1_SX300.jpg
2581,https://m.media-amazon.com/images/M/MV5BOGFjODFkYzctMjRhNy00NzMwLWFlM2UtZjAzMGUxYzM1ZWNkXkEyXkFqcGc@._V1_SX300.jpg
2582,https://m.media-amazon.com/images/M/MV5BODk2ZDZiMGUtMjk5MC00M2VjLTkzNjMtMTJhZjIxMWQzOGJmXkEyXkFqcGc@._V1_SX300.jpg
2583,https://m.media-amazon.com/images/M/MV5BNTQ4YWFlNmYtZTQxOS00YTUwLThiZjItYmMxZDdjODcyYWRlXkEyXkFqcGc@._V1_SX300.jpg
2585,https://m.media-amazon.com/images/M/MV5BMTM4ZDhjZWEtMDg4Yi00NGNlLWJhZmUtMjY0ZDI4NzllN2E0XkEyXkFqcGc@._V1_SX300.jpg
2586,https://m.media-amazon.com/images/M/MV5BMGJiNzZiZWQtNDE5Zi00YmEzLWE1ZjMtNGM4MzAzOWUyMDgwXkEyXkFqcGc@._V1_SX300.jpg
2587,https://m.media-amazon.com/images/M/MV5BMzE2NTgwYjAtMDMwNy00NWI3LWE3MTktNDE3NGExMzBiMGI1XkEyXkFqcGc@._V1_SX300.jpg
2589,https://m.media-amazon.com/images/M/MV5BN2ZlODVkNGMtZGNhMy00NzA1LWIzZjItYzFkODE4Y2U3YWFhXkEyXkFqcGdeQXVyMjUyNDk2ODc@._V1_SX300.jpg
2590,https://m.media-amazon.com/images/M/MV5BMTk1MDQ5NzI2M15BMl5BanBnXkFtZTcwNzE0MzEyMQ@@._V1_SX300.jpg
2593,https://m.media-amazon.com/images/M/MV5BODViOWNiOTItMjU3My00YTdhLWIxYTQtNjg5ZDI4ZGRmMmIwXkEyXkFqcGc@._V1_SX300.jpg
2594,https://m.media-amazon.com/images/M/MV5BZjE1OGRiMTAtZjhmNy00NWYzLWE3NWMtZDVlNDNlN2M2OTlkXkEyXkFqcGc@._V1_SX300.jpg
2596,https://m.media-amazon.com/images/M/MV5BNmQ1YWNkMDgtNjY3OC00MTcwLTljODktZmZjMTJkNmU5MDQzXkEyXkFqcGc@._V1_SX300.jpg
2597,https://m.media-amazon.com/images/M/MV5BZGRhYTNlMjQtNzhjYi00ZWMzLWEyYzktODcyZWYzZWQ3MzM4XkEyXkFqcGc@._V1_SX300.jpg
2598,https://m.media-amazon.com/images/M/MV5BNjc4ZWI0YjktMDgyZS00MTUzLTllYTQtMjhhNzAyZmFkMTY0XkEyXkFqcGc@._V1_SX300.jpg
2599,https://m.media-amazon.com/images/M/MV5BMTVmMWJiMTgtNmNmMS00NmI2LTgxZTAtNjdhODE2NTBlYTAyXkEyXkFqcGc@._V1_SX300.jpg
2600,https://m.media-amazon.com/images/M/MV5BZjk3MGRhN2EtN2IyYi00NjFkLWFmNTUtNWI3MzZiYjI2ZjRkXkEyXkFqcGc@._V1_SX300.jpg
2605,https://m.media-amazon.com/images/M/MV5BZjliMDM0ZGQtMzA1Yy00MjZhLWI2NDgtODJhOWMyNTBlZDdhXkEyXkFqcGc@._V1_SX300.jpg
2606,https://m.media-amazon.com/images/M/MV5BNzAxOWZlNjUtZjQwNC00OWEzLWJiYmUtMjI4MmUxYjUxOWZlXkEyXkFqcGc@._V1_SX300.jpg
2607,https://m.media-amazon.com/images/M/MV5BYzM3N2EwYTctNmNkNS00Zjk0LWEwYzctY2I4MDRkMjBiNDBjXkEyXkFqcGc@._V1_SX300.jpg
2609,https://m.media-amazon.com/images/M/MV5BNTI5OGRiZjQtODJlOC00ZTRhLTgxOWEtMDkyNmI5MzRmZGIwXkEyXkFqcGc@._V1_SX300.jpg
2611,https://m.media-amazon.com/images/M/MV5BMjYxNjdjZjMtZmY2My00ZTJhLTkxYmEtOWZlOWUxYWI4ZDM4XkEyXkFqcGc@._V1_SX300.jpg
2612,https://m.media-amazon.com/images/M/MV5BNmNhYmE4YWYtMDM3My00YzVhLWIyZTMtNzlmYTUzZmUxM2FjXkEyXkFqcGc@._V1_SX300.jpg
2613,https://m.media-amazon.com/images/M/MV5BZWUyM2IxMzItNDljNi00MWQ5LWI0ZTctOThmZjJiYjU3NWJiXkEyXkFqcGc@._V1_SX300.jpg
2614,https://m.media-amazon.com/images/M/MV5BOTdkNDk3MDEtN2FkNi00NmFjLWI3MWUtZDMxMmY1ZDU2YTdkXkEyXkFqcGc@._V1_SX300.jpg
2615,https://m.media-amazon.com/images/M/MV5BMzBkNjljZjctYjM3OS00NjA5LWE0NDYtNmZiZDY2NDhmNTgzXkEyXkFqcGc@._V1_SX300.jpg
2616,https://m.media-amazon.com/images/M/MV5BZDRmNmU2OGUtOWVjNC00NTI5LTg4ODQtNmY0NTNkY2ZhM2RkXkEyXkFqcGc@._V1_SX300.jpg
2617,https://m.media-amazon.com/images/M/MV5BMTY4YWE0OGMtNjU0Yi00YzIwLTk3NTktM2ZiYWQwNjM4MmMxXkEyXkFqcGc@._V1_SX300.jpg
2618,https://m.media-amazon.com/images/M/MV5BYWYwODcxZDEtMDZjZi00OGMyLThkMjItYTNmYmZiMThjNDA2XkEyXkFqcGc@._V1_SX300.jpg
2620,https://m.media-amazon.com/images/M/MV5BYWQ0NDJjMTYtYTYwOC00ZjlkLTkyN2UtNWQxOWQ4Y2I5M2YyXkEyXkFqcGc@._V1_SX300.jpg
2622,https://m.media-amazon.com/images/M/MV5BNTlhNTQ3MzUtZDBjNi00YjRjLWExOTQtMTczYjM0MTkzYzI5XkEyXkFqcGc@._V1_SX300.jpg
2623,https://m.media-amazon.com/images/M/MV5BMmI1MzE2YmMtYTc1ZC00MzAzLTkyMTMtMGY3NjQ1MWE3NDY0XkEyXkFqcGc@._V1_SX300.jpg
2624,https://m.media-amazon.com/images/M/MV5BN2JhYzY1ZDctMTRjNi00ZDEyLTk3YzktODVjY2U1OWQ5M2VhXkEyXkFqcGc@._V1_SX300.jpg
2625,https://m.media-amazon.com/images/M/MV5BNDBkZDc1YjAtMWJmNy00MGY2LTkzZTktNDYxMDU0ODc0MWJlXkEyXkFqcGc@._V1_SX300.jpg
2628,https://m.media-amazon.com/images/M/MV5BODVhNGIxOGItYWNlMi00YTA0LWI3NTctZmQxZGUwZDEyZWI4XkEyXkFqcGc@._V1_SX300.jpg
2629,https://m.media-amazon.com/images/M/MV5BMWEyMmE5NzQtZjIyNC00MjAwLTg1NzAtMDVmNzk3ODgxN2FmXkEyXkFqcGc@._V1_SX300.jpg
2630,https://m.media-amazon.com/images/M/MV5BMTY2MWU1OGQtNmZiZC00MDU4LWFlNGItNTRlODliMDdiOWU2XkEyXkFqcGc@._V1_SX300.jpg
2632,https://m.media-amazon.com/images/M/MV5BNmNjN2Y3NTYtZTkzMy00ODJkLWIxYjUtMmQwOTVlZWRkOTc0XkEyXkFqcGc@._V1_SX300.jpg
2633,https://m.media-amazon.com/images/M/MV5BMWNjNzQ5ZjItOTFjOC00OWE2LThmNmEtYTkzNGM3NDEwZjA1XkEyXkFqcGc@._V1_SX300.jpg
2634,https://m.media-amazon.com/images/M/MV5BNWJlZTM4ZWItYjA2My00YTg2LWFjNjMtZTY0ZWIzNGFhZjExXkEyXkFqcGc@._V1_SX300.jpg
2639,https://m.media-amazon.com/images/M/MV5BZTFkZjg1N2ItNDQxMS00MTNkLWE0MzgtNTU2MjJkNGI2ZTc0XkEyXkFqcGc@._V1_SX300.jpg
2640,https://m.media-amazon.com/images/M/MV5BMzFlZDJjMDAtZDYxZS00NzZhLTk2ODMtZWRlODA3Njk3ZTdmXkEyXkFqcGc@._V1_SX300.jpg
2641,https://m.media-amazon.com/images/M/MV5BNzg5ZjJkNGEtNzhjNy00YzI4LTlkZjItNTViNmYxNGZlZWE2XkEyXkFqcGc@._V1_SX300.jpg
2642,https://m.media-amazon.com/images/M/MV5BYjcyN2E4NzQtYmUwZC00NmQ5LWJkMWUtMThjZGIwZGIwYzZmXkEyXkFqcGc@._V1_SX300.jpg
2643,https://m.media-amazon.com/images/M/MV5BZjhkODhlYjEtMDEyZS00YjZmLWJjMDctZGI3MGJiNDEyNTE2XkEyXkFqcGc@._V1_SX300.jpg
2644,https://m.media-amazon.com/images/M/MV5BZTg2YzcxODUtYTQ2Ny00ODY0LWI2MGItNWNkMjM3YjQ1Y2EwXkEyXkFqcGc@._V1_SX300.jpg
2648,https://m.media-amazon.com/images/M/MV5BNDhjNjgxN2EtZGIxZC00NDQzLThmOWMtZDgwNmYwZDQ3MzZiXkEyXkFqcGc@._V1_SX300.jpg
2651,https://m.media-amazon.com/images/M/MV5BOTdlOGE3NzMtYzU1YS00ZWFkLTk0MDQtMjE3N2JhNjUzMWZiXkEyXkFqcGc@._V1_SX300.jpg
2652,https://m.media-amazon.com/images/M/MV5BYWU4ODc3ZmYtMDgxYi00NzQ5LWE4MzAtZTZkZjkyZThkNjljXkEyXkFqcGc@._V1_SX300.jpg
2654,https://m.media-amazon.com/images/M/MV5BMjM4YWM2MzUtZjNmNi00NWEzLWIxZTYtZDEwZTE4YmVlZTMxXkEyXkFqcGc@._V1_SX300.jpg
2655,https://m.media-amazon.com/images/M/MV5BNTRiMWQ0ZWItYmU2OC00YTk2LWJiMmEtMzEwMjk1ZDc4MGUxXkEyXkFqcGc@._V1_SX300.jpg
2656,https://m.media-amazon.com/images/M/MV5BYjYzZDczYzYtMzhhOS00ZTZmLWEwMzQtMTFkZTZkYTc0MjMxXkEyXkFqcGc@._V1_SX300.jpg
2657,https://m.media-amazon.com/images/M/MV5BOTg2YzY5ZGYtNDk1My00N2Q2LWFhN2YtZWU5YTkzODIyZGRmXkEyXkFqcGc@._V1_SX300.jpg
2659,https://m.media-amazon.com/images/M/MV5BODU0ZWQzZmEtYzc1Zi00YzM1LWI3YjAtOGQzOGIyYTE3ZGU1XkEyXkFqcGdeQXVyNzc5MjA3OA@@._V1_SX300.jpg
2660,https://m.media-amazon.com/images/M/MV5BMTE0OWM5YzgtYTllZC00ZDc0LTg2YTctYTFlN2M5NTMxZDVhXkEyXkFqcGc@._V1_SX300.jpg
2661,https://m.media-amazon.com/images/M/MV5BOTUzNzM0MzQxMV5BMl5BanBnXkFtZTgwNTM5NDI1MDE@._V1_SX300.jpg
2662,https://m.media-amazon.com/images/M/MV5BM2FjZGQyZmItOTJhMy00ZjM1LWJkOTYtMzlmZWY3MDIyODg4XkEyXkFqcGc@._V1_SX300.jpg
2664,https://m.media-amazon.com/images/M/MV5BNzJkNWI2YTgtNWZkOS00YWE5LWIyZmMtZjI5NjI3NGY5ZGIxXkEyXkFqcGc@._V1_SX300.jpg
2665,https://m.media-amazon.com/images/M/MV5BMTUzOTQ2NzEyN15BMl5BanBnXkFtZTgwOTQyMjkyMjE@._V1_SX300.jpg
2668,https://m.media-amazon.com/images/M/MV5BMTllNWFkNmEtZTZkZC00NjBhLTg2OWUtN2RmN2U3YWE1MWY5XkEyXkFqcGc@._V1_SX300.jpg
2669,https://m.media-amazon.com/images/M/MV5BYjhhNDU4ZGEtZTdkYS00MzhkLTk4M2QtYzFiOTEyYWExZjBhXkEyXkFqcGc@._V1_SX300.jpg
2670,https://m.media-amazon.com/images/M/MV5BN2ZmNTFkNjAtODY1Yi00ODlhLWE0NzEtOWFhN2RiNzU4NzBhXkEyXkFqcGc@._V1_SX300.jpg
2671,https://m.media-amazon.com/images/M/MV5BZjY3YWI5OTMtYTdlNy00ZTZiLWEwYjItN2M1MGVkMDM4ZDExXkEyXkFqcGc@._V1_SX300.jpg
2672,https://m.media-amazon.com/images/M/MV5BNGY0NjNiMGQtNGQwNy00YmMwLThhZmQtNzQ1OWUwOTE3NzhjXkEyXkFqcGc@._V1_SX300.jpg
2674,https://m.media-amazon.com/images/M/MV5BZDZlZDk4MDgtYWVkYi00NTI1LWEzMmEtY2QyNjUyMjllOGFhXkEyXkFqcGc@._V1_SX300.jpg
2676,https://m.media-amazon.com/images/M/MV5BZGUyOTVkMDQtYzFjNy00MDVkLThlOWEtMTkwNzY4MjY3ZjI0XkEyXkFqcGc@._V1_SX300.jpg
2677,https://m.media-amazon.com/images/M/MV5BMjZjZGRiNzktMjBmNS00NzUzLWI0NzMtYTYzYWZkNjU4OWE4XkEyXkFqcGc@._V1_SX300.jpg
2681,https://m.media-amazon.com/images/M/MV5BMjk0YzE4NzQtYjFjZi00MmI3LTlmMmEtNDNmNDI0NWQ4MGMyXkEyXkFqcGc@._V1_SX300.jpg
2682,https://m.media-amazon.com/images/M/MV5BN2JmODgyMTktOGE5ZS00MzY4LThhZDYtYzYzNmUyNzIzNDlkXkEyXkFqcGc@._V1_SX300.jpg
2683,https://m.media-amazon.com/images/M/MV5BY2I3ZTBjOGQtYjQ3My00M2RlLTk3MjgtOTVmMWExNmU3ZjBkXkEyXkFqcGc@._V1_SX300.jpg
2686,https://m.media-amazon.com/images/M/MV5BYmQ3Y2RjMDgtZTQ5Yi00NDJlLWFjZGEtZWM5NTVjN2EyNmNjXkEyXkFqcGc@._V1_SX300.jpg
2687,https://m.media-amazon.com/images/M/MV5BZjM5OWM5NzktMTIzYy00OTk1LWIyYzAtYzBhNWY3NWQ2Y2Y0XkEyXkFqcGc@._V1_SX300.jpg
2688,https://m.media-amazon.com/images/M/MV5BNmZiZjk0OTQtZDhiNS00YzRjLWJmOWItZjM3ZGI4NDU5NDE0XkEyXkFqcGc@._V1_SX300.jpg
2690,https://m.media-amazon.com/images/M/MV5BMzBmNDg1YWItMzRmMS00YTIwLTg3NGMtNmQ2ZTU1NzJiOThmXkEyXkFqcGc@._V1_SX300.jpg
2691,https://m.media-amazon.com/images/M/MV5BNDg0ZTU4YTItZTI3My00ODNjLTllMTYtMzI3ZWNjYjU1NGM1XkEyXkFqcGc@._V1_SX300.jpg
2692,https://m.media-amazon.com/images/M/MV5BMzA0NDdiNDgtNjI4Ny00OTc0LTg3NGMtZDBlNmI1ZGUxYTg2XkEyXkFqcGc@._V1_SX300.jpg
2693,https://m.media-amazon.com/images/M/MV5BY2IxOWFmN2MtNTBkOS00ZDllLWFlZjEtNzcxZjM2Y2FhN2RjXkEyXkFqcGc@._V1_SX300.jpg
2694,https://m.media-amazon.com/images/M/MV5BZGQwMzAyMjEtYjNiNi00NWQwLThiNjQtY2Q2ZWQ5ZGIzMDI4XkEyXkFqcGc@._V1_SX300.jpg
2695,https://m.media-amazon.com/images/M/MV5BNmQ4ZjZlNTctNTc1Mi00MzE4LTlhZDktNTlmMWY4Y2VlOWQ1XkEyXkFqcGc@._V1_SX300.jpg
2696,https://m.media-amazon.com/images/M/MV5BMDc1NDM1NjAtOWIxMi00YTc1LWIyZWUtMzZkODkzYzQ1ZmU2XkEyXkFqcGc@._V1_SX300.jpg
2697,https://m.media-amazon.com/images/M/MV5BNjk3ZDM5ZTUtZmI0Yi00MDM3LWE2OWQtM2I2ODYzYWRkNjRiXkEyXkFqcGc@._V1_SX300.jpg
2698,https://m.media-amazon.com/images/M/MV5BMTQ4NDQ5NzYwOV5BMl5BanBnXkFtZTcwNzg1NjcyMQ@@._V1_SX300.jpg
2699,https://m.media-amazon.com/images/M/MV5BMjExNTcyMjI2Ml5BMl5BanBnXkFtZTgwMDgwNTg4NjE@._V1_SX300.jpg
2700,https://m.media-amazon.com/images/M/MV5BMDcyNDE4OWEtMjIzNi00OTdmLWIwMWEtNWU2ZjM4ZjA4YzNkXkEyXkFqcGc@._V1_SX300.jpg
2701,https://m.media-amazon.com/images/M/MV5BOGI1OWJjMWUtOTNiNC00N2RlLWE3OTYtM2FmOGUzNTQxNzk2XkEyXkFqcGc@._V1_SX300.jpg
2702,https://m.media-amazon.com/images/M/MV5BZmI0OTZiNWYtMzhkNS00ZmVhLWIyY2MtZmNkNGE0NjM2ZmYyXkEyXkFqcGc@._V1_SX300.jpg
2706,https://m.media-amazon.com/images/M/MV5BMTg3ODY5ODI1NF5BMl5BanBnXkFtZTgwMTkxNTYxMTE@._V1_SX300.jpg
2707,https://m.media-amazon.com/images/M/MV5BMTlmYzA4NGItZTdlMS00YTU1LWEyNjQtNGNiN2M4OWYyOTRlXkEyXkFqcGc@._V1_SX300.jpg
2708,https://m.media-amazon.com/images/M/MV5BZjRmMmUwMDctMDcwYS00ZGJlLWJkMzYtNTBjMDEzNzhjYmIyXkEyXkFqcGc@._V1_SX300.jpg
2709,https://m.media-amazon.com/images/M/MV5BYjM2YmVlN2MtYTlmZS00Zjk1LTk1MWYtNTM4NmU0NTIwMTQ5XkEyXkFqcGc@._V1_SX300.jpg
2710,https://m.media-amazon.com/images/M/MV5BNGFmYzA5NzktOTc1Ni00YTIxLWJiZTEtNmEyZjBjNDM2MjRlXkEyXkFqcGc@._V1_SX300.jpg
2712,https://m.media-amazon.com/images/M/MV5BZTQ0MmM5MDAtYmYyZS00MzlmLTlhZTAtZDJlZWY5ZTZkZjZmXkEyXkFqcGc@._V1_SX300.jpg
2713,https://m.media-amazon.com/images/M/MV5BNzY3NTk4NjYtODIzMS00YmM5LWFiODUtZDUxNThjNTNiZGRjXkEyXkFqcGc@._V1_SX300.jpg
2716,https://m.media-amazon.com/images/M/MV5BMGI0Yjg2ODAtNDYzNi00Njc2LTlkMmMtMmRmYWI5MDE4ZGRkXkEyXkFqcGc@._V1_SX300.jpg
2717,https://m.media-amazon.com/images/M/MV5BZThjODU5NTMtMWJiNC00NjNkLWJmM2YtM2EzNDg3NjMxYjU5XkEyXkFqcGc@._V1_SX300.jpg
2718,https://m.media-amazon.com/images/M/MV5BZGNiMmMwZDMtMTVhNS00ODExLTgxMTgtMmEwYWU1YTNiYzVkXkEyXkFqcGc@._V1_SX300.jpg
2719,https://m.media-amazon.com/images/M/MV5BN2E0OWZlNDAtODQxOS00ZjIwLTlhOTMtM2ZhNzZmYWVmOWQxXkEyXkFqcGc@._V1_SX300.jpg
2720,https://m.media-amazon.com/images/M/MV5BZDJlODc3NWItODA4MC00ODhiLTllNjMtMzI0ZWFiZDUxODM2XkEyXkFqcGc@._V1_SX300.jpg
2722,https://m.media-amazon.com/images/M/MV5BMTM5OTUyYWYtMGE2OS00ODEzLTk0ZjctZmQ5NzFlNWQ3OTAxXkEyXkFqcGc@._V1_SX300.jpg
2723,https://m.media-amazon.com/images/M/MV5BNThiMzQ3ZmUtYzRmMS00Njg2LWEzM2EtNGI3ZTAwNmFiOTlkXkEyXkFqcGc@._V1_SX300.jpg
2724,https://m.media-amazon.com/images/M/MV5BNzBjNjBhN2YtYzQwNi00OTVkLWFkNTMtNjU0OWFkNTFmZGQ4XkEyXkFqcGc@._V1_SX300.jpg
2725,https://m.media-amazon.com/images/M/MV5BNjkzODkxN2QtOTE0Ni00ZDgxLTkxMjUtYTM2NGMyMmNhYWNhXkEyXkFqcGc@._V1_SX300.jpg
2726,https://m.media-amazon.com/images/M/MV5BNGNhNTNiZjMtM2U1Yy00MTYwLWJhZGMtM2E1ZWU0NWFlYWMxXkEyXkFqcGc@._V1_SX300.jpg
2727,https://m.media-amazon.com/images/M/MV5BY2VmMTU4MDctOWQzYi00NWFhLTg5MDItOGZlNTJmMzIzYTJiXkEyXkFqcGc@._V1_SX300.jpg
2728,https://m.media-amazon.com/images/M/MV5BMTcyOThhYzktMTYyMi00NDU5LWExZWMtOWUzNGJiZGFlMWQwXkEyXkFqcGc@._V1_SX300.jpg
2729,https://m.media-amazon.com/images/M/MV5BZWViYzBiNDgtNmUyZC00MDIxLTg1ZmQtNjNkZjRkZjcwZmEzXkEyXkFqcGc@._V1_SX300.jpg
2730,https://m.media-amazon.com/images/M/MV5BNmM2MGQ5Y2UtYzA3ZC00ZDJlLTkwNDYtMjBmZGExZDJiN2RlXkEyXkFqcGc@._V1_SX300.jpg
2731,https://m.media-amazon.com/images/M/MV5BOTU3YTM0YzQtMmFlOS00OTIxLWFmZjctMDJkOGQxNTVhODM3XkEyXkFqcGc@._V1_SX300.jpg
2732,https://m.media-amazon.com/images/M/MV5BM2Y0NmFlMmUtOTgwOC00MjVlLTk3NGEtZWNmYWZlMmI3ODBlXkEyXkFqcGc@._V1_SX300.jpg
2733,https://m.media-amazon.com/images/M/MV5BMmQ3YmUxNTYtNmI5YS00YTM5LWEzMTgtNTIzM2EwYzgxMzI4XkEyXkFqcGc@._V1_SX300.jpg
2734,https://m.media-amazon.com/images/M/MV5BMjMzZjQwZTctOTQ1Ny00NmVjLWJjNzYtM2EzMzQyYWQ5ODU4XkEyXkFqcGc@._V1_SX300.jpg
2735,https://m.media-amazon.com/images/M/MV5BZDc1ODAwZjItMjE1Yy00ZTczLWI4ODUtYTNlN2ViNWI4MGI0XkEyXkFqcGc@._V1_SX300.jpg
2736,https://m.media-amazon.com/images/M/MV5BNTc2ZmYxMTItN2QxZS00NmExLWI1NGEtY2NiMzZjODUyOTczXkEyXkFqcGc@._V1_SX300.jpg
2737,https://m.media-amazon.com/images/M/MV5BZGJjMGU0ODgtYzllNC00YmY3LWEyNGUtNmMxMjc4NDhhYzQ4XkEyXkFqcGc@._V1_SX300.jpg
2738,https://m.media-amazon.com/images/M/MV5BN2JhMmNjMjMtYmNmNC00MGFjLTkwYzUtNGE0YjhlMGQzMGVhXkEyXkFqcGc@._V1_SX300.jpg
2739,https://m.media-amazon.com/images/M/MV5BM2MyZjBlMGItNThkMi00YWExLThlZmUtZmI2MGM3YWE3YTY1XkEyXkFqcGc@._V1_SX300.jpg
2740,https://m.media-amazon.com/images/M/MV5BNmMxNjE3MzgtMGVmOC00OTBjLWIxMTktMmFjYmM1NTRjMDM1XkEyXkFqcGc@._V1_SX300.jpg
2741,https://m.media-amazon.com/images/M/MV5BMzAyNjE4YzUtNjM3NC00MjM1LWIwZGQtODgxZjQ2OGVmNWJkXkEyXkFqcGc@._V1_SX300.jpg
2742,https://m.media-amazon.com/images/M/MV5BZWVkYmNiMWMtMzMzZC00MzRjLTg0YmEtOTFiYjJhNjY2MDRlXkEyXkFqcGc@._V1_SX300.jpg
2743,https://m.media-amazon.com/images/M/MV5BYTIwOGJlYzItYzY5My00MjFiLTg5YmEtYjRhNDc1NDdhNWMxXkEyXkFqcGc@._V1_SX300.jpg
2744,https://m.media-amazon.com/images/M/MV5BYWY3YjU1MmUtMWJmNS00ZWYxLTk2M2EtZWE4ZDEwNWQ4ZWM5XkEyXkFqcGc@._V1_SX300.jpg
2745,https://m.media-amazon.com/images/M/MV5BODcxMDJiMzQtNzVkYS00ZDI3LWEzYmEtY2NiYTIzZWQzYzRlXkEyXkFqcGc@._V1_SX300.jpg
2746,https://m.media-amazon.com/images/M/MV5BNTJjM2VhMDctMTIxYi00MzY3LWI5ZDgtZjFiNzg0M2QxNzI5XkEyXkFqcGc@._V1_SX300.jpg
2747,https://m.media-amazon.com/images/M/MV5BMDY1YjQ3ZWItNDJkNC00YjBkLWI4MDAtYzc0MWM2Mjk1MDg1XkEyXkFqcGc@._V1_SX300.jpg
2748,https://m.media-amazon.com/images/M/MV5BMGQyYWJmNGQtOGUyZC00NThkLWEwMmUtMTgxODc3Zjg0MDE0XkEyXkFqcGc@._V1_SX300.jpg
2749,https://m.media-amazon.com/images/M/MV5BMjQ5ZTkxMDItMGE1Mi00YzlhLThmYTgtYTI0OWVlZDNjNzM3XkEyXkFqcGc@._V1_SX300.jpg
2750,https://m.media-amazon.com/images/M/MV5BMTYwNDg1NDYzOF5BMl5BanBnXkFtZTcwMDIwMzg4NA@@._V1_SX300.jpg
2751,https://m.media-amazon.com/images/M/MV5BYWU2YTM2ZjMtMzgyNS00NWEyLWJlOGYtYTQ5NjkzODhhMTNjXkEyXkFqcGc@._V1_SX300.jpg
2752,https://m.media-amazon.com/images/M/MV5BMjZjZTJlYTktYTdjOC00YTFlLWI4NWMtYzNkZjY1ZDZjOWVhXkEyXkFqcGc@._V1_SX300.jpg
2754,https://m.media-amazon.com/images/M/MV5BNjMxN2U3NTAtYzgwNi00NmMyLTkzNjMtMTZmOWZiOGRhNDk5XkEyXkFqcGc@._V1_SX300.jpg
2757,https://m.media-amazon.com/images/M/MV5BYmM5YTQ0ZWEtMDExYS00NzVlLTlmNDMtOGM3MWY2NTU2ZjBiXkEyXkFqcGc@._V1_SX300.jpg
2759,https://m.media-amazon.com/images/M/MV5BYmEzZjg4YTUtN2MyZC00OGMxLWE2NjEtMzg5MWZjZDFhYjQ4XkEyXkFqcGc@._V1_SX300.jpg
2761,https://m.media-amazon.com/images/M/MV5BODM4ZjZjMGEtYmFiMy00MThjLWIzZjUtMDU0ODg1NTI2MzIwXkEyXkFqcGc@._V1_SX300.jpg
2762,https://m.media-amazon.com/images/M/MV5BZWQ2OTY0M2UtMTQxNC00MmIzLTllNDQtNDQ0MTQyYzI2M2ZiXkEyXkFqcGc@._V1_SX300.jpg
2763,https://m.media-amazon.com/images/M/MV5BOTEyMjkzYmYtMDJkNi00NjFiLTlmNDgtMWIzOTUyZDJkZmMxXkEyXkFqcGc@._V1_SX300.jpg
2764,https://m.media-amazon.com/images/M/MV5BOTA5NzQ4NjE4NF5BMl5BanBnXkFtZTcwMjIzMzY3NA@@._V1_SX300.jpg
2765,https://m.media-amazon.com/images/M/MV5BNTQ0ODVlZjYtZDNjMy00ZDI4LWE2MmItODE5NmYyODg1ZTE4XkEyXkFqcGc@._V1_SX300.jpg
2766,https://m.media-amazon.com/images/M/MV5BOWY3ZGUzYWItZWZkMC00ZDIwLTkzNWUtNjRiZTliOTViNmE0XkEyXkFqcGc@._V1_SX300.jpg
2769,https://m.media-amazon.com/images/M/MV5BNTk4OTZlOGQtMWQ4ZS00ZWViLWJhY2QtMjkxZjUyMGEwNWE0XkEyXkFqcGc@._V1_SX300.jpg
2770,https://m.media-amazon.com/images/M/MV5BOGVjOTM3NDEtMTE4Zi00OTVkLTkyYTYtNTk0OWY4NDAxZjRkXkEyXkFqcGc@._V1_SX300.jpg
2771,https://m.media-amazon.com/images/M/MV5BNDM1NmViY2QtMWZlZC00OTVkLTg0ZjEtMzQzOGNlMDM3OGMyXkEyXkFqcGc@._V1_SX300.jpg
2772,https://m.media-amazon.com/images/M/MV5BZTA4MDM5OGItMGE5YS00YTEyLTk3ZTEtM2I3ZjMzODM3NzA5XkEyXkFqcGc@._V1_SX300.jpg
2774,https://m.media-amazon.com/images/M/MV5BMTQzMTA2MTQwNF5BMl5BanBnXkFtZTYwMjg5NzQ3._V1_SX300.jpg
2775,https://m.media-amazon.com/images/M/MV5BNTZkZDU3ZTItODVkZS00YjQ3LThiMWItYjNlNzJiOTdmYTE5XkEyXkFqcGc@._V1_SX300.jpg
2779,https://m.media-amazon.com/images/M/MV5BM2U3OTJmYjItZDAxYy00ZDlmLThlMDItNThjYThhZDgwN2NlXkEyXkFqcGc@._V1_SX300.jpg
2782,https://m.media-amazon.com/images/M/MV5BZDBiNjRhMDctMDA5Zi00YmVkLWEzMTMtMGU5NjI5MTE4Y2E0XkEyXkFqcGc@._V1_SX300.jpg
2784,https://m.media-amazon.com/images/M/MV5BNzUyYTM3MDYtNmZhZC00MTc1LTliNzUtYmNjNTBiZWI4MzUzXkEyXkFqcGc@._V1_SX300.jpg
2786,https://m.media-amazon.com/images/M/MV5BMWY3YjQ4ZDMtNmIxZC00ZWUwLTkwYWYtZjFiYWI2NTM3ZDc1XkEyXkFqcGc@._V1_SX300.jpg
2787,https://m.media-amazon.com/images/M/MV5BNjFjYTM3ZWUtZDYxMi00Y2NkLWI1M2UtMGZiODI5NzM4ZjdlXkEyXkFqcGc@._V1_SX300.jpg
2788,https://m.media-amazon.com/images/M/MV5BZjEzYjIzMzYtODE3NC00ZjM5LWE0NWItM2Q4YTY2NWRlOWNjXkEyXkFqcGc@._V1_SX300.jpg
2789,https://m.media-amazon.com/images/M/MV5BODBiODQ3N2UtNWY1NS00MDA1LWIyNjgtNTdmZjRlNzg1ZjIxXkEyXkFqcGc@._V1_SX300.jpg
2790,https://m.media-amazon.com/images/M/MV5BZmJkNDYzNzktZThmNC00MmRjLTliMzgtOWY2ZmI1ZTkwYTAyXkEyXkFqcGc@._V1_SX300.jpg
2791,https://m.media-amazon.com/images/M/MV5BNGMxMDRhMjItMDNlZi00MDIzLWE5MDQtODljMDQ3MWM1Y2E4XkEyXkFqcGc@._V1_SX300.jpg
2792,https://m.media-amazon.com/images/M/MV5BYTdhM2JiMDItN2EwNi00YzIzLWE0ZGYtNjk1YzhlY2QxZTNlXkEyXkFqcGc@._V1_SX300.jpg
2793,https://m.media-amazon.com/images/M/MV5BOTc0MjBjY2QtYThlZS00MGM0LWFjMjEtMzA4ZTg2MWNmMTg5XkEyXkFqcGc@._V1_SX300.jpg
2794,https://m.media-amazon.com/images/M/MV5BNGIwMGZlZDUtOWVlNS00Nzg3LWI2MjUtZTUxYjVmNTVlZTE0XkEyXkFqcGc@._V1_SX300.jpg
2795,https://m.media-amazon.com/images/M/MV5BOWQ3ZTg3MzYtOGU0Yi00NjgyLWFkNmMtMWFlZWE3MTkyOTdlXkEyXkFqcGc@._V1_SX300.jpg
2796,https://m.media-amazon.com/images/M/MV5BNTg5OWE5NDQtODE0Mi00Nzg3LWI0YTYtYjc4YjVhNTlmMzY3XkEyXkFqcGc@._V1_SX300.jpg
2797,https://m.media-amazon.com/images/M/MV5BNzE3ZTc2ZDgtMzQ4MS00NjEyLWJkMDYtZmMzZmY5ODJhMDdmXkEyXkFqcGc@._V1_SX300.jpg
2798,https://m.media-amazon.com/images/M/MV5BMDllZDU1NzctM2I3NC00MDBmLTg4NGYtNmIzOTU1NTc3ZDFjXkEyXkFqcGc@._V1_SX300.jpg
2799,https://m.media-amazon.com/images/M/MV5BMWRkZGVmZTItYWQ0MS00YzhlLWJkMTEtZDcwMThiYTcwYzAzXkEyXkFqcGc@._V1_SX300.jpg
2800,https://m.media-amazon.com/images/M/MV5BYmE0ZTg2MGYtMTJjZi00NTg1LWI4OTQtOTdhOTc1MWQ2YzI5XkEyXkFqcGc@._V1_SX300.jpg
2801,https://m.media-amazon.com/images/M/MV5BMzM4MjJmMGEtNmRjMi00NGUyLTg3YjItZGEzYmNlMWY3NzRmXkEyXkFqcGc@._V1_SX300.jpg
2802,https://m.media-amazon.com/images/M/MV5BZWYyYzA5MDMtM2Q4OC00MmVlLWE0MjgtNzQ2NGZlMzAzNGIyXkEyXkFqcGc@._V1_SX300.jpg
2803,https://m.media-amazon.com/images/M/MV5BZjA2NmE4MjEtOTkxYy00YjhkLWI2YjgtODFmMGY0Zjc3YTdhXkEyXkFqcGc@._V1_SX300.jpg
2804,https://m.media-amazon.com/images/M/MV5BZWZhYzI1YjktYzJjYy00NjIwLWE0MGItNWM4YWM2ZjFkNGM0XkEyXkFqcGc@._V1_SX300.jpg
2805,https://m.media-amazon.com/images/M/MV5BNjIzNDQ4MDc5OV5BMl5BanBnXkFtZTYwNzI3MDM3._V1_SX300.jpg
2806,https://m.media-amazon.com/images/M/MV5BNGNiNTc5YTEtMTY3Zi00NjZjLWI2MDItNDk0NDU0MmQyNDEzXkEyXkFqcGc@._V1_SX300.jpg
2807,https://m.media-amazon.com/images/M/MV5BMDkwYjg1OWYtOTJmZi00ZGY1LTkzMjYtYjAxYjA4ZGJiODhiXkEyXkFqcGc@._V1_SX300.jpg
2808,https://m.media-amazon.com/images/M/MV5BYTdmYzQ1YzYtMjFlYi00NGU2LWE2YTEtZDljMWNmYzBhMzFhXkEyXkFqcGc@._V1_SX300.jpg
2810,https://m.media-amazon.com/images/M/MV5BMzAwNDIzMzEtZDZkNC00ZDQ4LTk3ZDMtZjVhMTU2YzgzZTZiXkEyXkFqcGc@._V1_SX300.jpg
2812,https://m.media-amazon.com/images/M/MV5BYjc4ZmViMzYtMDFhMi00MDg4LTljNzAtZGZiMjk3NjYwMDAyXkEyXkFqcGc@._V1_SX300.jpg
2813,https://m.media-amazon.com/images/M/MV5BMTk4NjUxMzgxNV5BMl5BanBnXkFtZTcwMzYwNzYxMQ@@._V1_SX300.jpg
2815,https://m.media-amazon.com/images/M/MV5BNTA5ZmE1OWUtYjk1My00ZDQ0LWJiMGYtMGQwZTkwZTRiZDI1XkEyXkFqcGc@._V1_SX300.jpg
2816,https://m.media-amazon.com/images/M/MV5BNTZmYjNlNWUtODlhOS00MWVlLTk5OTYtYTY1YzJjNDY4YzAyXkEyXkFqcGc@._V1_SX300.jpg
2817,https://m.media-amazon.com/images/M/MV5BMmZiMTI5MTctNzAxZi00YzQzLWFiMjYtNWVmMDBiMjUyNGE0XkEyXkFqcGc@._V1_SX300.jpg
2818,https://m.media-amazon.com/images/M/MV5BYTEzZGJhMDgtZGFjYi00Zjk2LWE3MDYtZDc2NjFjZTkyYjkxXkEyXkFqcGc@._V1_SX300.jpg
2819,https://m.media-amazon.com/images/M/MV5BZmJhYmMwNjktM2E0Zi00Y2Q1LThlYzktMDgyM2VmZThmNWYyXkEyXkFqcGc@._V1_SX300.jpg
2820,https://m.media-amazon.com/images/M/MV5BMTI5MDA5ODIzM15BMl5BanBnXkFtZTcwNDc0NzIyMQ@@._V1_SX300.jpg
2822,https://m.media-amazon.com/images/M/MV5BYmU0NDc3N2QtMDkwYy00NTdkLTg5NzgtZjQ5MThjOTUyOWNjXkEyXkFqcGc@._V1_SX300.jpg
2824,https://m.media-amazon.com/images/M/MV5BMjEzMTE4MTk0Nl5BMl5BanBnXkFtZTcwOTc5MTYyMQ@@._V1_SX300.jpg
2826,https://m.media-amazon.com/images/M/MV5BY2IwMTYyNjctYzhjZi00Y2Y3LWE3NjktMGVjMjFhNzk0NWFjXkEyXkFqcGc@._V1_SX300.jpg
2827,https://m.media-amazon.com/images/M/MV5BYTIxNjViMDgtMjM5Yy00ZDY1LWE3YzUtYWFiMDNlNWFjMDNkXkEyXkFqcGc@._V1_SX300.jpg
2828,https://m.media-amazon.com/images/M/MV5BYTkyOGFiMTMtMjc1NC00Yzc2LWFlZmQtMDM4ZTU3YjhjYzE4XkEyXkFqcGc@._V1_SX300.jpg
2829,https://m.media-amazon.com/images/M/MV5BZmM3MmRmMTItOWMyZi00MWVjLWI0OTUtNjQ0YzVlZDQ4ZTYyXkEyXkFqcGc@._V1_SX300.jpg
2835,https://m.media-amazon.com/images/M/MV5BNGU0ZmQ3YTgtODI0NS00OWQ5LTk3YWItODhkYzQ0OWViN2ViXkEyXkFqcGc@._V1_SX300.jpg
2836,https://m.media-amazon.com/images/M/MV5BMTMyODE2NjA0Nl5BMl5BanBnXkFtZTcwNzIzODgxMQ@@._V1_SX300.jpg
2837,https://m.media-amazon.com/images/M/MV5BMGI5ZjkzZTEtZDBmMi00Y2QxLTg3YzMtMmYxZjI2OTgzMzVhXkEyXkFqcGc@._V1_SX300.jpg
2839,https://m.media-amazon.com/images/M/MV5BNzE0NzdkMmUtNTJlOC00ZGEyLTg1MDctZjdhNDQ4MTc5YzkyXkEyXkFqcGdeQXVyMTMxMTY0OTQ@._V1_SX300.jpg
2840,https://m.media-amazon.com/images/M/MV5BMTQwMDA1NzI4OV5BMl5BanBnXkFtZTcwNzM4MjM3NA@@._V1_SX300.jpg
2841,https://m.media-amazon.com/images/M/MV5BY2FkMzA3MzQtMjQ1Mi00NjI1LTlhNTYtNjQ3ODEwOWY1MDUxXkEyXkFqcGc@._V1_SX300.jpg
2843,https://m.media-amazon.com/images/M/MV5BZjdmNzIwYzEtMGZhNi00OTVmLWJmZGItOTNlZTkzZDA1OWY0XkEyXkFqcGc@._V1_SX300.jpg
2844,https://m.media-amazon.com/images/M/MV5BMGQ2YWMyMWUtYjZlYy00OGZlLWI4MjItYjNmZjM5YTExNDI3XkEyXkFqcGc@._V1_SX300.jpg
2846,https://m.media-amazon.com/images/M/MV5BYWIwNDRlZjQtODQ2Yy00ZTFkLWFlMzctYzk2MWQ2OWQzOTk3XkEyXkFqcGc@._V1_SX300.jpg
2847,https://m.media-amazon.com/images/M/MV5BMDE0ZDk3MjQtOTE5Ny00MTM3LWIyNGUtZWZjOWU0YmE3NGI1XkEyXkFqcGc@._V1_SX300.jpg
2848,https://m.media-amazon.com/images/M/MV5BOWM4MjQ3MGEtMGNmYS00NjJhLWFhMTUtOTg4N2Y3N2FjZjE5XkEyXkFqcGc@._V1_SX300.jpg
2851,
2852,https://m.media-amazon.com/images/M/MV5BNTY1NjhkMjMtNTQwZi00MjkzLThhNmItYTIwOTg3ODlkYzBkXkEyXkFqcGc@._V1_SX300.jpg
2856,https://m.media-amazon.com/images/M/MV5BZDI2YjkyNWItMTI5Yi00YzY2LTgyZDQtNGQyNzg5YzY0NjU5XkEyXkFqcGc@._V1_SX300.jpg
2857,https://m.media-amazon.com/images/M/MV5BYWI1MGU0ZGQtMGUwYS00M2IxLThkZmMtZDM3M2NhNzdjOTFjXkEyXkFqcGc@._V1_SX300.jpg
2858,https://m.media-amazon.com/images/M/MV5BMDI1MDE0OTMtMmI2MS00Yjc2LTg2MTItMWExYTg5NzA1OGUzXkEyXkFqcGc@._V1_SX300.jpg
2859,https://m.media-amazon.com/images/M/MV5BOTY2Y2EzMTctYTZiMC00YzEzLWIwMDItODQyYWUyY2U2MTk4XkEyXkFqcGc@._V1_SX300.jpg
2860,https://m.media-amazon.com/images/M/MV5BY2RmODQxZmQtZjAzYy00MWQxLWFmN2MtMWJiOGIxOGQxOWU4XkEyXkFqcGc@._V1_SX300.jpg
2861,https://m.media-amazon.com/images/M/MV5BNjA5ZDZkMTctYmVhOC00ZDQzLWE3MTctNWIyZmRhOGZhMDM4XkEyXkFqcGc@._V1_SX300.jpg
2862,https://m.media-amazon.com/images/M/MV5BYjllZjhiZWUtMTM1OC00YWJkLWJkOWUtMWZlNzBhNjM2M2QxXkEyXkFqcGc@._V1_SX300.jpg
2863,https://m.media-amazon.com/images/M/MV5BNWY3OGNkM2QtYWZjMi00NTVhLTkzZWQtZTcyMGNhNjczNWVmXkEyXkFqcGc@._V1_SX300.jpg
2865,https://m.media-amazon.com/images/M/MV5BMTYzNTM5NzI2MF5BMl5BanBnXkFtZTYwODY5Mjg5._V1_SX300.jpg
2866,https://m.media-amazon.com/images/M/MV5BODI2ZDQ3ZTItNmU5Yi00YTg4LWFlZWItMDc1NDU5ZDQ5NmZiXkEyXkFqcGc@._V1_SX300.jpg
2867,https://m.media-amazon.com/images/M/MV5BMjQzMTM4NzUyM15BMl5BanBnXkFtZTgwNDYyODgwNzE@._V1_SX300.jpg
2868,https://m.media-amazon.com/images/M/MV5BNTY1ODVjNTgtMWM0MC00ZGVjLTk0YmMtMTY1OWUzYTUzMjEyXkEyXkFqcGc@._V1_SX300.jpg
2870,https://m.media-amazon.com/images/M/MV5BMjJhMjFjZWUtZWM2Yy00NmNkLTgzZmMtYjU4NzJhZTUyNjZiXkEyXkFqcGc@._V1_SX300.jpg
2871,https://m.media-amazon.com/images/M/MV5BMWUyN2RlM2QtYzVlNy00Njc3LTgzMDMtNmJmMTk0OGY3ODFmXkEyXkFqcGc@._V1_SX300.jpg
2872,https://m.media-amazon.com/images/M/MV5BMTI0ZTZlNGMtNjhmNi00OGFiLTkzYjEtZmZiODgxMzI3YTE0XkEyXkFqcGc@._V1_SX300.jpg
2874,https://m.media-amazon.com/images/M/MV5BMGQ3NTcwMmEtMzM3ZS00NjI4LTliYjAtNWEzYTc4OTNhNzM5XkEyXkFqcGc@._V1_SX300.jpg
2875,https://m.media-amazon.com/images/M/MV5BZGExZjZjYjUtZTRiNy00OGM2LTlkMDctMzZmNmRmMzc0ZGYzXkEyXkFqcGc@._V1_SX300.jpg
2876,https://m.media-amazon.com/images/M/MV5BYzU2NzE2MjQtY2VmOS00ZWI1LTg0NDYtNmQzYzU5YWE4OTgxXkEyXkFqcGc@._V1_SX300.jpg
2877,https://m.media-amazon.com/images/M/MV5BNmU1ZWNhZTMtMzdlNy00OWJlLWEwOGMtMzE3YmI0MDQxMGU5XkEyXkFqcGc@._V1_SX300.jpg
2878,https://m.media-amazon.com/images/M/MV5BN2Y0NWQzZTUtZDlhMi00NzFlLTg4ZmYtYzRiYzczOTA0ZTIzXkEyXkFqcGc@._V1_SX300.jpg
2879,https://m.media-amazon.com/images/M/MV5BMGNhODU2YTktMjQ4OC00NThmLTllYWItMjIwN2M1MGU1MzhlXkEyXkFqcGc@._V1_SX300.jpg
2880,https://m.media-amazon.com/images/M/MV5BMDE3ZDg0MDYtYmRhNi00ZWViLWFhZjctOWRkMzBjM2NlMTRlXkEyXkFqcGc@._V1_SX300.jpg
2881,https://m.media-amazon.com/images/M/MV5BZGFhMzVkYmQtYzI4OS00ZTYxLThjYTItYzZjYzY2OTlkMGQ4XkEyXkFqcGc@._V1_SX300.jpg
2882,https://m.media-amazon.com/images/M/MV5BY2QyOTU2ZTAtYmRkMC00NDVjLThlNWQtMmI0MWI4NDM3YmRmXkEyXkFqcGc@._V1_SX300.jpg
2883,https://m.media-amazon.com/images/M/MV5BMzRiOGE3Y2UtNGYxNy00MDZmLWE3MDAtYWFjMTJlOTdjYmY3XkEyXkFqcGc@._V1_SX300.jpg
2884,https://m.media-amazon.com/images/M/MV5BMzc2NjY3ZDItZWFiMi00ZGMzLWE1MWItZDU0YzY5ZTQwY2I0XkEyXkFqcGc@._V1_SX300.jpg
2885,https://m.media-amazon.com/images/M/MV5BNTNlYzQ5ZTItYjYwOC00ODIzLTllNGQtMDgxMjU4ZjhjMzBjXkEyXkFqcGc@._V1_SX300.jpg
2886,https://m.media-amazon.com/images/M/MV5BOGIzMzZkYTQtYjcyNS00YmQ4LWIyZTAtNzFlNGViYjJmM2Y3XkEyXkFqcGc@._V1_SX300.jpg
2887,https://m.media-amazon.com/images/M/MV5BZmZiNzkzZTktNTljYi00YWY0LTg2MWMtYjgwNWUwM2NmOGRjXkEyXkFqcGc@._V1_SX300.jpg
2888,https://m.media-amazon.com/images/M/MV5BMGU0YmZlYmEtMWQyYS00YjM1LThlNmYtOWQ1YzU4ZTRkMWMxXkEyXkFqcGc@._V1_SX300.jpg
2889,https://m.media-amazon.com/images/M/MV5BMWE3MGZmNTMtMTdiMC00NzRlLTk4ODAtZmJlZWNjMzY5NWVlXkEyXkFqcGc@._V1_SX300.jpg
2890,https://m.media-amazon.com/images/M/MV5BODdlODNiYWUtNDU4Mi00OWY0LTk2MmMtZWMwNzA4Yzc1NTAyXkEyXkFqcGc@._V1_SX300.jpg
2891,https://m.media-amazon.com/images/M/MV5BZGM4ZjQyMTUtMGMzMy00Mzc5LTg1MWYtZGM0M2M2ZGEyNTdjXkEyXkFqcGc@._V1_SX300.jpg
2892,https://m.media-amazon.com/images/M/MV5BMGQyNGY3NzAtZGI5YS00MTQ3LWI5NzktNzNmMTY1Mzg1ZmQ3XkEyXkFqcGc@._V1_SX300.jpg
2893,https://m.media-amazon.com/images/M/MV5BYjVmYjk1NjMtZmIxNC00ZGIxLTk0NTgtYzBjMzJkOTVjNTBlXkEyXkFqcGc@._V1_SX300.jpg
2894,https://m.media-amazon.com/images/M/MV5BZmIzM2JjMzMtZWM0OS00ZjNiLWFiYTAtZTNjNzZjMzdjZDI5XkEyXkFqcGc@._V1_SX300.jpg
2896,https://m.media-amazon.com/images/M/MV5BNzZkMjhjZjctM2FkMS00NzIzLTg5ODAtZmU4YmM4ZmUxNGMwXkEyXkFqcGc@._V1_SX300.jpg
2897,https://m.media-amazon.com/images/M/MV5BNGI3Yjc0ODAtOWZkNy00ZjBkLThiMWYtZDkzNDYyOTgzNWI0XkEyXkFqcGc@._V1_SX300.jpg
2898,https://m.media-amazon.com/images/M/MV5BMGUyNmFmYzctNDJmYi00ZjE3LTg5YjItMTJmNzgwNDg1YWJhXkEyXkFqcGc@._V1_SX300.jpg
2899,https://m.media-amazon.com/images/M/MV5BMzQxZjI3MTQtNWFjYy00MzY4LWJjYTctZDg4MmEwNGVjZmM2XkEyXkFqcGc@._V1_SX300.jpg
2900,https://m.media-amazon.com/images/M/MV5BMTkxOTk4NDM1Nl5BMl5BanBnXkFtZTcwNzI0ODI1NA@@._V1_SX300.jpg
2901,https://m.media-amazon.com/images/M/MV5BMDNhNzUwOWQtMmU2Yi00YTRiLWIxZjUtYzYyYmYyYjlkZTgzXkEyXkFqcGc@._V1_SX300.jpg
2902,https://m.media-amazon.com/images/M/MV5BZjZhZDhiNTctOTIwYy00MGVmLWE1Y2ItMmZjZjllMWM3MjcwXkEyXkFqcGc@._V1_SX300.jpg
2903,https://m.media-amazon.com/images/M/MV5BOTYwM2Q2ZWQtZTFkYS00NTRiLWIxMGMtMWJkMzhkMzhkOTliXkEyXkFqcGc@._V1_SX300.jpg
2905,https://m.media-amazon.com/images/M/MV5BYzllNDdhYmEtMGI5YS00YTk0LTlmNzMtNmM0MjNjYjBiN2JkXkEyXkFqcGc@._V1_SX300.jpg
2906,https://m.media-amazon.com/images/M/MV5BY2Y1MzZmMDgtNzI5NS00ZWNjLTk2NDItNDRlZDkyZjY2ZjZlXkEyXkFqcGc@._V1_SX300.jpg
2907,https://m.media-amazon.com/images/M/MV5BNzEwZGRiMzItMzY2Ny00NTBjLWE5ZTItOTE4Zjc5MmRiZDcyXkEyXkFqcGc@._V1_SX300.jpg
2908,https://m.media-amazon.com/images/M/MV5BYTMwYWZkOWQtMDY4My00MzE5LThkODAtN2Q2Y2FmNzY3ZmE2XkEyXkFqcGc@._V1_SX300.jpg
2912,https://m.media-amazon.com/images/M/MV5BOGYzZTI5MGYtZjE2NS00Yzg3LTk5Y2UtNjY3ZDk3MWI3Njg2XkEyXkFqcGc@._V1_SX300.jpg
2915,https://m.media-amazon.com/images/M/MV5BM2ZkNDFlMDQtNmI0OS00YTQ1LTg4MDMtYjdhZTY1MjQzNmU5XkEyXkFqcGc@._V1_SX300.jpg
2916,https://m.media-amazon.com/images/M/MV5BZjRlMzBkOGMtMTA1Ny00ZWI4LTkzMDItOGVkNWJkN2E4ZTkwXkEyXkFqcGc@._V1_SX300.jpg
2917,https://m.media-amazon.com/images/M/MV5BMWZjNDE0ZDUtZTg3Ny00ZWNiLWExZDMtNTY3OWYxZDUzZjg1XkEyXkFqcGc@._V1_SX300.jpg
2918,https://m.media-amazon.com/images/M/MV5BZWYwMjUxNjMtMzE0MC00NDM3LWIxMmQtYmEyNWVjNjdlZGZjXkEyXkFqcGc@._V1_SX300.jpg
2919,https://m.media-amazon.com/images/M/MV5BYzBmZTg1OWEtZGViNS00YWJiLWEzZTItMDgyMTEzNWQ1MDRmXkEyXkFqcGc@._V1_SX300.jpg
2921,https://m.media-amazon.com/images/M/MV5BNmQyMDFjMDUtZGFiYy00MGFmLWI0MTctMzg1MTZhOThhMTFiXkEyXkFqcGc@._V1_SX300.jpg
2922,https://m.media-amazon.com/images/M/MV5BMDQ3MmY2NDktZmRiYy00MTA5LThhOWItODNiOTMyNjZjMDg2XkEyXkFqcGc@._V1_SX300.jpg
2924,https://m.media-amazon.com/images/M/MV5BMGVjNzA2Y2QtNzNlOC00ODE2LWE3NDEtMzE4NzUwNjdhZWQzXkEyXkFqcGc@._V1_SX300.jpg
2925,https://m.media-amazon.com/images/M/MV5BNjBjNTYyOTYtZDIxOS00ZDdjLTg2NWMtMWE0NThjYjIxMDU0XkEyXkFqcGc@._V1_SX300.jpg
2926,https://m.media-amazon.com/images/M/MV5BYWI5MzRmOWEtNTU4MS00MGM0LTk3MGYtMWU4OWQ5NTYyM2UyXkEyXkFqcGc@._V1_SX300.jpg
2927,https://m.media-amazon.com/images/M/MV5BNGEyNGEyZWMtNjc3NC00N2EyLWI0NzAtZmUxMjRhMGZlYjNlXkEyXkFqcGc@._V1_SX300.jpg
2928,https://m.media-amazon.com/images/M/MV5BYzAzYTBlYWMtMTRjYi00NWIwLThhY2QtM2VmYTYyNzc3NjRmXkEyXkFqcGc@._V1_SX300.jpg
2929,https://m.media-amazon.com/images/M/MV5BNDFjMThlYTMtMjMwMy00MjgxLTlhZjgtZTY2ZTdmYjhmY2U2XkEyXkFqcGc@._V1_SX300.jpg
2930,https://m.media-amazon.com/images/M/MV5BMTQ5MTUyNDI3NV5BMl5BanBnXkFtZTcwODY1NzgyMQ@@._V1_SX300.jpg
2931,https://m.media-amazon.com/images/M/MV5BOTRkOTAzMzQtN2JjYi00YmQzLTg1YTYtMzk0ZWQ5N2Q3MDIzXkEyXkFqcGc@._V1_SX300.jpg
2932,https://m.media-amazon.com/images/M/MV5BOWM5OTcwMjMtMDk0OC00N2M3LTlmYzQtY2Q5ZmZmNjIyOGViXkEyXkFqcGc@._V1_SX300.jpg
2935,https://m.media-amazon.com/images/M/MV5BMGVmYmZkNjgtNDA5Ny00YzFlLTk5MDctYjUyM2RjZWYxNTMwXkEyXkFqcGc@._V1_SX300.jpg
2936,https://m.media-amazon.com/images/M/MV5BYmMyYjBmMzAtOWUzOC00YjU2LThmYTgtY2ZhMjM0MWM5MWI5XkEyXkFqcGc@._V1_SX300.jpg
2937,https://m.media-amazon.com/images/M/MV5BMjU3MTlmNmUtZmMxZS00YTNmLTlkZWQtOTBhYjNkYjkyMWUxXkEyXkFqcGdeQXVyMTMxMTY0OTQ@._V1_SX300.jpg
2939,https://m.media-amazon.com/images/M/MV5BYTJiODA4ZmItZDE1MS00ODk4LTkyODYtNTk5ODdhY2Q4MTFhXkEyXkFqcGc@._V1_SX300.jpg
2940,https://m.media-amazon.com/images/M/MV5BMGI5Nzk3M2YtOGRkZi00NTU1LTgxM2EtNjBmNjk0YTgxZjU5XkEyXkFqcGc@._V1_SX300.jpg
2941,https://m.media-amazon.com/images/M/MV5BNjc1MDM0MDM4Nl5BMl5BanBnXkFtZTgwMDMwMTgxMTE@._V1_SX300.jpg
2942,https://m.media-amazon.com/images/M/MV5BNWU3NzQ3NDYtYjY2ZS00NTZjLWJkYjEtMDA1NzcxOTdiOWI0XkEyXkFqcGc@._V1_SX300.jpg
2943,https://m.media-amazon.com/images/M/MV5BMjAxZWMyYTktMmU1Yi00ODJiLWJmMDctYmQ3ODk5MDA0MGJkXkEyXkFqcGc@._V1_SX300.jpg
2944,https://m.media-amazon.com/images/M/MV5BNDg0ZjhiN2EtM2I3Mi00MDNlLWJiY2UtNmU0Zjg0YTQyMjg1XkEyXkFqcGc@._V1_SX300.jpg
2946,https://m.media-amazon.com/images/M/MV5BODZlNjBkYTAtNGQ3OC00MWNhLTk4MjQtNjg4MzI5ZDQ1Y2E0XkEyXkFqcGc@._V1_SX300.jpg
2947,https://m.media-amazon.com/images/M/MV5BMTQ2MzE0OTU3NV5BMl5BanBnXkFtZTcwNjQxNTgzNA@@._V1_SX300.jpg
2948,https://m.media-amazon.com/images/M/MV5BMWY2MWY2ODAtMTY5Ny00MzA2LWFkMWYtODU2MjE0MmM4ZTQ4XkEyXkFqcGc@._V1_SX300.jpg
2949,https://m.media-amazon.com/images/M/MV5BM2Q0ODAxYTgtN2E3My00Yzc2LWI2NDUtOGU0YzgzYzM4OWMwXkEyXkFqcGc@._V1_SX300.jpg
2950,https://m.media-amazon.com/images/M/MV5BYWJiNTViMTUtNzAwNy00OGNkLWI2NzQtYWFiNTBmMjA4ODI0XkEyXkFqcGc@._V1_SX300.jpg
2951,https://m.media-amazon.com/images/M/MV5BM2ZkYWU1MGQtMzM3MC00ODQ5LWE1ZGQtMDM5YjczZDZhMjg5XkEyXkFqcGc@._V1_SX300.jpg
2952,https://m.media-amazon.com/images/M/MV5BOWQyNjBiZWMtYzFjMS00ZDEzLWEyNTYtZGFiZDE4Mjk4M2E2XkEyXkFqcGc@._V1_SX300.jpg
2953,https://m.media-amazon.com/images/M/MV5BOGEyYzRmNzYtYzJjZi00ZjhlLWJiNDktYzZhNTgxMzc1NThlXkEyXkFqcGc@._V1_SX300.jpg
2956,https://m.media-amazon.com/images/M/MV5BN2FlOTBkYTktODllYS00NmVmLWI4ZjktNmU5YWM0MDc4YmFhXkEyXkFqcGc@._V1_SX300.jpg
2959,https://m.media-amazon.com/images/M/MV5BOTgyOGQ1NDItNGU3Ny00MjU3LTg2YWEtNmEyYjBiMjI1Y2M5XkEyXkFqcGc@._V1_SX300.jpg
2961,https://m.media-amazon.com/images/M/MV5BMmQ3ZTJhZmUtOThhOS00ZTA3LWFjY2YtNjJiMzk4MDVmMzM4XkEyXkFqcGc@._V1_SX300.jpg
2962,https://m.media-amazon.com/images/M/MV5BMjIyNDgzMDgzMV5BMl5BanBnXkFtZTgwMjU2MzgxMTE@._V1_SX300.jpg
2964,https://m.media-amazon.com/images/M/MV5BNmQzMjRjMzktMTY3Ni00Y2E3LWFiN2EtMGVjMWZlMTk1NzhmXkEyXkFqcGc@._V1_SX300.jpg
2965,https://m.media-amazon.com/images/M/MV5BMTYwMjBmNTEtNDY5MS00YzgyLWFkYTgtNmM2NTA0NTYzMjE2XkEyXkFqcGc@._V1_SX300.jpg
2966,https://m.media-amazon.com/images/M/MV5BZjdjNWZhY2UtMDRiYS00M2NhLThiZmQtYTA0MzI4ZWIyYzY4XkEyXkFqcGc@._V1_SX300.jpg
2967,https://m.media-amazon.com/images/M/MV5BYmYxZjY5NDQtZThjOS00MjZmLThlZDktZTIyMGM2NjY4MzMyXkEyXkFqcGc@._V1_SX300.jpg
2968,https://m.media-amazon.com/images/M/MV5BNDhjYWRlYjgtOWZmYS00YTAwLWE3YjgtYjZhMzU4YzQ3ODE0XkEyXkFqcGc@._V1_SX300.jpg
2969,https://m.media-amazon.com/images/M/MV5BNzY5Y2UyYmMtYTI4Yi00YThjLWE5ODctMGRjMDhlZTY3Yzc4XkEyXkFqcGc@._V1_SX300.jpg
2970,https://m.media-amazon.com/images/M/MV5BYzJjNTRkNjUtZGE4MC00YmRlLWI0ODYtMzJjNGZkYWMzNTJhXkEyXkFqcGc@._V1_SX300.jpg
2971,https://m.media-amazon.com/images/M/MV5BNmU1ZjBlNWItMjNiYS00OWNlLTk3YjUtN2U1MTI0OTAxOGEwXkEyXkFqcGc@._V1_SX300.jpg
2972,https://m.media-amazon.com/images/M/MV5BMmJjN2JkZTQtN2FkNi00MTQyLThlMjEtZTY5ZDc2ZjcwNjQ2XkEyXkFqcGc@._V1_SX300.jpg
2973,https://m.media-amazon.com/images/M/MV5BNTQwZjFjODItNzI3ZS00ODUzLWI3MWUtNjU2NDQwNjQxMjhlXkEyXkFqcGc@._V1_SX300.jpg
2974,https://m.media-amazon.com/images/M/MV5BM2RiZGZkNzYtMTJjMi00ZjI1LWE1YmUtZTYyNmQ1MDRiNzg1XkEyXkFqcGc@._V1_SX300.jpg
2975,https://m.media-amazon.com/images/M/MV5BNzY4YjJhZjEtMzgwYi00OTU2LWI2MTQtYTY2NzQzN2QyZDhhXkEyXkFqcGc@._V1_SX300.jpg
2976,https://m.media-amazon.com/images/M/MV5BNGVjYjU5YzItYTVmMS00ZTUwLTkzMDgtYzI5MGI2MmFkZmQ0XkEyXkFqcGc@._V1_SX300.jpg
2977,https://m.media-amazon.com/images/M/MV5BMTUxNjM0MDA3NV5BMl5BanBnXkFtZTgwMzIwMDYyMjI@._V1_SX300.jpg
2978,https://m.media-amazon.com/images/M/MV5BMDUxNmFjMDYtZDQ4OC00ZTU5LTlhOGEtOTI0YThkZjEzNWI1XkEyXkFqcGc@._V1_SX300.jpg
2979,https://m.media-amazon.com/images/M/MV5BY2VhNTgyZjYtZjAxOS00Zjc5LTg1Y2MtZjhkZjViMzY1MzBjXkEyXkFqcGc@._V1_SX300.jpg
2982,https://m.media-amazon.com/images/M/MV5BY2IzNzAxZWQtZjMzYi00M2MxLTg2YWUtNzdhNGIwMTBmYjBjXkEyXkFqcGc@._V1_SX300.jpg
2983,https://m.media-amazon.com/images/M/MV5BMDU0OWI4ZDEtNzZjOS00ZmEzLTllOWYtZjUwNmMxOTMzN2UxXkEyXkFqcGc@._V1_SX300.jpg
2984,https://m.media-amazon.com/images/M/MV5BMTkxODMxNTM3MF5BMl5BanBnXkFtZTgwNjQ0Njg4MDE@._V1_SX300.jpg
2985,https://m.media-amazon.com/images/M/MV5BZWM1YzRhODktZDE1MC00NzBlLTk0NGMtOGNhZDQyMmJiZGFiXkEyXkFqcGc@._V1_SX300.jpg
2986,https://m.media-amazon.com/images/M/MV5BMjI3OTEyOTAxMl5BMl5BanBnXkFtZTcwMTA0NzE1NA@@._V1_SX300.jpg
2987,https://m.media-amazon.com/images/M/MV5BMDc5ZGRiM2EtMWRmMC00YjViLWEwMjYtNGE5MWVlZGEzZGM0XkEyXkFqcGc@._V1_SX300.jpg
2988,https://m.media-amazon.com/images/M/MV5BMTgwMWU5OTUtN2RkYi00Yjg4LThlMjUtMjNiMjkzNzFmYjc2XkEyXkFqcGc@._V1_SX300.jpg
2989,https://m.media-amazon.com/images/M/MV5BMjFiYTczNzktZmNiYi00ZGVmLTk4YjUtYzZmYTAwYjU4YTgxXkEyXkFqcGc@._V1_SX300.jpg
2990,https://m.media-amazon.com/images/M/MV5BYjY3OWJkMjMtYTgwYS00MjJjLWE4M2ItOWVhOWMxNGM1NDk3XkEyXkFqcGc@._V1_SX300.jpg
2991,https://m.media-amazon.com/images/M/MV5BOGQ0OThkZGQtMzM4Zi00ZDc2LWE4ZWQtZGYyNjEzYzAzMTYzXkEyXkFqcGc@._V1_SX300.jpg
2992,https://m.media-amazon.com/images/M/MV5BM2FiMWMwNzgtYjk4MS00ZGU1LWEwMzUtNDVjZjY5OGI3NGRlXkEyXkFqcGc@._V1_SX300.jpg
2993,https://m.media-amazon.com/images/M/MV5BZjJiYmRhZjUtZTg5Zi00YjYwLTlmZWYtODZhMzQzMWZlYTRhXkEyXkFqcGc@._V1_SX300.jpg
2995,https://m.media-amazon.com/images/M/MV5BMGY4MDg1MzQtNGI4MC00YzY3LWE5NjctMjQyY2E2NzBkZGUzXkEyXkFqcGc@._V1_SX300.jpg
2996,https://m.media-amazon.com/images/M/MV5BZTM4YTY1MmYtMjEwZi00MGZmLTg2NzctZjA0M2ZjYWY5MzQ5XkEyXkFqcGc@._V1_SX300.jpg
2997,https://m.media-amazon.com/images/M/MV5BNDExODk1MTktNzRiYS00MWEyLTgyOWItYTI1OWY4NzI1NDM2XkEyXkFqcGc@._V1_SX300.jpg
3000,https://m.media-amazon.com/images/M/MV5BNjAzODViNGEtMjBkYi00N2U5LWJjNjAtY2U0MGJhZTEwOTU0XkEyXkFqcGc@._V1_SX300.jpg
3002,https://m.media-amazon.com/images/M/MV5BZGJkNTkzMDAtNDBhNi00Yjc2LWFjODgtYjQ1OTIzYWIwYTEyXkEyXkFqcGc@._V1_SX300.jpg
3003,https://m.media-amazon.com/images/M/MV5BNjE3NTUwNmItNGIwMy00OTZjLWI2MzctNzlmNjJjNzYzZWQyXkEyXkFqcGc@._V1_SX300.jpg
3004,https://m.media-amazon.com/images/M/MV5BNTJmZTRkY2YtMGFhZi00Y2NkLThmOWUtZjljZDYwMTRiMTVhXkEyXkFqcGc@._V1_SX300.jpg
3005,https://m.media-amazon.com/images/M/MV5BOWY0NjY0M2ItYmNjYy00YWZiLWE3ZjktM2Q3YmU2NWY0YmVmXkEyXkFqcGc@._V1_SX300.jpg
3006,https://m.media-amazon.com/images/M/MV5BZGY3ZjEyODAtNjAwMC00ZTEwLTg3NDctYzMzYTZkMjBmZDQwXkEyXkFqcGc@._V1_SX300.jpg
3007,https://m.media-amazon.com/images/M/MV5BODc1MjQyZjMtNTkzNC00MGQyLWE0MTUtMThiNWQ0OTI0OTRjXkEyXkFqcGc@._V1_SX300.jpg
3008,https://m.media-amazon.com/images/M/MV5BZTEwODI1MjktODU2ZS00MGZiLTlmZjYtNWQ1ODdjYzM0ZTg2XkEyXkFqcGc@._V1_SX300.jpg
3010,https://m.media-amazon.com/images/M/MV5BZmRjMGQ5NjYtYjE3MS00ZTYxLTkwMTUtN2VmNzljZDUxOWU5XkEyXkFqcGc@._V1_SX300.jpg
3011,https://m.media-amazon.com/images/M/MV5BMjUwNmFmMzQtNzAzOS00N2M4LWJlMzktYjZmZmY2MDliZTZhXkEyXkFqcGc@._V1_SX300.jpg
3013,https://m.media-amazon.com/images/M/MV5BZTJjNzVmODktNTk5NC00ZDU5LTkzZDAtNmZjODEzODE3MDRiXkEyXkFqcGc@._V1_SX300.jpg
3014,https://m.media-amazon.com/images/M/MV5BODE2MjhhMWMtMjc1Ni00NjM5LTk3MGItODA3ZWQ1MTcxYzhjXkEyXkFqcGc@._V1_SX300.jpg
3015,https://m.media-amazon.com/images/M/MV5BZTU4YWFkZjctYjJjYy00YzU4LWIxMTktOTA3MDdmMjZiYTRjXkEyXkFqcGc@._V1_SX300.jpg
3016,https://m.media-amazon.com/images/M/MV5BMTA3YTM5M2EtZWU2OC00ZDI1LTkxYTQtZjY3OTNmZDQ2MGNlXkEyXkFqcGc@._V1_SX300.jpg
3017,https://m.media-amazon.com/images/M/MV5BMmVmMjdmMmQtMzY1MS00MzFjLTk2NzAtMGJhNTEzZmJiNDY0XkEyXkFqcGc@._V1_SX300.jpg
3018,https://m.media-amazon.com/images/M/MV5BZGZhYzk5MDEtOTc2Yi00ZTAyLWI1MjctZDYzYzhmNzgyZThlXkEyXkFqcGc@._V1_SX300.jpg
3019,https://m.media-amazon.com/images/M/MV5BNWM0NzdhODQtOWRiOC00NDc1LTk3ZTMtNTBmMzg4YTNjYWVhXkEyXkFqcGc@._V1_SX300.jpg
3020,https://m.media-amazon.com/images/M/MV5BZmE2MGQ4OWEtMmUzYS00ZDBhLTg4ZDAtZGRhYWNkOTAzYWQyXkEyXkFqcGc@._V1_SX300.jpg
3021,https://m.media-amazon.com/images/M/MV5BYjgyMTY4YzUtNDUzYi00ZTlkLTg1MmYtYzU4MTRkNzc3NzMyXkEyXkFqcGc@._V1_SX300.jpg
3022,https://m.media-amazon.com/images/M/MV5BMTVhM2Y1MDUtMDkxYi00Y2UxLWI2MTMtZjMzYTY4ODM4MGIzXkEyXkFqcGc@._V1_SX300.jpg
3024,https://m.media-amazon.com/images/M/MV5BNjBlMTFmOGYtYzE1Ny00YTY0LWE3YTAtNzIzYzllMTFmMmY1XkEyXkFqcGc@._V1_SX300.jpg
3028,https://m.media-amazon.com/images/M/MV5BY2Y1Nzg2M2YtYTY3My00ZDgxLTliYWEtZTViMWRkNWZiODI4XkEyXkFqcGc@._V1_SX300.jpg
3029,https://m.media-amazon.com/images/M/MV5BZmZjODZmMTYtMDQ3OS00YjBmLTk4ZmYtMDBmOTM3ZDY1ZGNiXkEyXkFqcGc@._V1_SX300.jpg
3030,https://m.media-amazon.com/images/M/MV5BYzFkODA1N2QtY2UyMC00NTMwLWEyNzctMmE3YjIzNzE1MzY4XkEyXkFqcGc@._V1_SX300.jpg
3031,https://m.media-amazon.com/images/M/MV5BZDU0NmMwMGYtMzI1Yi00OTkzLWE1N2YtYTY2ZmQxZWI3OTNiXkEyXkFqcGc@._V1_SX300.jpg
3032,https://m.media-amazon.com/images/M/MV5BYTExYjc1YjYtMDVmYy00NjNmLTg1NzYtZjNlNWI5ZjNiMTgyXkEyXkFqcGc@._V1_SX300.jpg
3033,https://m.media-amazon.com/images/M/MV5BZWNhNWM3NWQtNTMwNy00NThiLWFkZDYtYzBlZTQyZGU2YzE1XkEyXkFqcGc@._V1_SX300.jpg
3034,https://m.media-amazon.com/images/M/MV5BZDk2NTEzNjktZDg0MS00MWEwLTkzMWItNTU4ZjcxODM5ODdhXkEyXkFqcGc@._V1_SX300.jpg
3035,https://m.media-amazon.com/images/M/MV5BYzYyNTU2NDUtOGMyZi00N2Q1LTk4N2QtN2ZkNWIyZTkxMzRkXkEyXkFqcGc@._V1_SX300.jpg
3036,https://m.media-amazon.com/images/M/MV5BNDcxMTFlZmItYzY5OS00ZDJkLTgwZGQtNDk3NjgwYjIxNWM3XkEyXkFqcGc@._V1_SX300.jpg
3037,https://m.media-amazon.com/images/M/MV5BNWM3ODE1NTgtNDc5NS00OWFhLWIyNzgtMmNhMDU1MWI4N2I3XkEyXkFqcGc@._V1_SX300.jpg
3038,https://m.media-amazon.com/images/M/MV5BYmFjNzllOTEtNTE0Mi00NDI4LWE3NzItMjhlM2Y5MWEzZTQyXkEyXkFqcGc@._V1_SX300.jpg
3039,https://m.media-amazon.com/images/M/MV5BNzlkYjQ1MzUtNjgwZi00MmRhLTkwYzItMGRmN2Y3YmRjY2JmXkEyXkFqcGc@._V1_SX300.jpg
3040,https://m.media-amazon.com/images/M/MV5BNDJhYjI1YTEtZGUzYy00NTBhLTg3NGYtYWZjNDlmZjFjOWIwXkEyXkFqcGc@._V1_SX300.jpg
3041,https://m.media-amazon.com/images/M/MV5BYzE2OTQzYzItNzE3Mi00YTQ3LTk2MzktZjZjOWYyMzVhMzZiXkEyXkFqcGc@._V1_SX300.jpg
3042,https://m.media-amazon.com/images/M/MV5BNjdlMDljZjctNDVhMi00NmRkLWFmZDQtZGRlOTE5MDc3OWU4XkEyXkFqcGc@._V1_SX300.jpg
3043,https://m.media-amazon.com/images/M/MV5BYmM4ZjE5OTgtNzU3ZC00NDE1LThlYTctZjk5MTQzOWU5ZjA4XkEyXkFqcGc@._V1_SX300.jpg
3044,https://m.media-amazon.com/images/M/MV5BYzYzNWExMzEtNmFjYS00ZTNjLTkxNmUtMzVhZjI5ZjdlOGI3XkEyXkFqcGc@._V1_SX300.jpg
3045,https://m.media-amazon.com/images/M/MV5BMjIxODM3MTI4M15BMl5BanBnXkFtZTcwNTIzNzU2NA@@._V1_SX300.jpg
3046,https://m.media-amazon.com/images/M/MV5BZjMwZDg3YmQtNTNkNy00OGZiLWJlNGMtYmMzZTU4NGM4NGVjXkEyXkFqcGc@._V1_SX300.jpg
3048,https://m.media-amazon.com/images/M/MV5BZDRmYTEwZDgtNGRmMS00ZDdhLWI1NTgtMGNmYzQzNDhiMGU0XkEyXkFqcGc@._V1_SX300.jpg
3051,https://m.media-amazon.com/images/M/MV5BN2Y4YzE3MTYtMzhmZS00NTExLWEzZDctOTA3MmQ1NTdlMGM3XkEyXkFqcGc@._V1_SX300.jpg
3052,https://m.media-amazon.com/images/M/MV5BNDE1Yjc3N2UtZmYwNi00YTA3LTllNGEtZTIwODg2MmMwNjBjXkEyXkFqcGc@._V1_SX300.jpg
3053,https://m.media-amazon.com/images/M/MV5BYmE2ZWIxMzYtMTI3Mi00MzUyLTg1MzktNTc0MjVlNDA3ZGI3XkEyXkFqcGc@._V1_SX300.jpg
3054,https://m.media-amazon.com/images/M/MV5BNDg0ZDk2N2QtZDQzYi00ZTljLWExODgtZWQ2Y2YzZTA1NjVjXkEyXkFqcGc@._V1_SX300.jpg
3055,https://m.media-amazon.com/images/M/MV5BZWY2NmMyZTgtNzM4MC00YWRlLTlkMzMtYTRiMmU3MDI4YjhjXkEyXkFqcGc@._V1_SX300.jpg
3056,https://m.media-amazon.com/images/M/MV5BOWU0NDcwZTUtNmJkMC00NTQ3LThmYjMtMzBjOWRkZGUyODhlXkEyXkFqcGc@._V1_SX300.jpg
3057,https://m.media-amazon.com/images/M/MV5BOWM3MWExNjgtMDlmYi00MjZlLTgzZWUtMTA5NDBiNGU5YzAyXkEyXkFqcGc@._V1_SX300.jpg
3060,https://m.media-amazon.com/images/M/MV5BM2Y0NGI0NDctYTEwOS00OTliLThhNDktZGMyMDg4ZTI0NWI0XkEyXkFqcGc@._V1_SX300.jpg
3061,https://m.media-amazon.com/images/M/MV5BMTUyODU0OTUwMF5BMl5BanBnXkFtZTgwMTE4NTQzMjE@._V1_SX300.jpg
3062,https://m.media-amazon.com/images/M/MV5BYmM0NjAzZWUtMGZmYi00Nzc4LTk4Y2YtOWQ1NmE4ZTlkOTFmXkEyXkFqcGc@._V1_SX300.jpg
3063,https://m.media-amazon.com/images/M/MV5BNzNlNjQ4MTUtNTJmYi00MzU5LTlkNmQtZTIwMDZkNzlmMTgzXkEyXkFqcGc@._V1_SX300.jpg
3064,https://m.media-amazon.com/images/M/MV5BMzA4NWNmYzYtY2U5Ny00ZDMxLWE0OGUtMDgzMjhmMzY4NDJhXkEyXkFqcGc@._V1_SX300.jpg
3066,https://m.media-amazon.com/images/M/MV5BZTczZTQwZjUtZWVhZi00N2Y2LTg0NmEtMGJkZjVjOWM5OTEyXkEyXkFqcGc@._V1_SX300.jpg
3067,https://m.media-amazon.com/images/M/MV5BNjBjZTg0ODktZDE1OC00Njg3LWJkZGQtYTAwOGQ1OTQ0NDg3XkEyXkFqcGc@._V1_SX300.jpg
3068,https://m.media-amazon.com/images/M/MV5BZGNhMzRhNTgtOWUwMy00MGNmLThmZjEtZWMxNDM0N2ZlNzM2XkEyXkFqcGc@._V1_SX300.jpg
3070,https://m.media-amazon.com/images/M/MV5BMDc0M2Q1MGUtNWQzMC00NTg0LWE1ZWQtYjk3YmY2ZTk2MDgxXkEyXkFqcGc@._V1_SX300.jpg
3071,https://m.media-amazon.com/images/M/MV5BNjc2OTljZDgtNzhjMi00NGVkLTlmOGMtZjZlMjRkZTdmN2ViXkEyXkFqcGc@._V1_SX300.jpg
3072,https://m.media-amazon.com/images/M/MV5BZjdiMjI1MTQtMWIzNC00OTg2LWI5NjItYTBiMTYzMmIxYmNjXkEyXkFqcGc@._V1_SX300.jpg
3073,https://m.media-amazon.com/images/M/MV5BZDM3MGIwN2QtN2MzOS00NDEwLTk1YTktYWU3MThmNzJiZmIyXkEyXkFqcGdeQXVyMTAwMzUyOTc@._V1_SX300.jpg
3074,https://m.media-amazon.com/images/M/MV5BNWU5NzJhNWQtOWYxZS00YzI3LTg1YjAtZWMyNWEwZmUzODU2XkEyXkFqcGc@._V1_SX300.jpg
3075,https://m.media-amazon.com/images/M/MV5BOTE0YzBjNWEtZTE4NC00ZmM5LTllZmUtZGYwOGFlYWVjOGU2XkEyXkFqcGc@._V1_SX300.jpg
3076,https://m.media-amazon.com/images/M/MV5BMTJlYjRhMjYtMjk5Ni00NGY3LTkwOWEtOTIzNjljOTM5ZWVhXkEyXkFqcGc@._V1_SX300.jpg
3077,https://m.media-amazon.com/images/M/MV5BN2YwZDA5YzMtZmU2Ni00NTJhLWI5YzItOWI2YWJhODBhZmFjXkEyXkFqcGc@._V1_SX300.jpg
3078,https://m.media-amazon.com/images/M/MV5BMTQyNDY5MzczMF5BMl5BanBnXkFtZTYwMjY4MzQ3._V1_SX300.jpg
3079,https://m.media-amazon.com/images/M/MV5BZTdkZDg4MGQtMDNhOC00NmVhLTg2OGEtMGViOWY2NzM2N2M0XkEyXkFqcGc@._V1_SX300.jpg
3081,https://m.media-amazon.com/images/M/MV5BYWIwMTIxZTQtNDZhNS00ZDZlLTg5MTEtOTNkMmNjOGUzMTA1XkEyXkFqcGc@._V1_SX300.jpg
3082,https://m.media-amazon.com/images/M/MV5BMDlmNTA0YmMtODJmMi00NTZhLTk4MzUtY2FiYjNhMmY4OTI1XkEyXkFqcGc@._V1_SX300.jpg
3083,https://m.media-amazon.com/images/M/MV5BYzgyNWMzNDItZmJhZi00NzZmLTkyNmMtMjBiNjUyMmNkYjg4XkEyXkFqcGc@._V1_SX300.jpg
3086,https://m.media-amazon.com/images/M/MV5BOGNiMTI0MzAtMjFhMS00ODUxLWJlNGEtMjZmZDY3YWIwYmI1XkEyXkFqcGc@._V1_SX300.jpg
3087,https://m.media-amazon.com/images/M/MV5BYWY3ODUyZTQtMTQyZS00ZWIyLTk3M2YtYzU5ZWQ3MTEwZGU1XkEyXkFqcGc@._V1_SX300.jpg
3088,https://m.media-amazon.com/images/M/MV5BZTNlNWRhZmEtYzgyOC00YTIxLTk1MjktMWQ1MjhlMmE0ZjljXkEyXkFqcGc@._V1_SX300.jpg
3089,https://m.media-amazon.com/images/M/MV5BZTQzYTIxYzItYmQ5YS00MmFhLWEyMjItNTBhMTRmM2Y5MDJhXkEyXkFqcGc@._V1_SX300.jpg
3090,https://m.media-amazon.com/images/M/MV5BZjlhYjVkNjgtNTU2NS00MDEyLWI3NmQtYjhiMWE4MjAxNWZkXkEyXkFqcGc@._V1_SX300.jpg
3091,https://m.media-amazon.com/images/M/MV5BYTZmMDQwZjQtY2Y0Yy00ZWVlLWFlY2QtNmVjZTRlMTFjMzc3XkEyXkFqcGc@._V1_SX300.jpg
3093,https://m.media-amazon.com/images/M/MV5BMzk1MjEwZWEtMjA5MS00ZjFhLTkzZDEtOTY0MmFlODA4MzM1XkEyXkFqcGc@._V1_SX300.jpg
3094,https://m.media-amazon.com/images/M/MV5BZGNkNzBmZTUtYzA2Yy00NmVhLTk2NTMtYWEzNDdkZmFiMTk3XkEyXkFqcGc@._V1_SX300.jpg
3095,https://m.media-amazon.com/images/M/MV5BZDgzZjk3OGYtNWI2Ny00MDg3LTgwYWEtNjI1ODAxNjA3ZmFlXkEyXkFqcGc@._V1_SX300.jpg
3096,https://m.media-amazon.com/images/M/MV5BNmZiNTQzMTYtZWZkMS00YWQwLWI0MTYtM2E2NTJjNTMxNGQ4XkEyXkFqcGdeQXVyNTk1MTk0MDI@._V1_SX300.jpg
3097,https://m.media-amazon.com/images/M/MV5BMGU3Y2RmMTAtY2EzNC00MjUzLWIyMDUtZWJmYTE2MTU5ZDY5XkEyXkFqcGc@._V1_SX300.jpg
3098,https://m.media-amazon.com/images/M/MV5BODM3ZmMxN2YtOWMwMy00MDRjLTk0NDUtY2Q5MGQwZTQwNmM1XkEyXkFqcGc@._V1_SX300.jpg
3099,https://m.media-amazon.com/images/M/MV5BMTkwNTllOTctYjdjMC00OTM0LWI0MDQtZDQ2ODVmZTE0YWZmXkEyXkFqcGc@._V1_SX300.jpg
3100,https://m.media-amazon.com/images/M/MV5BNjRlYWIwNWEtZjMxYy00N2JjLWFiNzMtM2NlZDU2ZjhjMWY2XkEyXkFqcGc@._V1_SX300.jpg
3101,https://m.media-amazon.com/images/M/MV5BMTYxY2MxZGUtYWMwYi00YTI4LWE5MTItZjRiZDIzNzdhNWY3XkEyXkFqcGc@._V1_SX300.jpg
3102,https://m.media-amazon.com/images/M/MV5BNTVmMzRmYWEtOWYzOC00YjBiLWEzYjEtYTlmMDJkMTQxZmIyXkEyXkFqcGc@._V1_SX300.jpg
3103,https://m.media-amazon.com/images/M/MV5BNDY2NDdmNWQtNWEwZS00N2I5LWIwYTEtYzk1MzhiODk0Y2RiXkEyXkFqcGc@._V1_SX300.jpg
3104,https://m.media-amazon.com/images/M/MV5BNmQ2NWU5OWYtOTNiOC00MjA1LWJhOWQtMzYyMDgwMmE5ZDE0XkEyXkFqcGc@._V1_SX300.jpg
3105,https://m.media-amazon.com/images/M/MV5BZDUzOGQ4YTctNTY1OS00M2UzLWFjNzYtMGNlN2E5NDA2MGVkXkEyXkFqcGc@._V1_SX300.jpg
3106,https://m.media-amazon.com/images/M/MV5BZDJkYzJmOGEtYjZjOS00OThhLWI5YjYtMjFhZGUyNjc0NjlhXkEyXkFqcGc@._V1_SX300.jpg
3107,https://m.media-amazon.com/images/M/MV5BYWM0Nzk2NzctYjkwMS00YWU4LWI5MTEtMGI4ZGRkNmYxOTk2XkEyXkFqcGc@._V1_SX300.jpg
3108,https://m.media-amazon.com/images/M/MV5BZTg2OGU4MmMtZThkZi00YjJjLTkwMjItMDMwYWE4NTA3NzRlXkEyXkFqcGc@._V1_SX300.jpg
3109,https://m.media-amazon.com/images/M/MV5BODg0ZTU2ZjgtZGJiOC00OTA4LWJlODUtOGJjOWE0MzgzNmY2XkEyXkFqcGc@._V1_SX300.jpg
3111,https://m.media-amazon.com/images/M/MV5BZDcxNjk4NzUtMzgyOC00YzliLWEzMTctZmE5ZWVkN2ExNzU2XkEyXkFqcGc@._V1_SX300.jpg
3112,https://m.media-amazon.com/images/M/MV5BZTcxYzc1OTAtNmQyNC00MmVhLTlmMTktOGU2ZTBjZWFkNjBjXkEyXkFqcGc@._V1_SX300.jpg
3113,https://m.media-amazon.com/images/M/MV5BODg2NmE4MTYtMzFmNS00ZWExLWE4YjktNDEwMzg1ZDBkY2JlXkEyXkFqcGc@._V1_SX300.jpg
3114,https://m.media-amazon.com/images/M/MV5BNzVmODlhMDEtY2YxZi00OTVjLTlkNTktN2Q2OTRlM2I4M2FhXkEyXkFqcGc@._V1_SX300.jpg
3115,https://m.media-amazon.com/images/M/MV5BNGRlMmQyNDMtMWQxOC00MTgyLTkyZWMtZjNiZjdhYTgzMmM0XkEyXkFqcGc@._V1_SX300.jpg
3117,https://m.media-amazon.com/images/M/MV5BOWE4NTZiMTMtMWJjMS00ODUxLWE0ZmMtZjk0NDhiMzNhZDYwXkEyXkFqcGc@._V1_SX300.jpg
3120,https://m.media-amazon.com/images/M/MV5BMjc5NzY3NjMtZWI1NS00ZDhhLWJkYWItYmZiNTQ4NDliZGJmXkEyXkFqcGc@._V1_SX300.jpg
3125,https://m.media-amazon.com/images/M/MV5BYWE3NGRhMjUtYjVkZC00N2M5LTg2MjYtMjc4NGQxNzY4N2Q0XkEyXkFqcGc@._V1_SX300.jpg
3127,https://m.media-amazon.com/images/M/MV5BNWFlYmI4OWUtNjBkMS00ZjJlLWJjNTYtY2FiMWZmN2QzZWY2XkEyXkFqcGc@._V1_SX300.jpg
3129,https://m.media-amazon.com/images/M/MV5BYjg4NmIwMDYtNDkxZC00YTk3LThhOGYtODRlNTE2Nzg2NTdhXkEyXkFqcGc@._V1_SX300.jpg
3130,https://m.media-amazon.com/images/M/MV5BMmNjYjBhZTEtOWUzNS00ZWRlLWFkMGEtMDBkMmJhMjE4YmE1XkEyXkFqcGc@._V1_SX300.jpg
3132,https://m.media-amazon.com/images/M/MV5BNDU4YmQxNWEtNzQ4Yi00NGNlLThkNjEtMTFkZjYzMDRjMmU0XkEyXkFqcGc@._V1_SX300.jpg
3134,https://m.media-amazon.com/images/M/MV5BMTg3MTI5NTk0N15BMl5BanBnXkFtZTgwMjU1MDM5MTE@._V1_SX300.jpg
3135,https://m.media-amazon.com/images/M/MV5BNmVkYzFlOWYtYmRmNS00MzJjLWFmNmYtMjRhN2IzYTIxYTU0XkEyXkFqcGc@._V1_SX300.jpg
3138,https://m.media-amazon.com/images/M/MV5BOTlkYzk0OGMtODJiNC00YTMyLWE5NDUtOTkxOWNhNjcwYWRjXkEyXkFqcGc@._V1_SX300.jpg
3141,https://m.media-amazon.com/images/M/MV5BZTUyMmYyN2MtMjY3NS00NDMxLWE5MWEtOWYyMjQ5ZWVjMDJiXkEyXkFqcGc@._V1_SX300.jpg
3142,https://m.media-amazon.com/images/M/MV5BZTQ3MDI1MjYtMmI0YS00YWFkLTk4ZDEtZDQ5MzdhNmZkZWExXkEyXkFqcGc@._V1_SX300.jpg
3143,https://m.media-amazon.com/images/M/MV5BZjc5OTAxOTMtMmQyMy00MTczLWFhNTQtYmM0NzZlMWFhNTkzXkEyXkFqcGc@._V1_SX300.jpg
3145,https://m.media-amazon.com/images/M/MV5BODFkOTNmMjItZGE0NS00Y2UzLWExOTYtNGI1Y2FjNzhjNGRkXkEyXkFqcGc@._V1_SX300.jpg
3146,https://m.media-amazon.com/images/M/MV5BMTRkM2I0MWItMGY5NC00NDJlLWE0YzctMGMwNzdmOGM2Y2E3XkEyXkFqcGc@._V1_SX300.jpg
3147,https://m.media-amazon.com/images/M/MV5BMTUxMzQyNjA5MF5BMl5BanBnXkFtZTYwOTU2NTY3._V1_SX300.jpg
3148,https://m.media-amazon.com/images/M/MV5BYWZlYzMyNzMtNjhlMy00ZTAzLWEwMTMtY2YwNzAxMDk1ZTViXkEyXkFqcGc@._V1_SX300.jpg
3150,https://m.media-amazon.com/images/M/MV5BMTk3Y2U1ZjgtZThiMy00NGVkLTljNTctNTU0Njk0NDg2MWRkXkEyXkFqcGc@._V1_SX300.jpg
3152,https://m.media-amazon.com/images/M/MV5BZjgwZDI3ZmItNjIwMy00OTZlLWEzNjMtMDU3NDZjZjg3ODQzXkEyXkFqcGc@._V1_SX300.jpg
3153,https://m.media-amazon.com/images/M/MV5BYTQ2NjEwYzMtOGFjMy00MTU1LThjYmItODkyNmY1NGRiZWIzXkEyXkFqcGc@._V1_SX300.jpg
3155,https://m.media-amazon.com/images/M/MV5BYmEyMzhiYTItN2MxNy00MWQ4LTgyMTUtM2VlNWJlZWQ0ZGNhXkEyXkFqcGc@._V1_SX300.jpg
3156,https://m.media-amazon.com/images/M/MV5BMzM1MDVlZDItN2ZiZS00MWY2LTk3YzgtOGY4ZDRhNTEyNzA4XkEyXkFqcGc@._V1_SX300.jpg
3157,https://m.media-amazon.com/images/M/MV5BMTE3MzQxOWQtMmMxNS00YWVkLThiNDMtOTFiNzVjNmE3MGIxXkEyXkFqcGc@._V1_SX300.jpg
3158,https://m.media-amazon.com/images/M/MV5BMjkxMmQyZDQtZWI5Zi00OTYzLWJiZDEtMTNiY2Q3YzU5ZmU2XkEyXkFqcGc@._V1_SX300.jpg
3159,https://m.media-amazon.com/images/M/MV5BNDE3YTU1ZTktZGQzYy00YWYwLWFhNjMtNmZiZTYwOWM4Y2U0XkEyXkFqcGc@._V1_SX300.jpg
3160,https://m.media-amazon.com/images/M/MV5BOWY0Zjk1YTMtMGFlYi00OTFmLWEyOTAtNmRkYjE0ZDJiZWMwXkEyXkFqcGc@._V1_SX300.jpg
3161,https://m.media-amazon.com/images/M/MV5BN2RjMjVlNDYtMWViOC00NDEwLWFjZWUtMjJmMjU0YTg3NzY3XkEyXkFqcGc@._V1_SX300.jpg
3162,https://m.media-amazon.com/images/M/MV5BNzE5YjQ0MjItOTNhMS00NTliLWJjYmEtMTE1NTExNjRlZjRjXkEyXkFqcGdeQXVyMTQxNzMzNDI@._V1_SX300.jpg
3163,https://m.media-amazon.com/images/M/MV5BZTgzOGExNjItZTU0OC00ZDkxLWIxMjctYTBiODY2NGI2ZDBiXkEyXkFqcGc@._V1_SX300.jpg
3165,https://m.media-amazon.com/images/M/MV5BMjE2M2I1YTItNTUxYi00YTYxLWJkZDMtYTg1ODEzMzMwYmYzXkEyXkFqcGc@._V1_SX300.jpg
3167,https://m.media-amazon.com/images/M/MV5BNDEwNWZkMmEtZjQ2Ni00YjU2LWIxZmYtOTc1N2Y0NjdjZTc3XkEyXkFqcGc@._V1_SX300.jpg
3168,https://m.media-amazon.com/images/M/MV5BMTc2MjI2NDc4Ml5BMl5BanBnXkFtZTgwODI4NzU0MTI@._V1_SX300.jpg
3169,https://m.media-amazon.com/images/M/MV5BNjM4NTI0MjUzNV5BMl5BanBnXkFtZTcwMTMzNzYzNA@@._V1_SX300.jpg
3171,https://m.media-amazon.com/images/M/MV5BODRhNWI1ZmEtMTMzZC00NzcwLTljOWUtOTE1MWMzMjQ1ODg3XkEyXkFqcGc@._V1_SX300.jpg
3173,https://m.media-amazon.com/images/M/MV5BZDIyMGYxMWYtNmUyZC00N2M3LWI0ZGYtMTIwMTk3NmZiY2RkXkEyXkFqcGc@._V1_SX300.jpg
3174,https://m.media-amazon.com/images/M/MV5BYjQ1NmQ3MjItNGNiZC00OWFiLWFiYjktN2E5MzAzZDYwNjdhXkEyXkFqcGc@._V1_SX300.jpg
3175,https://m.media-amazon.com/images/M/MV5BZmJkYmNhMGMtMDYyNC00ZDEyLWE2ZjAtYTg5OWViODJlNDdmXkEyXkFqcGc@._V1_SX300.jpg
3176,https://m.media-amazon.com/images/M/MV5BYzI2ZmU3MWMtZmRlMi00ZmVlLTkwMDMtZmI1YTg4YzcwMDE0XkEyXkFqcGc@._V1_SX300.jpg
3177,https://m.media-amazon.com/images/M/MV5BZmU0MTAwNDAtYmU1Zi00NDViLThkZDYtYmVhZGJhM2E4NzMxXkEyXkFqcGc@._V1_SX300.jpg
3178,https://m.media-amazon.com/images/M/MV5BNmFhODUzNGMtMjZhMC00ZDI4LWFhYzYtMmM3MDcyMGZlYWM2XkEyXkFqcGc@._V1_SX300.jpg
3179,https://m.media-amazon.com/images/M/MV5BODQ0N2IyN2EtYWQxZi00Zjg2LTlmNzMtYmRlYzU2NDkxNGQ5XkEyXkFqcGc@._V1_SX300.jpg
3181,https://m.media-amazon.com/images/M/MV5BNWUwZTY1ODAtZDY1ZS00YTJmLThkY2UtNDU1NjA4OTcxNThlXkEyXkFqcGc@._V1_SX300.jpg
3182,https://m.media-amazon.com/images/M/MV5BNmViNTUwMjktY2ZlNC00M2Y3LWJkNzctZWFjY2ZlOThjNGRhXkEyXkFqcGc@._V1_SX300.jpg
3183,https://m.media-amazon.com/images/M/MV5BNTFhMjU4ZGYtZjBlZC00Y2I3LTkwY2EtYmE2ZjRjZjRlZjIxXkEyXkFqcGc@._V1_SX300.jpg
3185,https://m.media-amazon.com/images/M/MV5BYjRkYmY4NDUtZDg3YS00MWQzLTk1M2MtNzc4NjZkYzNlZjM1XkEyXkFqcGc@._V1_SX300.jpg
3186,https://m.media-amazon.com/images/M/MV5BZWVhYzdiMTQtMzJkMC00YWEwLTkyNDEtNzkwMGQ3NTBhMzExXkEyXkFqcGc@._V1_SX300.jpg
3189,https://m.media-amazon.com/images/M/MV5BMTc1NDgxMjg5MV5BMl5BanBnXkFtZTYwNTUxODc5._V1_SX300.jpg
3190,https://m.media-amazon.com/images/M/MV5BNDYxYWEyYTUtOWFkMi00ZDFkLWExMWUtZjc0ZmQxNjZiMGM4XkEyXkFqcGc@._V1_SX300.jpg
3192,https://m.media-amazon.com/images/M/MV5BYWUxMjMxZTctNWFkZS00ODVlLThjZmYtZTcyMmY0N2MzNzU2XkEyXkFqcGc@._V1_SX300.jpg
3194,https://m.media-amazon.com/images/M/MV5BMmMwOGM2NDUtM2FjYy00MTZlLWIwY2UtNjM0NzRlZTUwNzg0XkEyXkFqcGc@._V1_SX300.jpg
3196,https://m.media-amazon.com/images/M/MV5BYzY1NjQ0NjMtYWQ5Ni00Y2ZiLWE2NGUtNDMzZWVmNTk0ODhkXkEyXkFqcGc@._V1_SX300.jpg
3197,https://m.media-amazon.com/images/M/MV5BZWI4NGQ5MTktNDRmYy00ODMyLWJmMTYtNzY4NjBkYmQ4ZjNiXkEyXkFqcGc@._V1_SX300.jpg
3198,https://m.media-amazon.com/images/M/MV5BN2RkNTU2YmUtNGJmNy00YTAzLWE2MjMtOTVkYWU5NzY3M2ViXkEyXkFqcGc@._V1_SX300.jpg
3200,https://m.media-amazon.com/images/M/MV5BN2E4ZGE2NWItYzZkZC00NTFhLTk4N2YtYzQ4Zjc3YzFjMTQ1XkEyXkFqcGc@._V1_SX300.jpg
3201,https://m.media-amazon.com/images/M/MV5BNWVmNWEwMDQtZmZiZi00ZTAyLTg4YTAtZTIzMjk1N2U1MTgyXkEyXkFqcGc@._V1_SX300.jpg
3203,https://m.media-amazon.com/images/M/MV5BMDJiNDZmZDYtMjJlZi00MDFiLWE4MjQtOWIyNjc0ZGIyY2NlXkEyXkFqcGc@._V1_SX300.jpg
3204,https://m.media-amazon.com/images/M/MV5BMjI4ZTFjZGMtNjUyOS00Y2FiLTkwNWMtZGViNjgzODQ0NzIwXkEyXkFqcGc@._V1_SX300.jpg
3206,https://m.media-amazon.com/images/M/MV5BYWYwOGZmY2UtMzAwZS00MjE5LThiNWItMjRlZDc5NjhmOTE4XkEyXkFqcGc@._V1_SX300.jpg
3208,https://m.media-amazon.com/images/M/MV5BMzlmODMzZDAtZWYyZS00ZTZjLWJkNzctMTcwNDA5NDBlMzgwXkEyXkFqcGc@._V1_SX300.jpg
3210,https://m.media-amazon.com/images/M/MV5BMWM4NTc3N2YtMjk2Ny00MTRmLWE4YzItNTVhMTRlODVkNmE5XkEyXkFqcGc@._V1_SX300.jpg
3211,https://m.media-amazon.com/images/M/MV5BZjk4OTM2NDQtODY2OS00MjczLWI3NTktNTgzNjE0ZDc3ZWFiXkEyXkFqcGc@._V1_SX300.jpg
3213,https://m.media-amazon.com/images/M/MV5BYjYwN2ZmZWYtMTdlNC00ZDQxLWEyNmUtZDI5Yjk5MzQ2N2Y3XkEyXkFqcGc@._V1_SX300.jpg
3214,https://m.media-amazon.com/images/M/MV5BNDlhOGFkNzUtZTQyZS00ZGVjLTg2MzItOWI2YTYwMmYwNDQxXkEyXkFqcGc@._V1_SX300.jpg
3217,https://m.media-amazon.com/images/M/MV5BMjFmNGE5NzItZTI1Mi00MzFkLTg1YTctNGUxZjlmMGZiNDMwXkEyXkFqcGc@._V1_SX300.jpg
3219,https://m.media-amazon.com/images/M/MV5BOTRmYjZiNmItY2VmNC00N2FkLTgwM2YtM2I1ZDJhNWIyZDI1XkEyXkFqcGc@._V1_SX300.jpg
3221,https://m.media-amazon.com/images/M/MV5BNTk0MTFmZjctOWIxOS00NTdmLWE5ZDQtNzNmMGFlMDZlYzc3XkEyXkFqcGc@._V1_SX300.jpg
3223,https://m.media-amazon.com/images/M/MV5BNjJkOGU5MmYtNWExNy00MTZmLThjMzAtZTVjYmNkNmZhZTlhXkEyXkFqcGc@._V1_SX300.jpg
3224,https://m.media-amazon.com/images/M/MV5BM2E1ZjY5MjItZTUxZS00NTI1LWEwMmEtODhlMDAyMzUyOTRmXkEyXkFqcGc@._V1_SX300.jpg
3225,https://m.media-amazon.com/images/M/MV5BMzE3MDg2M2QtMGM3Yi00NjIyLWI0NGQtMjViMzIwMDFkOTQ1XkEyXkFqcGc@._V1_SX300.jpg
3230,https://m.media-amazon.com/images/M/MV5BY2UwNmMwYmQtNWQ3Ni00YmEwLTgwMjUtZTYzNzNjNTk3M2JjXkEyXkFqcGc@._V1_SX300.jpg
3235,https://m.media-amazon.com/images/M/MV5BMmFkMWE3YWQtYjhkOS00N2RlLWI3ZDUtYjQ4N2Y0MzdhYWE0XkEyXkFqcGc@._V1_SX300.jpg
3238,https://m.media-amazon.com/images/M/MV5BZjE1NTI3NGYtMjAwZC00N2EwLTliY2MtNDliOTg2OWVjNjY0XkEyXkFqcGc@._V1_SX300.jpg
3240,https://m.media-amazon.com/images/M/MV5BMTQwODQ2OTYwM15BMl5BanBnXkFtZTcwMjU5NTAyMQ@@._V1_SX300.jpg
3241,https://m.media-amazon.com/images/M/MV5BMTI1NjUxODc3OV5BMl5BanBnXkFtZTcwODU2MDU1MQ@@._V1_SX300.jpg
3243,https://m.media-amazon.com/images/M/MV5BOTU2YjIyOGQtYzUyYi00NjgxLTk1NTItOWRjMzljYmIyNTI0XkEyXkFqcGc@._V1_SX300.jpg
3244,https://m.media-amazon.com/images/M/MV5BN2RkNDJmNDYtZWRlYi00YWI5LTlkZTAtZDllZWE3YzhlNzliXkEyXkFqcGc@._V1_SX300.jpg
3246,https://m.media-amazon.com/images/M/MV5BYTQwYjFhNTMtMjliOC00MGJhLTkwYWMtYjQzZTRiYjRlNjE4XkEyXkFqcGc@._V1_SX300.jpg
3247,https://m.media-amazon.com/images/M/MV5BMjIzOTU0ODItMzcyMi00YzFjLTk3MzktNTQ2YjZmN2E0NTBkXkEyXkFqcGc@._V1_SX300.jpg
3248,https://m.media-amazon.com/images/M/MV5BNWJhMGQyNDItZWNiMC00ODZiLWJmNmEtYmZlMDIyNjgxNjk5XkEyXkFqcGc@._V1_SX300.jpg
3249,https://m.media-amazon.com/images/M/MV5BMmIwOWI1MzktNGZhMy00ZTU4LThiODAtNDk1NWI2MjFjMDQ3XkEyXkFqcGc@._V1_SX300.jpg
3250,https://m.media-amazon.com/images/M/MV5BMDY2YmFlMGEtNjZkNS00Y2RiLTllYTYtYzRiZDJkMzg1NDliXkEyXkFqcGc@._V1_SX300.jpg
3251,https://m.media-amazon.com/images/M/MV5BOGUwNWYzYjgtYzUyYi00ZTczLWI4MWQtNDY2YTQ5YTlmNThmXkEyXkFqcGc@._V1_SX300.jpg
3252,https://m.media-amazon.com/images/M/MV5BNzc5ODg2NzMtYTQ4MS00MWFiLWI5NWMtNWNkODNmZjE0ZGVjXkEyXkFqcGc@._V1_SX300.jpg
3253,https://m.media-amazon.com/images/M/MV5BZGNlZDY1ZTEtZTMxOS00ZjQ5LThjODUtYTBmMWYyMjAxZDdiXkEyXkFqcGc@._V1_SX300.jpg
3254,https://m.media-amazon.com/images/M/MV5BZTBmNzQ0OGUtYWY5ZC00ZjBhLTkwMzQtNjUxZGVlYTczMjEwXkEyXkFqcGc@._V1_SX300.jpg
3255,https://m.media-amazon.com/images/M/MV5BMDgwZDJjNWQtMzBmNi00ZTNkLTk5NGQtMzE2ODJkZjUyYjRhXkEyXkFqcGc@._V1_SX300.jpg
3256,https://m.media-amazon.com/images/M/MV5BZWQ3Y2NiOGEtNjdmMS00ODI1LTk0ODktM2U3NjllNzlmZTkxXkEyXkFqcGc@._V1_SX300.jpg
3257,https://m.media-amazon.com/images/M/MV5BNTM4ZWNjZmItMmUxNy00Y2M2LTlhZmItMjc0NjQzZmNiOWY5XkEyXkFqcGc@._V1_SX300.jpg
3258,https://m.media-amazon.com/images/M/MV5BNTczYmEyMmEtMmJlYi00YjI2LTg3MzUtMzEyODUwYWYzNjJhXkEyXkFqcGc@._V1_SX300.jpg
3259,https://m.media-amazon.com/images/M/MV5BZTRlNTdiOWQtZmE0Yi00MDZkLThiZmQtOWZjYzhjYTc1ZGQ5XkEyXkFqcGc@._V1_SX300.jpg
3260,https://m.media-amazon.com/images/M/MV5BMTk3MDY3NDc2NF5BMl5BanBnXkFtZTgwODcwNjgzOTE@._V1_SX300.jpg
3261,https://m.media-amazon.com/images/M/MV5BYjhhZDYwYjAtMTZjZi00YjUyLTg5NmEtZjFiZmM2NDkzMzZjXkEyXkFqcGc@._V1_SX300.jpg
3262,https://m.media-amazon.com/images/M/MV5BYzJmZGFiMzAtODNhOC00NzAwLWFlMzAtYTQzYmRmYjIwNDgyXkEyXkFqcGc@._V1_SX300.jpg
3263,https://m.media-amazon.com/images/M/MV5BZTE1ZmEyNDgtMjQyOS00YzUyLTlkMjYtNmJkYWUyZDJjYjczXkEyXkFqcGc@._V1_SX300.jpg
3264,https://m.media-amazon.com/images/M/MV5BZDQ4MzNlMzAtZDMxMy00YzcwLWJiMTMtNDBmMWMyMTAwODM5XkEyXkFqcGc@._V1_SX300.jpg
3265,https://m.media-amazon.com/images/M/MV5BOTZkYjBlMTktOGNmMC00ZWMzLTlkYmYtNDAxYjNjNWRkNjE0XkEyXkFqcGc@._V1_SX300.jpg
3266,https://m.media-amazon.com/images/M/MV5BNjAyZWRiZDktZWQ0OS00MTQ2LWE1ODgtMDBkZWNmNjQzYTA3XkEyXkFqcGc@._V1_SX300.jpg
3267,https://m.media-amazon.com/images/M/MV5BZDc0ZmVjYWItMmY4MC00NzFmLThhZjktZWQzMDI1NmE0ZTc4XkEyXkFqcGc@._V1_SX300.jpg
3268,https://m.media-amazon.com/images/M/MV5BOGVhYjA3NzUtNzA4MS00MGE1LTk0ZjMtZDU4ZTdlMzBhYWE4XkEyXkFqcGc@._V1_SX300.jpg
3269,https://m.media-amazon.com/images/M/MV5BZmJhZTBhYjYtOTJiMi00NWE0LTlmMmEtMTBhMTBjODk4YjVhXkEyXkFqcGc@._V1_SX300.jpg
3270,https://m.media-amazon.com/images/M/MV5BZmRiNTc0NzktNDc5Yy00OTg4LTljZGMtZjAzY2JiNWNjYzUxXkEyXkFqcGc@._V1_SX300.jpg
3271,https://m.media-amazon.com/images/M/MV5BODYwNDdlNGUtMDY0ZS00YjI3LWI1MjUtYjE4ODYyZTQwYjVlXkEyXkFqcGc@._V1_SX300.jpg
3272,https://m.media-amazon.com/images/M/MV5BMzVhMGI1OWUtMTEwNy00MWMyLTgwZjgtMTBjYTk1YmExMDNlXkEyXkFqcGc@._V1_SX300.jpg
3273,https://m.media-amazon.com/images/M/MV5BMzc4MThjNDItNWIzYy00NjA5LWExMTAtNjAzZGQwZTViN2ZiXkEyXkFqcGc@._V1_SX300.jpg
3274,https://m.media-amazon.com/images/M/MV5BNTUwZjM5MzgtNWYyNC00YjgwLTg5N2MtYTBiMzcwN2FjMjRmXkEyXkFqcGc@._V1_SX300.jpg
3275,https://m.media-amazon.com/images/M/MV5BMzIzYjE3YmMtYjdjOC00NTk5LWI0N2MtZDliYjUxNGYyNGZhXkEyXkFqcGc@._V1_SX300.jpg
3276,https://m.media-amazon.com/images/M/MV5BNGJmZDk3Y2EtZWM2MS00NzA0LTk2MDItMzViMDFjOTkxNzg4XkEyXkFqcGc@._V1_SX300.jpg
3280,https://m.media-amazon.com/images/M/MV5BMzdiODljNzYtNmY4OC00ZGQwLTg5MWMtNjZhMGI2OWQ5MTAyXkEyXkFqcGc@._V1_SX300.jpg
3281,https://m.media-amazon.com/images/M/MV5BZDgyNjQ0MzQtNDZlZS00MTY0LWJjYTYtMTI4MmFmMjkwNzg3XkEyXkFqcGdeQXVyNjMwMjk0MTQ@._V1_SX300.jpg
3283,https://m.media-amazon.com/images/M/MV5BNjc2N2MxYzUtMTFhOS00MmZmLWIyNDktMTEwNTEzNjRjMjAzXkEyXkFqcGc@._V1_SX300.jpg
3284,https://m.media-amazon.com/images/M/MV5BZTNjZTQ0MDktYjAzOS00NGJjLWFjZGItZmM3OTgyMmZkYzQ4XkEyXkFqcGc@._V1_SX300.jpg
3285,https://m.media-amazon.com/images/M/MV5BYTljNTg1YjktY2I3MS00MmQwLWJkYTAtYzcwZjRjM2ExNDJjXkEyXkFqcGc@._V1_SX300.jpg
3286,https://m.media-amazon.com/images/M/MV5BOGYwZjYyYWItZjFjMC00M2QwLWEzMzMtOWM2MjMxYjg4YjZjXkEyXkFqcGc@._V1_SX300.jpg
3287,https://m.media-amazon.com/images/M/MV5BMTE5NDIyODU4M15BMl5BanBnXkFtZTYwODA5MzY2._V1_SX300.jpg
3289,https://m.media-amazon.com/images/M/MV5BMzAyNjg3N2ItODFlYy00NGVkLWE2M2YtYjdhMDU4ZjEzNDBlXkEyXkFqcGc@._V1_SX300.jpg
3294,https://m.media-amazon.com/images/M/MV5BMzYwZjM5Y2ItNjk1Zi00NjE5LThjMTMtN2NhNDExOGZjYWU0XkEyXkFqcGc@._V1_SX300.jpg
3295,https://m.media-amazon.com/images/M/MV5BYmFjOGQyZTMtZGFlNS00YjNiLWEwYzctYTIwMDgwNmM5M2Q4XkEyXkFqcGc@._V1_SX300.jpg
3296,https://m.media-amazon.com/images/M/MV5BOTM4NmM3ZmUtZDEyNC00NTE1LWI4ZDktNTNhYWM2ZTJmYzM1XkEyXkFqcGc@._V1_SX300.jpg
3298,https://m.media-amazon.com/images/M/MV5BZGU2NmQwNTQtNzVkYi00MDg4LTk5NWUtZDE5ZWM2NDA1N2JlXkEyXkFqcGc@._V1_SX300.jpg
3299,https://m.media-amazon.com/images/M/MV5BMDZkZjE3NDItZjk4MC00OWU4LWI0MjctOWU2NWM4ZTkzZTI2XkEyXkFqcGc@._V1_SX300.jpg
3300,https://m.media-amazon.com/images/M/MV5BNGJlYjllOTUtZGRiNS00YmI4LTkxYmItYjBmYTdmZWZlMTMxXkEyXkFqcGc@._V1_SX300.jpg
3301,https://m.media-amazon.com/images/M/MV5BMjA4Nzk4NzU4MF5BMl5BanBnXkFtZTYwNzU0MDc3._V1_SX300.jpg
3302,https://m.media-amazon.com/images/M/MV5BMGUyODhmN2UtYzY5Yy00OTRiLWEwNzUtYTdjN2UzZWFiMDIyXkEyXkFqcGc@._V1_SX300.jpg
3303,https://m.media-amazon.com/images/M/MV5BMmQ4MDk4NDctYzZjMi00MTRhLTllZGYtZDgwNzhhOTlmNGJmXkEyXkFqcGc@._V1_SX300.jpg
3306,https://m.media-amazon.com/images/M/MV5BZjNhZWY4YjgtOTI2Zi00NWZlLWIyNDItNGY0MzhhNmUxNTkyXkEyXkFqcGc@._V1_SX300.jpg
3307,https://m.media-amazon.com/images/M/MV5BM2U4NjgzODUtODkyOC00YTE2LTlhNTItYzFlYmM1NTEzZDA2XkEyXkFqcGc@._V1_SX300.jpg
3308,https://m.media-amazon.com/images/M/MV5BYmVkYmY3YTctNjhhNC00OWViLTkxNjAtYTlhNTM0ZjBiNWZkXkEyXkFqcGc@._V1_SX300.jpg
3310,https://m.media-amazon.com/images/M/MV5BNjkxMzY1NTQtN2YwOS00NmIwLTlkNTMtMjNkMzk1ZTk3ZDU2XkEyXkFqcGc@._V1_SX300.jpg
3313,https://m.media-amazon.com/images/M/MV5BZmJhNjdlMjAtODY4OS00NGFhLTgyZmQtOWYzOTJiYzc4YWE2XkEyXkFqcGc@._V1_SX300.jpg
3315,https://m.media-amazon.com/images/M/MV5BMjEzOTUwMjQwMl5BMl5BanBnXkFtZTcwMDY5MDIyMQ@@._V1_SX300.jpg
3316,https://m.media-amazon.com/images/M/MV5BMGZmNTBjNjUtYjhlMi00NTZhLWE1YTktNzA4MmNlZTc3YmM0XkEyXkFqcGc@._V1_SX300.jpg
3317,https://m.media-amazon.com/images/M/MV5BOTJmNmIxMTYtNzA4Ni00N2VhLWIxYjYtMDFlNDQ5NjcxZTBmXkEyXkFqcGc@._V1_SX300.jpg
3323,https://m.media-amazon.com/images/M/MV5BMjNkMzFiM2YtZmE1OS00N2NhLWIxYjMtM2MzNzE1MGYxMjJmXkEyXkFqcGc@._V1_SX300.jpg
3324,https://m.media-amazon.com/images/M/MV5BNGQzZjFmMzYtMTlmZC00OTM1LTkwNDktN2Y3MDhjMWVlYjc2XkEyXkFqcGc@._V1_SX300.jpg
3325,https://m.media-amazon.com/images/M/MV5BZWU3OGYwMzQtOGI3OC00OWFhLWJkMDctMGJjNmMzYmEwNTcyXkEyXkFqcGc@._V1_SX300.jpg
3326,https://m.media-amazon.com/images/M/MV5BMTM4ODgzNDU2OF5BMl5BanBnXkFtZTYwMjI1Njc2._V1_SX300.jpg
3327,https://m.media-amazon.com/images/M/MV5BMjU4YjA1NGUtZWJjMC00OWQ3LTk5MzMtOTRkNGZjMGI2M2I5XkEyXkFqcGc@._V1_SX300.jpg
3328,https://m.media-amazon.com/images/M/MV5BYmIzNWI3MTMtNGY4Zi00YWIwLWEyMmQtZjcxOTdhNTQ0ZTE5XkEyXkFqcGc@._V1_SX300.jpg
3329,https://m.media-amazon.com/images/M/MV5BNGZmZDUzYzMtZjhhZC00MjVjLTkwNGUtNDFiM2U4M2Y5ZDg4XkEyXkFqcGc@._V1_SX300.jpg
3330,https://m.media-amazon.com/images/M/MV5BM2RkM2EzNDMtM2I4Mi00M2YzLWI5YWMtYmRjMmZmMmE4ZTMzXkEyXkFqcGc@._V1_SX300.jpg
3331,https://m.media-amazon.com/images/M/MV5BOTgzZWQ2ZDItNGRkMi00MDZkLTk1NWEtNTBjNzk5MzNhOGVjXkEyXkFqcGc@._V1_SX300.jpg
3334,https://m.media-amazon.com/images/M/MV5BMmVmNjY0MDQtMzE5Zi00ZmEzLTg3MzUtNTg1MWE0YWNiNzQ1XkEyXkFqcGc@._V1_SX300.jpg
3338,https://m.media-amazon.com/images/M/MV5BZWM2YjFiOGQtZDViZC00M2M0LWJlNzEtMTAzZTI0NGYxZTg2XkEyXkFqcGc@._V1_SX300.jpg
3341,https://m.media-amazon.com/images/M/MV5BZGIwODUwMGEtZWRmYi00ZDE1LWExYmQtYjBkMWQ4MWIxNGU0XkEyXkFqcGc@._V1_SX300.jpg
3342,https://m.media-amazon.com/images/M/MV5BMTlmY2M4OTUtNDgyZS00OTRlLTgzMGMtNjljNTgxMDU4ZTBhXkEyXkFqcGc@._V1_SX300.jpg
3344,https://m.media-amazon.com/images/M/MV5BYTBkMTY5NTgtNjc4Zi00YWQzLWFlZmYtYzc3OTQ4OTMxODM0XkEyXkFqcGc@._V1_SX300.jpg
3345,https://m.media-amazon.com/images/M/MV5BMWZmOTZlMzAtOGQwZC00MTkxLWE1ZTctNDQ5Nzc1NmY2NmQwXkEyXkFqcGc@._V1_SX300.jpg
3347,https://m.media-amazon.com/images/M/MV5BZWU2NDdmMDMtZjM2ZC00YWJkLTkwYTEtY2VjNWY5YmE3ZTRiXkEyXkFqcGc@._V1_SX300.jpg
3350,https://m.media-amazon.com/images/M/MV5BZmUwODU3NzMtMGMxZC00NzEyLTg4YmEtNDI4MzYzMTMzZTE5XkEyXkFqcGc@._V1_SX300.jpg
3353,https://m.media-amazon.com/images/M/MV5BODhjMGM4NjAtZTc0Mi00Y2U4LTk1ZjYtOGRjNGU4ZTYxYTU0XkEyXkFqcGc@._V1_SX300.jpg
3354,https://m.media-amazon.com/images/M/MV5BNGI4Y2ZiZTUtYjQzNy00YzJmLWE5NjYtYjdmNWE4ZTlkNDA0XkEyXkFqcGc@._V1_SX300.jpg
3355,https://m.media-amazon.com/images/M/MV5BOTQ2ODM2NjktMzJjMC00MWJiLWI2MjMtMzhiOTFmMzc1ZDUyXkEyXkFqcGc@._V1_SX300.jpg
3357,https://m.media-amazon.com/images/M/MV5BMmQ1Mjk2YmQtMWM4OS00NzczLThkZWMtNzhlZTY3OTJkMmM4XkEyXkFqcGc@._V1_SX300.jpg
3358,https://m.media-amazon.com/images/M/MV5BMGMxNmIyMWYtYWNkMS00NjYwLWFmNzgtZTE4NTNlODY2OGRmXkEyXkFqcGc@._V1_SX300.jpg
3359,https://m.media-amazon.com/images/M/MV5BYTNkMTA4YzktNmE3Mi00NjdjLWE4MzAtZjcwOTVmYmMxNGIwXkEyXkFqcGc@._V1_SX300.jpg
3360,https://m.media-amazon.com/images/M/MV5BOGFlMjJkNzYtMTMwYS00OWE0LWFkNzYtMGMzODIzOWM0ZDM2XkEyXkFqcGc@._V1_SX300.jpg
3361,https://m.media-amazon.com/images/M/MV5BOGJiNmFmZjYtYzQzZi00ZTk1LWI2MGUtZjI1NDI3YmU4Y2FhXkEyXkFqcGc@._V1_SX300.jpg
3362,https://m.media-amazon.com/images/M/MV5BY2RjNTg2ODMtZWQ4NC00MDdhLWE4MDgtMWFjMjI4ZTIxMGY4XkEyXkFqcGc@._V1_SX300.jpg
3363,https://m.media-amazon.com/images/M/MV5BNzc5MjUyMWYtMDkyMi00YTc2LTg3ZDMtMjI3MmU3Nzg2YTExXkEyXkFqcGc@._V1_SX300.jpg
3364,https://m.media-amazon.com/images/M/MV5BMWE2Y2E0ZTMtYzZmNi00MzZiLTg0ZTctMGY2YWJkMzE3NDEyXkEyXkFqcGc@._V1_SX300.jpg
3365,https://m.media-amazon.com/images/M/MV5BMTQ4YWI0MTItMTE4YS00ZTNjLWE3ZTQtN2E2MTlhYWQxNDNmXkEyXkFqcGc@._V1_SX300.jpg
3368,https://m.media-amazon.com/images/M/MV5BNjQ5Y2EwYmMtYWIxNC00MGEwLWFkM2YtYjUwZGQwNjM2Njc2XkEyXkFqcGc@._V1_SX300.jpg
3370,https://m.media-amazon.com/images/M/MV5BZGMwZmJhMmYtM2I5My00ODYxLWI3NmEtNGJmMTI5OTM2MDE0XkEyXkFqcGc@._V1_SX300.jpg
3372,https://m.media-amazon.com/images/M/MV5BMDkwOWY4OWEtNTRlMC00NGFmLWI5NWQtNWMyY2ExOTAxOGE1XkEyXkFqcGc@._V1_SX300.jpg
3374,https://m.media-amazon.com/images/M/MV5BMjA4MDMxNzQ2NV5BMl5BanBnXkFtZTgwOTQwMTkwMDI@._V1_SX300.jpg
3378,https://m.media-amazon.com/images/M/MV5BMTc4MTYyMzIzNl5BMl5BanBnXkFtZTcwNzg2OTQxMQ@@._V1_SX300.jpg
3379,https://m.media-amazon.com/images/M/MV5BMGEzOGU2MzMtOWJmYS00OTIwLWIxY2ItOGYyNDA4MGIyYzUzXkEyXkFqcGc@._V1_SX300.jpg
3384,https://m.media-amazon.com/images/M/MV5BMjE1NDY0NDk3Ml5BMl5BanBnXkFtZTcwMTAzMTM3NA@@._V1_SX300.jpg
3385,https://m.media-amazon.com/images/M/MV5BODE3Yzk1NGUtZjY3OS00NTMxLTk4N2YtNmYwY2E5NDNhYmYxXkEyXkFqcGc@._V1_SX300.jpg
3386,https://m.media-amazon.com/images/M/MV5BMDhhZTc0MWUtZmVjOS00YTNkLTk0YzgtNTNlNzY5ZWU4MTMyXkEyXkFqcGc@._V1_SX300.jpg
3387,https://m.media-amazon.com/images/M/MV5BY2UxNGJhNjQtZjZhOS00ZTQyLTk4NTQtYjdkZjQyNmU2YjJhXkEyXkFqcGc@._V1_SX300.jpg
3388,https://m.media-amazon.com/images/M/MV5BZTk4NmJmN2UtZGJmZS00NWU1LWJmY2ItNWMxMmMxN2JhYTE2XkEyXkFqcGc@._V1_SX300.jpg
3389,https://m.media-amazon.com/images/M/MV5BN2RhYjg3NzEtMTdjMy00ZWI2LTgyNmMtYzliODc3MTlmZjQ4XkEyXkFqcGc@._V1_SX300.jpg
3390,https://m.media-amazon.com/images/M/MV5BMTMxNzAwMDQ5OV5BMl5BanBnXkFtZTcwMjUxMTE3NA@@._V1_SX300.jpg
3391,https://m.media-amazon.com/images/M/MV5BNTY1NzQ5OGQtMGJlMS00ZjAxLWI2ZDAtYjQ4ZjU4M2Q3OTVkXkEyXkFqcGc@._V1_SX300.jpg
3392,https://m.media-amazon.com/images/M/MV5BM2Y2MmY1NTctYjEzNC00OTU0LWFhOWYtOGQzMjc4NGQ3ZDNmXkEyXkFqcGc@._V1_SX300.jpg
3393,https://m.media-amazon.com/images/M/MV5BZTgwNDNkNTgtYjZiNy00NzY4LWE4MzctNjgwNzMzZTEzYTYwXkEyXkFqcGc@._V1_SX300.jpg
3394,https://m.media-amazon.com/images/M/MV5BYWM3YThjZGEtN2UzZC00NzMwLWExOTctZDYzNmM0MTI0YWM4XkEyXkFqcGc@._V1_SX300.jpg
3395,https://m.media-amazon.com/images/M/MV5BYzRmZWUwZjEtNmQ4Ny00NzhhLWI3MWItOTNkYzQ5YzM2MzIzXkEyXkFqcGc@._V1_SX300.jpg
3396,https://m.media-amazon.com/images/M/MV5BMTE0ODE3N2ItYjRiOS00ZGU4LThjZTgtOGY5ZTFhMTNlZTNlXkEyXkFqcGc@._V1_SX300.jpg
3397,https://m.media-amazon.com/images/M/MV5BMGMwN2JkOTgtMDZjYi00YjkxLWI4YWQtMDFkMTQzNTgxYzgxXkEyXkFqcGc@._V1_SX300.jpg
3398,https://m.media-amazon.com/images/M/MV5BNWMyNmNjNmYtNGZkMy00OTY2LWFkOTAtMDZjYmQ2ODRkZDFiXkEyXkFqcGc@._V1_SX300.jpg
3400,https://m.media-amazon.com/images/M/MV5BMjM4ZTVmMmEtZjgxNC00Zjc2LWEyZmEtZTJjYmE2MzhiMjk4XkEyXkFqcGc@._V1_SX300.jpg
3401,https://m.media-amazon.com/images/M/MV5BMjZmNzcwNjAtYmM5Ni00OTNiLTgyMjEtODliMjlmMmZlZDc5XkEyXkFqcGc@._V1_SX300.jpg
3402,https://m.media-amazon.com/images/M/MV5BMzQ5N2E4ZGYtOTE0Zi00OGEwLWFjMzctYWFkZmQ4OTVkNDhlXkEyXkFqcGc@._V1_SX300.jpg
3403,https://m.media-amazon.com/images/M/MV5BNGQ1YTExNDEtNmJhMS00M2Y4LWExNGEtNzFlZTQzYTExZTRmXkEyXkFqcGc@._V1_SX300.jpg
3404,https://m.media-amazon.com/images/M/MV5BMTU3NTUyMTc3Nl5BMl5BanBnXkFtZTgwOTA2MDE3MTE@._V1_SX300.jpg
3405,https://m.media-amazon.com/images/M/MV5BOTgyYTE4NTEtY2I2OC00OWU2LWEwMGUtYzBjMGI5ODc5NTlhXkEyXkFqcGc@._V1_SX300.jpg
3406,https://m.media-amazon.com/images/M/MV5BN2JhZmFhYjEtMGNjMC00MTA2LWJhNmItNTBiN2IwZDhhNWY0XkEyXkFqcGc@._V1_SX300.jpg
3408,https://m.media-amazon.com/images/M/MV5BZTNkNzkzYTEtYTJkMC00MTNkLWE0YjMtOGYxNGI0ODNiMzIwXkEyXkFqcGc@._V1_SX300.jpg
3409,https://m.media-amazon.com/images/M/MV5BMjE1MjlmOWYtYzdjMS00OTgwLThjMDctZWU4N2FkZjgyNTJiXkEyXkFqcGc@._V1_SX300.jpg
3410,https://m.media-amazon.com/images/M/MV5BMDU1ZjQxODEtMTU3NS00Y2M2LWJiNjQtNmQ3ZDdlNjQ4NTkxXkEyXkFqcGdeQXVyMjUzOTY1NTc@._V1_SX300.jpg
3412,https://m.media-amazon.com/images/M/MV5BZDA4MDk2ZmMtZWM3ZC00MmFkLWIzOWEtY2E3Zjk4MmIxMDY5XkEyXkFqcGc@._V1_SX300.jpg
3414,https://m.media-amazon.com/images/M/MV5BNTM4NzQ1OTktMjI2NC00OGE1LTg3NDEtZDRmMzcxNDA0ZjY3XkEyXkFqcGc@._V1_SX300.jpg
3415,https://m.media-amazon.com/images/M/MV5BNzM3YjcxOGMtOGRmNi00ODMwLTgzNzQtMzE0NzEzZTQ3NzVkXkEyXkFqcGc@._V1_SX300.jpg
3417,https://m.media-amazon.com/images/M/MV5BZmZmNDU4N2QtZmI3Ni00NzZiLWEyYjctYmRjOTk2OTVhZDZmXkEyXkFqcGc@._V1_SX300.jpg
3418,https://m.media-amazon.com/images/M/MV5BMjIxNDgzMDE2MF5BMl5BanBnXkFtZTcwNzY5NTk1NA@@._V1_SX300.jpg
3420,https://m.media-amazon.com/images/M/MV5BNGQ3YWEzMTQtZWE0Yy00ZDY2LWFjMmItNmE0MDkzNTZiMDdhXkEyXkFqcGc@._V1_SX300.jpg
3421,https://m.media-amazon.com/images/M/MV5BZjk2ODY5N2UtMzczOC00M2M1LWEzZDQtZTc2YTgzMGNhOWZiXkEyXkFqcGc@._V1_SX300.jpg
3422,https://m.media-amazon.com/images/M/MV5BMWVkYzgxNzgtNjY4NS00ZGFhLTlhMmYtNjM0Yzg5YmIyYmZkXkEyXkFqcGc@._V1_SX300.jpg
3423,https://m.media-amazon.com/images/M/MV5BMmU1OGI2YjItMTAwYy00MjQwLWJjMWUtYTNlNDlkMDhjMzE4XkEyXkFqcGc@._V1_SX300.jpg
3424,https://m.media-amazon.com/images/M/MV5BODA2MjU1NTI1MV5BMl5BanBnXkFtZTgwOTU4ODIwMjE@._V1_SX300.jpg
3425,https://m.media-amazon.com/images/M/MV5BN2UwODg5YzMtYjBiOC00MTU2LWE0OGEtYjA5MWNkOWEwODQ5XkEyXkFqcGc@._V1_SX300.jpg
3426,https://m.media-amazon.com/images/M/MV5BMjM5MTQxMDk2Ml5BMl5BanBnXkFtZTgwODQ2MDc3NjE@._V1_SX300.jpg
3428,https://m.media-amazon.com/images/M/MV5BOWVjYzFmOTMtMTdlMi00OTg5LTk4MTYtZjQ2ZTc5NWU0MDZhXkEyXkFqcGc@._V1_SX300.jpg
3429,https://m.media-amazon.com/images/M/MV5BZjFjMDhkOTgtY2VlYi00Mzc4LWIzMDItMGVmMzhiNTc5NzJkXkEyXkFqcGc@._V1_SX300.jpg
3430,https://m.media-amazon.com/images/M/MV5BODYwYzQ4YTAtMzkwZS00MThmLWEyZmYtNDVlYTkyMjc5Mjk3XkEyXkFqcGc@._V1_SX300.jpg
3431,https://m.media-amazon.com/images/M/MV5BYTBjYTM2N2QtODA3ZC00MDZkLTk2NmMtMWYzZjI5YTIzZjI2XkEyXkFqcGc@._V1_SX300.jpg
3432,https://m.media-amazon.com/images/M/MV5BZGUzNjQ5MTEtNGZiYS00NGZiLWIwZDItYzdiNGMyNDMxMzczXkEyXkFqcGc@._V1_SX300.jpg
3433,https://m.media-amazon.com/images/M/MV5BOGY3MzFkMzQtMzY2My00N2MwLTllZGYtMGNhZTQ0ODNjZjg3XkEyXkFqcGc@._V1_SX300.jpg
3434,https://m.media-amazon.com/images/M/MV5BOTIxZGViNzMtMWQ1Mi00MDVmLWJhMDUtMGNkYjU2NTlmNzRlXkEyXkFqcGc@._V1_SX300.jpg
3435,https://m.media-amazon.com/images/M/MV5BM2YwNjZlZDktNTlmNS00ODQwLWJmNmUtYmE1NTBhYjc1YTY5XkEyXkFqcGc@._V1_SX300.jpg
3436,https://m.media-amazon.com/images/M/MV5BMTMyODczNDEtZDE4NC00Zjg1LWJjM2ItOGNiYTRlMDY4NWQzXkEyXkFqcGc@._V1_SX300.jpg
3438,https://m.media-amazon.com/images/M/MV5BNzg3NTQ4NDk5NV5BMl5BanBnXkFtZTgwNzMzNDg4NjE@._V1_SX300.jpg
3439,https://m.media-amazon.com/images/M/MV5BYzQwYzlhMjctMTcxYS00N2NmLTg4YzYtNjJjZjNhZTA0MzFlXkEyXkFqcGc@._V1_SX300.jpg
3440,https://m.media-amazon.com/images/M/MV5BNjEwMWNkNjctNzY5Mi00MzgyLTg2ZDMtMTY5MWRjNzEyMjdiXkEyXkFqcGc@._V1_SX300.jpg
3441,https://m.media-amazon.com/images/M/MV5BNDFhN2RlNDItMWZiMS00MzY5LTk1NzMtYzgxYTA4Y2Y2MDljXkEyXkFqcGc@._V1_SX300.jpg
3442,https://m.media-amazon.com/images/M/MV5BOGI3ZjA0OGMtN2U5Mi00MmRiLWIwM2YtY2I4OTU4ZGQzZjQ5XkEyXkFqcGc@._V1_SX300.jpg
3444,https://m.media-amazon.com/images/M/MV5BNmRkMGNkZWYtNzk3ZC00OGM0LThjMzMtMDg2YzViMTJmNjNhXkEyXkFqcGc@._V1_SX300.jpg
3445,https://m.media-amazon.com/images/M/MV5BNzE0NDU1MjAtZmU0Ny00ZTU3LTgzYWItMWEyYzhkZGQ2Y2M3XkEyXkFqcGc@._V1_SX300.jpg
3446,https://m.media-amazon.com/images/M/MV5BZjdjYzFhNjAtNjkxOS00NzdjLTkxZjMtYWJiMjZhN2I5NDg2XkEyXkFqcGc@._V1_SX300.jpg
3447,https://m.media-amazon.com/images/M/MV5BN2U2NzZlOGYtZDFlOC00ZDlmLWI1Y2MtZWNiNGQ1NmVmNjAwXkEyXkFqcGc@._V1_SX300.jpg
3448,https://m.media-amazon.com/images/M/MV5BYThiZTU4N2UtYWU2Mi00ZGUyLWI2ZmEtM2U1ZmJmOGY1ZTc3XkEyXkFqcGc@._V1_SX300.jpg
3449,https://m.media-amazon.com/images/M/MV5BYTM0ZTI0YzEtZGU1MC00ZWMzLTg4NzktNmMxNDc1OWI1MDVlXkEyXkFqcGc@._V1_SX300.jpg
3450,https://m.media-amazon.com/images/M/MV5BMzM1YjNiNDYtODRiOC00ZWM2LTk1MTItNjI5MjA5ZjEwYjAzXkEyXkFqcGc@._V1_SX300.jpg
3451,https://m.media-amazon.com/images/M/MV5BNmMwNjRiYTUtNjM5Yy00ZDk2LWJiZjEtYjRjMzVmYmM1OGQ5XkEyXkFqcGc@._V1_SX300.jpg
3452,https://m.media-amazon.com/images/M/MV5BMTI5Nzg1MjA5M15BMl5BanBnXkFtZTYwNzAxNzg2._V1_SX300.jpg
3453,https://m.media-amazon.com/images/M/MV5BNDM2ZmI4YzEtNTU4OS00OWE2LWIxMzctZWJmZTIxZjE2MTBlXkEyXkFqcGc@._V1_SX300.jpg
3454,https://m.media-amazon.com/images/M/MV5BOTcyNzgxODctOTA1My00NDg3LWFkOWQtMmYzZTliY2IxMzdlXkEyXkFqcGc@._V1_SX300.jpg
3455,https://m.media-amazon.com/images/M/MV5BOWI3NTViOGItMDMxNi00Y2I5LThiMDgtYmI2MWEyYmNhNDVhXkEyXkFqcGc@._V1_SX300.jpg
3456,https://m.media-amazon.com/images/M/MV5BZTc3ZWJlMjQtYWEyZS00ZmQyLTk0YWMtMzdjYWJhMmJhMmMzXkEyXkFqcGc@._V1_SX300.jpg
3459,https://m.media-amazon.com/images/M/MV5BZTZjOGQ2MjYtMTBmZC00OTIzLWFiN2YtZDRhZjk3NGZmMmU1XkEyXkFqcGc@._V1_SX300.jpg
3461,https://m.media-amazon.com/images/M/MV5BY2RiOTM0ZDgtNDRlMi00MDMzLWI1NDYtY2NjZDM4YTkwNWVlXkEyXkFqcGc@._V1_SX300.jpg
3462,https://m.media-amazon.com/images/M/MV5BODVkZGFhNGQtYjdiYi00Njc4LWFmYTItNTlmNzJjMTg1ZDc5XkEyXkFqcGc@._V1_SX300.jpg
3466,https://m.media-amazon.com/images/M/MV5BNjU2YzFmNjUtNjg1OS00YjUxLWI4MWMtM2MxMmI5ZjJmNDY4XkEyXkFqcGc@._V1_SX300.jpg
3467,https://m.media-amazon.com/images/M/MV5BMGU0MWUyZGItMzhmMy00MDkzLTkyNWItOWFkMWE0ZDA4NjA2XkEyXkFqcGc@._V1_SX300.jpg
3468,https://m.media-amazon.com/images/M/MV5BMjhjMWVhODAtZDhlYi00ZjIzLTk0ODItOGU0MDM3Njc5ODA0XkEyXkFqcGc@._V1_SX300.jpg
3469,https://m.media-amazon.com/images/M/MV5BMWM5NDBlNTAtNDMzNy00ZjMyLTg4ZTYtYWYxNmU2YjVkMzNmXkEyXkFqcGc@._V1_SX300.jpg
3470,https://m.media-amazon.com/images/M/MV5BYTliYTFhNDQtMjQ5NS00MTdlLWFiMjMtZjBkNDdiMGNhNGI1XkEyXkFqcGc@._V1_SX300.jpg
3471,https://m.media-amazon.com/images/M/MV5BMjM1NjE5NjQxN15BMl5BanBnXkFtZTgwMjYzMzQxMDE@._V1_SX300.jpg
3473,https://m.media-amazon.com/images/M/MV5BN2MwNzFkY2EtODhlYy00Yjg5LWExYWUtODBjMjg4NmI2MmU1XkEyXkFqcGc@._V1_SX300.jpg
3474,https://m.media-amazon.com/images/M/MV5BNmMwODNjYmItZTcwMC00MzU2LThiNTQtMmQxNjViMDVlMWQzXkEyXkFqcGc@._V1_SX300.jpg
3475,https://m.media-amazon.com/images/M/MV5BMjM4MzFjMjgtOTVmYi00YWI2LThlNTItYTdhNTE4ODhhZjgwXkEyXkFqcGc@._V1_SX300.jpg
3476,https://m.media-amazon.com/images/M/MV5BMzc3MWVlMDctZTRjZi00YmZiLTg2OGItMGNkYWQwYjYwNjE1XkEyXkFqcGc@._V1_SX300.jpg
3477,https://m.media-amazon.com/images/M/MV5BOTk1M2Q1NTEtNDk0ZS00OTBkLThkODctZGFjNmRhM2U3YTA5XkEyXkFqcGc@._V1_SX300.jpg
3478,https://m.media-amazon.com/images/M/MV5BNjFiYWM4YjItNzcwMC00NWRkLWJlN2ItMDhhNWRlNDZkNWQ3XkEyXkFqcGc@._V1_SX300.jpg
3479,https://m.media-amazon.com/images/M/MV5BNjUzOWI1NGQtZWUyMi00Mjg3LWI3MGMtMDFhYzA5ZGRmZmIzXkEyXkFqcGc@._V1_SX300.jpg
3480,https://m.media-amazon.com/images/M/MV5BMjQ1ZGVkNmItOTliMi00YmI4LTllMjgtYjM4ZjYzZjMwYjgyXkEyXkFqcGc@._V1_SX300.jpg
3481,https://m.media-amazon.com/images/M/MV5BMTgxMTI1ODYyOV5BMl5BanBnXkFtZTYwNjQyOTI3._V1_SX300.jpg
3483,https://m.media-amazon.com/images/M/MV5BMjIyNDBmYTEtYjM3MS00NDhkLWFhNjYtZGYxYzA2OGUyZjQ2XkEyXkFqcGc@._V1_SX300.jpg
3484,https://m.media-amazon.com/images/M/MV5BNWM4NGUzNjItZmU5ZC00ZDM3LWExYjMtMWNiNzFhN2IwNmRhXkEyXkFqcGc@._V1_SX300.jpg
3489,https://m.media-amazon.com/images/M/MV5BOTU0ZTU3MGUtOTQwNi00N2QzLWFmMDUtZDgxMGJlNGI5NDllXkEyXkFqcGc@._V1_SX300.jpg
3492,https://m.media-amazon.com/images/M/MV5BZjkxZTQxYWItZWQxMy00NDJhLThhMmMtNWUyNTdmMjM5ZTkzXkEyXkFqcGc@._V1_SX300.jpg
3494,https://m.media-amazon.com/images/M/MV5BMTEyZGVlY2QtNGI5Ni00ZTEzLWJlMzYtYTc4YjdiMjJiOTBhXkEyXkFqcGc@._V1_SX300.jpg
3496,https://m.media-amazon.com/images/M/MV5BMzVkN2Y1NzMtNDE0ZS00NWZlLTllNmYtMGJiOWE1ZTg5M2Y2XkEyXkFqcGc@._V1_SX300.jpg
3497,https://m.media-amazon.com/images/M/MV5BYmE0YjUwMmYtNDUxOC00NmQ0LWExNzAtMTZkMmRhZDEyNmRmXkEyXkFqcGc@._V1_SX300.jpg
3498,https://m.media-amazon.com/images/M/MV5BZTRiOGMxYzctMTk3Ny00ODBkLWIyNTMtOGZhMWY0MjZiYzAxXkEyXkFqcGc@._V1_SX300.jpg
3499,https://m.media-amazon.com/images/M/MV5BNzY0ODQ3MTMxN15BMl5BanBnXkFtZTgwMDkwNTg4NjE@._V1_SX300.jpg
3500,https://m.media-amazon.com/images/M/MV5BNTNmYTM1MDAtMDkxMi00YzdiLWE0MDktZTg5MGRlYTliODhiXkEyXkFqcGc@._V1_SX300.jpg
3501,https://m.media-amazon.com/images/M/MV5BNDU3ZjA1YzktNDUxNy00MDVmLTlhMGQtYjljNjcwMTcwNzZiXkEyXkFqcGc@._V1_SX300.jpg
3502,https://m.media-amazon.com/images/M/MV5BYjA1YmQ0NzYtZDMyMi00NjI0LWIxY2UtNTJkY2JiNjNjOWQwXkEyXkFqcGc@._V1_SX300.jpg
3503,https://m.media-amazon.com/images/M/MV5BYTYyMjU4MjItYzZkNy00NmIyLTg1ZGEtYTY5ZTEyM2U2NDM2XkEyXkFqcGc@._V1_SX300.jpg
3504,https://m.media-amazon.com/images/M/MV5BY2E4ZGJiNTMtZTAxZC00MmVlLWI1NjYtMGVhMjhkOGEwZDhjXkEyXkFqcGc@._V1_SX300.jpg
3505,https://m.media-amazon.com/images/M/MV5BN2ZkNGM1MGItYmNiYy00ZTQ0LThiNjUtMjhkYzhiMTM1MTVhXkEyXkFqcGc@._V1_SX300.jpg
3506,https://m.media-amazon.com/images/M/MV5BNTNjNDM5YmQtZmU0Ni00YTA4LTlkZDYtOWI5MWQzOTdkNzllXkEyXkFqcGc@._V1_SX300.jpg
3507,https://m.media-amazon.com/images/M/MV5BYjgwOTg4NDQtMWQxNy00OTlkLTkzMGQtZjJmYTAxMWY2MGU5XkEyXkFqcGc@._V1_SX300.jpg
3508,https://m.media-amazon.com/images/M/MV5BMjIxNDYxMTk2MF5BMl5BanBnXkFtZTgwMjQxNjU3MTE@._V1_SX300.jpg
3510,https://m.media-amazon.com/images/M/MV5BNzJmODljY2UtMWFkMy00YzQ5LThiZjUtNDI3NjM5NjU0ZTRjXkEyXkFqcGc@._V1_SX300.jpg
3511,https://m.media-amazon.com/images/M/MV5BMTYwMjYyOTA4OV5BMl5BanBnXkFtZTYwMDAyNjE3._V1_SX300.jpg
3512,https://m.media-amazon.com/images/M/MV5BMjIwNDEzODU3Nl5BMl5BanBnXkFtZTcwMjI0NzU2NA@@._V1_SX300.jpg
3513,https://m.media-amazon.com/images/M/MV5BZmZlZWNkMWItMTBmMi00ZGYyLTkzMWYtZDMyZjg1YTYzZGU0XkEyXkFqcGc@._V1_SX300.jpg
3514,https://m.media-amazon.com/images/M/MV5BMTY2OTk4MTQ1NV5BMl5BanBnXkFtZTcwNDYzNDQzMQ@@._V1_SX300.jpg
3515,https://m.media-amazon.com/images/M/MV5BMjEzMDdjOTQtODA5MC00OWYxLWFkN2MtOWRkYWVkNWQ5ZGY0XkEyXkFqcGc@._V1_SX300.jpg
3516,https://m.media-amazon.com/images/M/MV5BNGM5ZjVjOTctMTc2Zi00MDRhLWE0ZDMtMGJlYTE5ZjZiNWEwXkEyXkFqcGc@._V1_SX300.jpg
3519,https://m.media-amazon.com/images/M/MV5BOGM1NDJmOTktYTcxYS00YWViLTllMTMtYmVmZTAwMTU4ODhjXkEyXkFqcGc@._V1_SX300.jpg
3521,https://m.media-amazon.com/images/M/MV5BZmUxNTQzYTItZjkwNi00NWVhLTk5MzEtNjhmN2U4MDYyNmY3XkEyXkFqcGc@._V1_SX300.jpg
3524,https://m.media-amazon.com/images/M/MV5BNWRhYzc3MDktOGY0My00NmE0LWE0OWEtNTFkMmVhMWFmNDE2XkEyXkFqcGc@._V1_SX300.jpg
3525,https://m.media-amazon.com/images/M/MV5BMDU4MzA4MjgtYTE5Zi00YWYwLTk1YmEtMDRjYmQ3MzU0YzJmXkEyXkFqcGc@._V1_SX300.jpg
3526,https://m.media-amazon.com/images/M/MV5BYTEyOTQwOWQtNTA5Ny00N2ViLThkMzctY2Y3ZTkxNTQxZGRjXkEyXkFqcGc@._V1_SX300.jpg
3527,https://m.media-amazon.com/images/M/MV5BOWEzMDI0MTUtMjQ0Yy00MGRhLWI4YjAtZTgzZTM3NTYxZGJkXkEyXkFqcGc@._V1_SX300.jpg
3528,https://m.media-amazon.com/images/M/MV5BY2I1ZmUyMDgtYWU5Yy00MDQ4LThjMzgtNzVhODM5MGI4OGJlXkEyXkFqcGc@._V1_SX300.jpg
3529,https://m.media-amazon.com/images/M/MV5BZjU1NTc4MzgtMWE5Ny00MDg4LTg5N2UtMjEyZDE3MmIzYmU2XkEyXkFqcGc@._V1_SX300.jpg
3531,https://m.media-amazon.com/images/M/MV5BMTI5NDExMjkzOF5BMl5BanBnXkFtZTcwMDgxMjIyMQ@@._V1_SX300.jpg
3534,https://m.media-amazon.com/images/M/MV5BOTA3NmQ4YzMtMWZiNC00MzYyLWExMTctZmIxZDE4ZjU0ODM5XkEyXkFqcGc@._V1_SX300.jpg
3535,https://m.media-amazon.com/images/M/MV5BNzBjM2I5ZjUtNmIzNy00OGNkLWIwZDMtOTAwYWUwMzA2YjdlXkEyXkFqcGc@._V1_SX300.jpg
3536,https://m.media-amazon.com/images/M/MV5BMTMxNzg3MzQ3Nl5BMl5BanBnXkFtZTYwOTY4Nzc5._V1_SX300.jpg
3537,https://m.media-amazon.com/images/M/MV5BYzBlYTg5OTYtZjRhNi00ZmJkLThhZDItNmY3YmVhYTk1NWRkXkEyXkFqcGc@._V1_SX300.jpg
3538,https://m.media-amazon.com/images/M/MV5BMWFjZjJhOTEtMjViMy00MmQ5LTkwZDEtZDUyM2M4MjliZGI1XkEyXkFqcGc@._V1_SX300.jpg
3539,https://m.media-amazon.com/images/M/MV5BZGU5NmMzNDYtNzBkMC00NGFkLWI3OTgtYjBjNjliNTQzY2U3XkEyXkFqcGc@._V1_SX300.jpg
3543,https://m.media-amazon.com/images/M/MV5BZDc5MDkwMTMtY2QzOC00Y2IwLTk0MWItOGMyZjkyZjc4YjAyXkEyXkFqcGc@._V1_SX300.jpg
3544,https://m.media-amazon.com/images/M/MV5BZTE2MmNiMTktMjE1Ni00MDAxLWExYzYtMDRhN2QyYmQ3OGE3XkEyXkFqcGc@._V1_SX300.jpg
3545,https://m.media-amazon.com/images/M/MV5BZGExNGNlNmQtZTlmNy00MmZkLWE1MjgtZGYwODY0ZDI1YzMwXkEyXkFqcGc@._V1_SX300.jpg
3546,https://m.media-amazon.com/images/M/MV5BMmQ0MjAwOGUtZjUzNy00MzQ1LWJkZGYtNWNhOGVjNzA2MTRjXkEyXkFqcGc@._V1_SX300.jpg
3548,https://m.media-amazon.com/images/M/MV5BMGI1ODUyZTgtOWRmNy00YzBmLWFjODctOTE4ZTc4OGY5ZDRhXkEyXkFqcGc@._V1_SX300.jpg
3549,https://m.media-amazon.com/images/M/MV5BZTkzNWE2Y2ItMmIxZC00MTA3LWJmOTItMjQ2OTMzZWYwMWI0XkEyXkFqcGc@._V1_SX300.jpg
3550,https://m.media-amazon.com/images/M/MV5BOTAyNmQ3N2MtOWZlOS00Mjg1LWJhY2EtNmMzOTgyODg2NjM5XkEyXkFqcGc@._V1_SX300.jpg
3551,https://m.media-amazon.com/images/M/MV5BNTFlOWU2NTItNDlmMS00MmZhLTgyMjMtODYxMjkwZGY3ODg2XkEyXkFqcGc@._V1_SX300.jpg
3552,https://m.media-amazon.com/images/M/MV5BZmUwZTBiMTYtODUxOS00NjcxLTkxZWQtODE2MTZlYTgwNDVlXkEyXkFqcGc@._V1_SX300.jpg
3553,https://m.media-amazon.com/images/M/MV5BMmM0YjM0NWMtZTY5OC00OTJlLThkM2QtYTk0N2JmY2MxY2VmXkEyXkFqcGc@._V1_SX300.jpg
3554,https://m.media-amazon.com/images/M/MV5BZmExZDZlZGEtNjBlNy00MjA4LWJjNjYtOWUzOTJmMmM2N2VhXkEyXkFqcGc@._V1_SX300.jpg
3555,https://m.media-amazon.com/images/M/MV5BNmU2MjAxZGQtMGY3NC00ODYwLThkZWQtNzhjMDhhOTVlMWYyXkEyXkFqcGc@._V1_SX300.jpg
3556,https://m.media-amazon.com/images/M/MV5BMmNhYTE5MjQtMzI2Ny00MDRhLWE4ZjAtYTg0YjNhNjZmMTVlXkEyXkFqcGc@._V1_SX300.jpg
3557,https://m.media-amazon.com/images/M/MV5BYmVhYTNlNjUtM2FmNi00MWVjLWIwNDItMTJlZDYwZWFiMWRiXkEyXkFqcGc@._V1_SX300.jpg
3559,https://m.media-amazon.com/images/M/MV5BODFjMzMwMmYtYmZjYS00MTZiLWE2ZjAtZTliMDFmNTNhMjIzXkEyXkFqcGc@._V1_SX300.jpg
3563,https://m.media-amazon.com/images/M/MV5BYTc3MGQ5MzUtYWUxOC00YTg3LTg2MjMtNTIxODk0OGI5OTM5XkEyXkFqcGc@._V1_SX300.jpg
3564,https://m.media-amazon.com/images/M/MV5BMjQyYjQ0ZmUtOGMyMi00YzBkLWE0YzQtNDVlZDg2NmM0YTViXkEyXkFqcGc@._V1_SX300.jpg
3565,https://m.media-amazon.com/images/M/MV5BZjVkODJiZmQtZTM4MS00OGY5LWE5NDktNTQ1MThjZmI0MmU1XkEyXkFqcGc@._V1_SX300.jpg
3566,https://m.media-amazon.com/images/M/MV5BNmU4NDk4NmYtMjlkZC00ZGYxLWEwMzEtMDI0YzBjYjYyNDY5XkEyXkFqcGc@._V1_SX300.jpg
3567,https://m.media-amazon.com/images/M/MV5BMmU1YzkyMmUtYzgwNi00NTU1LWE2ZTgtNjk3ZjFhYmE2MWIwXkEyXkFqcGc@._V1_SX300.jpg
3568,https://m.media-amazon.com/images/M/MV5BMTQwOTM0ODMxNV5BMl5BanBnXkFtZTcwMzg3NTAwMQ@@._V1_SX300.jpg
3569,https://m.media-amazon.com/images/M/MV5BZDE3MTA1YWYtYjUzNS00OTM2LTg5MTctNjE3MmYyMzEwMmQ5XkEyXkFqcGc@._V1_SX300.jpg
3571,https://m.media-amazon.com/images/M/MV5BZGM4MjQ5ZDMtNGM1NS00OWUzLTg1M2UtYWY3MTFhODliMTQwXkEyXkFqcGc@._V1_SX300.jpg
3572,https://m.media-amazon.com/images/M/MV5BMTRlZjQ4ZjYtNGFjYi00YjQ1LWFhOGItYmNkZTljMTQ1YWNhXkEyXkFqcGc@._V1_SX300.jpg
3573,https://m.media-amazon.com/images/M/MV5BYTY2ZTQ4ZjYtZDAzZC00ZGFiLWJmZjUtMGM1YWE1MzNiNGNjXkEyXkFqcGc@._V1_SX300.jpg
3574,https://m.media-amazon.com/images/M/MV5BMTU3ODE5ODA2Nl5BMl5BanBnXkFtZTcwMjQxOTAzMQ@@._V1_SX300.jpg
3576,https://m.media-amazon.com/images/M/MV5BODViZGIzNzctYmY2NC00NzVhLWFiZTQtYjc0YjYwYTg2MjJiXkEyXkFqcGc@._V1_SX300.jpg
3577,https://m.media-amazon.com/images/M/MV5BNThjYTZlYjUtY2YzMC00MDA3LTk0MTctMTAwYjgxYTY3YjgzXkEyXkFqcGc@._V1_SX300.jpg
3578,https://m.media-amazon.com/images/M/MV5BYWQ4YmNjYjEtOWE1Zi00Y2U4LWI4NTAtMTU0MjkxNWQ1ZmJiXkEyXkFqcGc@._V1_SX300.jpg
3580,https://m.media-amazon.com/images/M/MV5BNDA2OWVkY2UtNGJiOS00OWE2LWJlNjgtMWY0OWIzNWFkMzY0XkEyXkFqcGc@._V1_SX300.jpg
3581,https://m.media-amazon.com/images/M/MV5BNjllYzIyOTgtMDliNy00MTBmLTkzZTYtZGE1YTdhOWJlOTE2XkEyXkFqcGc@._V1_SX300.jpg
3584,https://m.media-amazon.com/images/M/MV5BZWQ1NWVjMmQtY2I3Ny00NGEwLTgzYTItNjc0NTBjZjFlODZhXkEyXkFqcGc@._V1_SX300.jpg
3586,https://m.media-amazon.com/images/M/MV5BMTkxMjAwMzU5OF5BMl5BanBnXkFtZTcwODgzNzA2NA@@._V1_SX300.jpg
3587,https://m.media-amazon.com/images/M/MV5BOTEyMTMxZjQtM2FiNi00ZjllLTllMWYtY2FiYTVlYmU1YzhjXkEyXkFqcGc@._V1_SX300.jpg
3590,https://m.media-amazon.com/images/M/MV5BODQ1ZmEzZWEtMDFiOC00NGEwLTg3NmEtZTliOWFmMzQ4ZDIzXkEyXkFqcGc@._V1_SX300.jpg
3591,https://m.media-amazon.com/images/M/MV5BMTUyMzg0MTkwNV5BMl5BanBnXkFtZTgwOTA2NzEyMDE@._V1_SX300.jpg
3592,https://m.media-amazon.com/images/M/MV5BMmJmMmEwYzQtM2ZhYi00OWQ3LThjZWYtMTlkYmMyNmM3YmRkXkEyXkFqcGc@._V1_SX300.jpg
3593,https://m.media-amazon.com/images/M/MV5BODJiODc1NjQtZmRhZS00ZTlmLTlmNTItMmZiZjcxMmU4ZDI2XkEyXkFqcGc@._V1_SX300.jpg
3594,https://m.media-amazon.com/images/M/MV5BNmU1OTczYjAtYTAyMS00MjY3LWIwN2EtNzg4ZDcyMjBlNjdjXkEyXkFqcGc@._V1_SX300.jpg
3596,https://m.media-amazon.com/images/M/MV5BYjdhMjI5MWQtZThhNi00NTRkLTgzZWUtZmFhNTRiZTk5M2UzXkEyXkFqcGc@._V1_SX300.jpg
3597,https://m.media-amazon.com/images/M/MV5BZjkwNTgyYzgtMTMyMC00YmE1LWJlM2MtNjIxNzdiZWQxMjYwXkEyXkFqcGc@._V1_SX300.jpg
3598,https://m.media-amazon.com/images/M/MV5BZTg3NmE4M2ItOTM5OS00N2FhLWJhNWMtOGU4MGVkNTIxNDY0XkEyXkFqcGc@._V1_SX300.jpg
3599,https://m.media-amazon.com/images/M/MV5BNzFiYzI3NzUtZmJhNy00N2JlLTk4NGEtNGRlMGI5MDdjNzUzXkEyXkFqcGc@._V1_SX300.jpg
3604,https://m.media-amazon.com/images/M/MV5BOTdkNDVmMTQtYzNkMi00YzE0LWFiOTItOWNlZjNmM2M3N2FlXkEyXkFqcGc@._V1_SX300.jpg
3606,https://m.media-amazon.com/images/M/MV5BYTgzZTRmNDUtOTk3Ni00MDU1LWExMWQtMDc5ZTRkN2Y1YTNlXkEyXkFqcGc@._V1_SX300.jpg
3608,https://m.media-amazon.com/images/M/MV5BYTQ2ZTUzZjktMWVmNC00MzBmLTg1ZjMtYzQyNmE1YzY1MDFiXkEyXkFqcGc@._V1_SX300.jpg
3609,https://m.media-amazon.com/images/M/MV5BMTk4MzA2NDU5Nl5BMl5BanBnXkFtZTcwNzg5MDIyMQ@@._V1_SX300.jpg
3614,https://m.media-amazon.com/images/M/MV5BZjZmOWU3MzEtZGMzNS00ZDdkLWIxNmEtNDgxMzk2YmJkMGJkXkEyXkFqcGc@._V1_SX300.jpg
3615,https://m.media-amazon.com/images/M/MV5BNzU0ZTU3MDItMDcxOS00NzdmLWIxZmYtNDc5MDk2MTgzMTQ0XkEyXkFqcGc@._V1_SX300.jpg
3616,https://m.media-amazon.com/images/M/MV5BNjI0Nzk0ZDUtZGFmOC00MzA0LWFiNmQtYWEzMzQ2NjU5ZGU1XkEyXkFqcGc@._V1_SX300.jpg
3617,https://m.media-amazon.com/images/M/MV5BZmZhM2U0YTItYTdjOS00OTY5LTg5OTMtMjU2ZTcwMTU0MDdhXkEyXkFqcGc@._V1_SX300.jpg
3618,https://m.media-amazon.com/images/M/MV5BZTg2NjcyZGMtNGE2NC00NWYwLTg4ZTAtNjBkMzU2MWI2OWU0XkEyXkFqcGc@._V1_SX300.jpg
3619,https://m.media-amazon.com/images/M/MV5BY2M1ZTA0MTItZWNhYS00ZDAxLWIyMDQtMzIxNDg2N2NhYjcwXkEyXkFqcGc@._V1_SX300.jpg
3622,https://m.media-amazon.com/images/M/MV5BOWY2YTg1NWItODBlOC00ZDA2LWI5MGMtNDA2YjI2MWJmYzg5XkEyXkFqcGc@._V1_SX300.jpg
3623,https://m.media-amazon.com/images/M/MV5BYWFjM2NhMTAtNDU1My00ODUxLTkwMzYtODQzNzM0ODM0ZWQ0XkEyXkFqcGc@._V1_SX300.jpg
3624,https://m.media-amazon.com/images/M/MV5BMTI0MjE2MzUwOV5BMl5BanBnXkFtZTYwMTk5NjU3._V1_SX300.jpg
3625,https://m.media-amazon.com/images/M/MV5BNzc5YWIwMTYtNzgxNS00ODljLTllZjgtNzJjYWIxZDIxOTlmXkEyXkFqcGc@._V1_SX300.jpg
3626,https://m.media-amazon.com/images/M/MV5BMTRmMWVmZjQtZWRkMy00NTJlLWIwMTItNjI2YWExZDVjNWUwXkEyXkFqcGc@._V1_SX300.jpg
3627,https://m.media-amazon.com/images/M/MV5BZGZiMTVjNDYtYjhmNy00ODhlLWI0YjEtN2FmZmI2ZDAyMjM0XkEyXkFqcGc@._V1_SX300.jpg
3628,https://m.media-amazon.com/images/M/MV5BZmM4NWNlNmItYjdkNC00NmFmLTg0ODEtNDQ0MWYyZjhmOTI1XkEyXkFqcGc@._V1_SX300.jpg
3629,https://m.media-amazon.com/images/M/MV5BNGU1NjYzYTAtZmY0YS00NWIzLTkzNzUtYzc2ZTIyOTIxZjVhXkEyXkFqcGc@._V1_SX300.jpg
3632,https://m.media-amazon.com/images/M/MV5BYzI2MGY4YmQtYTRjZS00MGQ4LWIzNTMtYjUyM2YyZTA4OWVlXkEyXkFqcGc@._V1_SX300.jpg
3633,https://m.media-amazon.com/images/M/MV5BYmMzOWNlNDMtM2NjMC00NTAxLWE4ODYtNzMyNmY0MzM0OWNhXkEyXkFqcGc@._V1_SX300.jpg
3634,https://m.media-amazon.com/images/M/MV5BNzg4ZTA0YWEtZDllNi00MmJlLTlhYTctZTlmMWY0MDMwMDFmXkEyXkFqcGc@._V1_SX300.jpg
3635,https://m.media-amazon.com/images/M/MV5BOGQzNTIyYjAtNjAyNy00OTZhLTg4YmMtNzAyNjdiOTlhZDVlXkEyXkFqcGc@._V1_SX300.jpg
3637,https://m.media-amazon.com/images/M/MV5BZTY2NTQwNjMtYmQ4OS00M2MwLTk1MGEtYzMyNTBlMzIyY2QyXkEyXkFqcGc@._V1_SX300.jpg
3638,https://m.media-amazon.com/images/M/MV5BZDM0YTZkNDQtYTU1ZC00MzUyLTlkMTYtYmM2ZjVlM2EyMjBhXkEyXkFqcGc@._V1_SX300.jpg
3639,https://m.media-amazon.com/images/M/MV5BNzEzMzFiZDgtMWQ4YS00YmU1LWI5OTUtZjcwZmYyY2FlMTFhXkEyXkFqcGc@._V1_SX300.jpg
3640,https://m.media-amazon.com/images/M/MV5BOGYxNzc3YjYtZDk3MC00YTZkLWJhYTMtY2UxYTY3ZmJhMDhlXkEyXkFqcGc@._V1_SX300.jpg
3641,https://m.media-amazon.com/images/M/MV5BOTFhYmZjZDUtMzZmMC00YzRmLTlmOTUtZjJlN2M1MzBjODFhXkEyXkFqcGc@._V1_SX300.jpg
3643,https://m.media-amazon.com/images/M/MV5BY2NiN2UwMWYtOTc0Mi00YzdlLTk5ODAtYjkxZGI3NWMwOWZiXkEyXkFqcGc@._V1_SX300.jpg
3646,https://m.media-amazon.com/images/M/MV5BMTg4YWY4MjEtNzQ2NC00MDJjLTg3YWEtZDI1ODkzYjEwNjczXkEyXkFqcGc@._V1_SX300.jpg
3648,https://m.media-amazon.com/images/M/MV5BNDc0NWIyOGMtNzk5Mi00NDMzLThiOTYtZWNkMWQ4YzRkOGY0XkEyXkFqcGc@._V1_SX300.jpg
3649,https://m.media-amazon.com/images/M/MV5BNmQzYmJlOWMtYWQ3ZC00ZjMzLWE1ZWUtOTFjNjkxNWEzZjY2XkEyXkFqcGc@._V1_SX300.jpg
3652,https://m.media-amazon.com/images/M/MV5BYTUwY2Q2ZTYtNDlhYi00ZTVmLTliNDYtM2I5ZTc4MzhlODVkXkEyXkFqcGc@._V1_SX300.jpg
3653,https://m.media-amazon.com/images/M/MV5BMjEzODQ1Njg4M15BMl5BanBnXkFtZTgwODIyOTcwMjE@._V1_SX300.jpg
3654,https://m.media-amazon.com/images/M/MV5BMmFkZWIwNzQtNzdlYS00NTg3LWIzMTctM2U2NWQ0MTVlZmU1XkEyXkFqcGc@._V1_SX300.jpg
3655,https://m.media-amazon.com/images/M/MV5BZDZmNTY3YjgtNmFlNS00ZmM2LThhY2UtY2U3NjMxMjYwMmQyXkEyXkFqcGc@._V1_SX300.jpg
3658,https://m.media-amazon.com/images/M/MV5BODIyNzM0YWUtMjViYS00NGVjLTgyYmUtNGU0MWI3ZDgwYjlmXkEyXkFqcGc@._V1_SX300.jpg
3660,https://m.media-amazon.com/images/M/MV5BMTUxMTBlNjQtMTlmOC00NDljLWI0YjItMjJhNzg3MzFhY2MxXkEyXkFqcGdeQXVyMTQxNzMzNDI@._V1_SX300.jpg
3661,https://m.media-amazon.com/images/M/MV5BYjQyM2ZkYjktOTk2Zi00Zjc1LTk1NTYtYTY2YmI5M2IyYzAzXkEyXkFqcGdeQXVyMTQxNzMzNDI@._V1_SX300.jpg
3662,https://m.media-amazon.com/images/M/MV5BZWY1Y2E1OTQtZDYyMC00ZTY3LWI1MTQtYTc1NWNjYmFiYzdiXkEyXkFqcGdeQXVyMTQxNzMzNDI@._V1_SX300.jpg
3663,https://m.media-amazon.com/images/M/MV5BMzU5MTYwNjc0MV5BMl5BanBnXkFtZTcwNTI0NTYzNQ@@._V1_SX300.jpg
3664,https://m.media-amazon.com/images/M/MV5BYjc4Y2I5MmItMWYyZC00OWZlLWI5ZGEtYmI4MjQ4NWQwNWU3XkEyXkFqcGdeQXVyMTQxNzMzNDI@._V1_SX300.jpg
3667,https://m.media-amazon.com/images/M/MV5BMGZhYmU1NjYtMTYyNi00YTk5LTk4MmQtNTRhMzkxY2Y4ZjgzXkEyXkFqcGc@._V1_SX300.jpg
3668,https://m.media-amazon.com/images/M/MV5BMDAxNjRiZmEtOWUxYy00YjVmLWFlMDItZmQxOWI3MjI2Y2NmXkEyXkFqcGc@._V1_SX300.jpg
3669,https://m.media-amazon.com/images/M/MV5BYjk0NzAyNDEtMGZiNS00ZWUyLWE5OGItM2RkYmY5ZWE2Nzc0XkEyXkFqcGc@._V1_SX300.jpg
3671,https://m.media-amazon.com/images/M/MV5BNTI3Y2Y4NDgtY2I1NS00M2JmLWI5NzEtYTQwYTUwZGQxYzZlXkEyXkFqcGc@._V1_SX300.jpg
3672,https://m.media-amazon.com/images/M/MV5BYjNkNzJlMTAtYmU3OS00NTZmLWI5Y2MtMWQxOTczNDk2NzMxXkEyXkFqcGc@._V1_SX300.jpg
3673,https://m.media-amazon.com/images/M/MV5BNDJjZWE3ODYtN2Y0YS00ZTZhLTljMDItYjMwNWM3MDQxYTRmXkEyXkFqcGc@._V1_SX300.jpg
3674,https://m.media-amazon.com/images/M/MV5BYTlmMDY5ZTctOTdjMS00MWZlLWJhNTgtMDAwNzFkMTFhMzg4XkEyXkFqcGc@._V1_SX300.jpg
3675,https://m.media-amazon.com/images/M/MV5BYzZlOTBmZDgtMWIwMS00YTNlLTllNWYtZTk1MmY0ZWU3MzQzXkEyXkFqcGc@._V1_SX300.jpg
3676,https://m.media-amazon.com/images/M/MV5BNGYxNzZkYzAtMDExMS00MzE1LTg5ZGItMTgzMzJhZWMyNTBjXkEyXkFqcGc@._V1_SX300.jpg
3677,https://m.media-amazon.com/images/M/MV5BMzAxOTgwNTAtOTM0Ny00NThkLTg0OWYtMTQwOGQ4ZDUxNTJiXkEyXkFqcGc@._V1_SX300.jpg
3678,https://m.media-amazon.com/images/M/MV5BNDE0OGM3ZWQtN2JhYi00NjYxLTg4MzQtMTA5ZWNkMmVjMWE3XkEyXkFqcGc@._V1_SX300.jpg
3679,https://m.media-amazon.com/images/M/MV5BMTkzOTg3MzUxMl5BMl5BanBnXkFtZTcwMDg1OTM2MQ@@._V1_SX300.jpg
3680,https://m.media-amazon.com/images/M/MV5BODU0YWM4YWEtMTJjOS00ZmJkLWE2YWUtYmViOGNkZjllNzBhXkEyXkFqcGc@._V1_SX300.jpg
3681,https://m.media-amazon.com/images/M/MV5BNTRmOTcyYmYtMTIwNi00ZGYyLTk4YjYtZGJlZTgwZGY0NGQyXkEyXkFqcGc@._V1_SX300.jpg
3682,https://m.media-amazon.com/images/M/MV5BOWM5NWMyOTctYWNmZi00ZDU2LWI1Y2ItOGQ0NmM3ZjEzYWRmXkEyXkFqcGc@._V1_SX300.jpg
3683,https://m.media-amazon.com/images/M/MV5BNTYxNWY5ODktYWRkOC00NDdkLWIwOGQtOWY5YWQ1N2Q3OWViXkEyXkFqcGc@._V1_SX300.jpg
3684,https://m.media-amazon.com/images/M/MV5BZDFlYjBkOTMtM2I4Yi00ZmUyLTg0YjctY2RhZmI0NTk0ZmE0XkEyXkFqcGc@._V1_SX300.jpg
3685,https://m.media-amazon.com/images/M/MV5BMjFiYjUzZWEtZmQxMy00NzI1LWJiZjUtNjA4MTczOTY2MjM0XkEyXkFqcGc@._V1_SX300.jpg
3686,https://m.media-amazon.com/images/M/MV5BOGU2YWM2MDctNWU5My00ZDIxLWFkM2YtNzQwNTQ4OWUxYmUxXkEyXkFqcGc@._V1_SX300.jpg
3687,https://m.media-amazon.com/images/M/MV5BODY1ZjdiZGItYzUzYy00ZDI4LTkzZjMtMzg3NzM3ZDNlZmRjXkEyXkFqcGc@._V1_SX300.jpg
3688,https://m.media-amazon.com/images/M/MV5BNmFjNzE3NjEtMzA5Ni00YTM0LWEzNWYtMGQ1YzA3ZWM5ZDNkXkEyXkFqcGc@._V1_SX300.jpg
3689,https://m.media-amazon.com/images/M/MV5BNmUxNDBhNWItNTZiZS00MWU5LWJkMGEtYTYyZDU3YTRiMWE2XkEyXkFqcGc@._V1_SX300.jpg
3690,https://m.media-amazon.com/images/M/MV5BODUzZmJjZTYtMzRkZi00Y2FkLWIwMWUtNGUzMGMwMWFmNmQxXkEyXkFqcGc@._V1_SX300.jpg
3691,https://m.media-amazon.com/images/M/MV5BYzlhYTdlMTUtN2RhYi00MjFjLThiNTUtNzNhNDNmNDVjYTc5XkEyXkFqcGc@._V1_SX300.jpg
3692,https://m.media-amazon.com/images/M/MV5BYTUwMGM0OGYtOWRmMC00ZGEyLWE0MjUtNmVhZmVhZGFmYWI4XkEyXkFqcGc@._V1_SX300.jpg
3693,https://m.media-amazon.com/images/M/MV5BNDZjMGZjMDktOTZlNC00MTQ5LTkzY2UtZjM1MjE0NDcwNzk1XkEyXkFqcGc@._V1_SX300.jpg
3694,https://m.media-amazon.com/images/M/MV5BYzZkNDhlMzUtMzc3Zi00MTJhLWFhMjEtN2IyOTM3NTZlODllXkEyXkFqcGc@._V1_SX300.jpg
3695,https://m.media-amazon.com/images/M/MV5BNmUxMDQ1ZjYtNDY3ZS00MzRjLWJhODYtMDY3ZGM1YWFkNmM3XkEyXkFqcGc@._V1_SX300.jpg
3696,https://m.media-amazon.com/images/M/MV5BZmQ1YTM1YjYtOThlYy00NDAxLWJhNGItZDFmYTUyMzRmMTdkXkEyXkFqcGc@._V1_SX300.jpg
3697,https://m.media-amazon.com/images/M/MV5BNjFjMjRkYWUtNmI4YS00ZmMwLWFiMmYtNWViY2RjZjMyODQ4XkEyXkFqcGc@._V1_SX300.jpg
3698,https://m.media-amazon.com/images/M/MV5BMDQwYzMwMDItYzFhZC00YjkzLTlmODAtMzg3NDFlNDhhZjYzXkEyXkFqcGc@._V1_SX300.jpg
3699,https://m.media-amazon.com/images/M/MV5BZDIyZjNkODEtMDNlZS00N2Q1LTgxMjctZjczNzkzZjg0ZThlXkEyXkFqcGc@._V1_SX300.jpg
3700,https://m.media-amazon.com/images/M/MV5BYjJkZDczMzMtM2JjMS00YjM3LWE5NjUtZTlkMTY3MDU4ZDZhXkEyXkFqcGc@._V1_SX300.jpg
3701,https://m.media-amazon.com/images/M/MV5BY2M1ZmY1ODktM2I5NC00OGU0LThiNjAtM2E5NmU1NDE5MzU2XkEyXkFqcGc@._V1_SX300.jpg
3702,https://m.media-amazon.com/images/M/MV5BMTM4Mjg5ODEzMV5BMl5BanBnXkFtZTcwMDc3NDk0NA@@._V1_SX300.jpg
3703,https://m.media-amazon.com/images/M/MV5BYTAyNzBiZWUtMGY4YS00YzkzLWJhNGUtNTU5OThlZjZhZTYyXkEyXkFqcGc@._V1_SX300.jpg
3704,https://m.media-amazon.com/images/M/MV5BMTNkOGZjMGMtNDI4Zi00ZDBjLWJhY2UtMzA2YWI1ZGI5OWVhXkEyXkFqcGc@._V1_SX300.jpg
3705,https://m.media-amazon.com/images/M/MV5BNzU5MTQyNzEwNV5BMl5BanBnXkFtZTgwMTgwNTg4NjE@._V1_SX300.jpg
3706,https://m.media-amazon.com/images/M/MV5BNGNiN2ZjNDQtZjEyNS00ZGFjLWE4YWQtMDczZjU1ZDFlZDhlXkEyXkFqcGc@._V1_SX300.jpg
3707,https://m.media-amazon.com/images/M/MV5BMjZlNmM1ODQtMjRlMC00NDQ2LTgwNWMtNDM3MzA3ZDdhZjRiXkEyXkFqcGc@._V1_SX300.jpg
3708,https://m.media-amazon.com/images/M/MV5BZThjYzkzYjktNDNjZS00NGIwLWIzZTUtN2MyZDI4NWI1Mzc4XkEyXkFqcGc@._V1_SX300.jpg
3709,https://m.media-amazon.com/images/M/MV5BMjIwZWE3YWItMjU2MC00NDFhLWI5MDktYTNjMTYyODdmZjYxXkEyXkFqcGc@._V1_SX300.jpg
3710,https://m.media-amazon.com/images/M/MV5BMzY1N2NjMjYtM2U3OS00OTMzLTk4OGEtMWI1YjUwMWRjODQ1XkEyXkFqcGc@._V1_SX300.jpg
3711,https://m.media-amazon.com/images/M/MV5BMjRkMmViN2EtOGQ3NS00ZGU0LWE2ZGMtYTEyNmE4OWQxMGE0XkEyXkFqcGdeQXVyNjMwMjk0MTQ@._V1_SX300.jpg
3712,https://m.media-amazon.com/images/M/MV5BY2NjZWJhOGQtZDE4Yi00M2UwLTk1NGUtODMwN2EyM2JhMDM4XkEyXkFqcGc@._V1_SX300.jpg
3713,https://m.media-amazon.com/images/M/MV5BNmRmZDQzYWItOWExYi00MjU1LWEyNTItMjk4YzUyNGVkYWQwXkEyXkFqcGc@._V1_SX300.jpg
3714,https://m.media-amazon.com/images/M/MV5BNGU1YmEyMWMtYWEzMC00YzUxLWE3YzctNGJjNTBlNzJmODljXkEyXkFqcGc@._V1_SX300.jpg
3715,https://m.media-amazon.com/images/M/MV5BY2Q3ODM0MjQtODRkMy00ZjQxLWIwNWYtY2U5MWU4YmNiYTE5XkEyXkFqcGc@._V1_SX300.jpg
3716,https://m.media-amazon.com/images/M/MV5BYzk4YWI4YjItNTAxNi00YjJjLTk4ZWQtYWYyMGNkNTViZGQxXkEyXkFqcGc@._V1_SX300.jpg
3717,https://m.media-amazon.com/images/M/MV5BMTIwMzExNDEwN15BMl5BanBnXkFtZTYwODMxMzg2._V1_SX300.jpg
3719,https://m.media-amazon.com/images/M/MV5BMTYxMjYzMDY4N15BMl5BanBnXkFtZTcwODU5ODEyMQ@@._V1_SX300.jpg
3720,https://m.media-amazon.com/images/M/MV5BY2MxMGQ3M2MtODg3OC00OWZkLTk2YTgtZDM0MWM0YjE5OGNhXkEyXkFqcGc@._V1_SX300.jpg
3723,https://m.media-amazon.com/images/M/MV5BMjI5OTgwNTc3M15BMl5BanBnXkFtZTgwNDY1NTk4NjE@._V1_SX300.jpg
3724,https://m.media-amazon.com/images/M/MV5BN2Y1ZWM0MGYtZTdkZi00NDdmLWEzZDctMTM2NmQyMzEzOThhXkEyXkFqcGc@._V1_SX300.jpg
3725,https://m.media-amazon.com/images/M/MV5BODkwYTNkMDItOGYwYi00ZjBkLWE3MzAtN2M4YzE4OGM1YzA3XkEyXkFqcGc@._V1_SX300.jpg
3726,https://m.media-amazon.com/images/M/MV5BMjUzZmI1YjUtMDlhOS00MGQ1LTgxZWYtOWFhZGE0NTIyNWZlXkEyXkFqcGc@._V1_SX300.jpg
3727,https://m.media-amazon.com/images/M/MV5BOWQ5YTQ0YmMtOWVjYi00M2M2LWIwZjktYjcwZTRlMDg5ODlmXkEyXkFqcGc@._V1_SX300.jpg
3728,https://m.media-amazon.com/images/M/MV5BZjc3MzM1M2ItZDAxZS00ZWE3LWIxNDctN2Q4YzI3ZjdlZjBlXkEyXkFqcGc@._V1_SX300.jpg
3729,https://m.media-amazon.com/images/M/MV5BZTBhZmU3ZjItODdmYS00NzZlLTgwNTAtODg1ZTcyODc2Yzc5XkEyXkFqcGc@._V1_SX300.jpg
3730,https://m.media-amazon.com/images/M/MV5BOTY4OTVmMzgtNTBkYi00NjI1LWIzOWItNGIwNTM1ZTEzMzc5XkEyXkFqcGc@._V1_SX300.jpg
3731,https://m.media-amazon.com/images/M/MV5BOTMyZjFmMGMtZDQwZC00MjVkLTgwMGUtY2Y4NWViMDQ5ZDZhXkEyXkFqcGc@._V1_SX300.jpg
3732,https://m.media-amazon.com/images/M/MV5BYWI1ZTJmZTAtODg5MS00YTYxLTliOGItYjgyYzI0YTkxODRjXkEyXkFqcGc@._V1_SX300.jpg
3733,https://m.media-amazon.com/images/M/MV5BZmRjMDFjOWMtMTcwNC00ZGZjLWEyNjMtNDEwMTVhZmRkNjZiXkEyXkFqcGc@._V1_SX300.jpg
3735,https://m.media-amazon.com/images/M/MV5BYTg3NzUzYzYtMmQxOS00MjAwLWI0ZDYtNDg4OTQ4OTljNGFlXkEyXkFqcGc@._V1_SX300.jpg
3736,https://m.media-amazon.com/images/M/MV5BMDY5MmVmODktYjg5Yi00ZDg4LThiOGItN2MzOWViZjVjMGUwXkEyXkFqcGc@._V1_SX300.jpg
3737,https://m.media-amazon.com/images/M/MV5BYmVlY2UzZTctYjczNC00MzRmLWE4ZDItYTE0YjExZmMyZTIxXkEyXkFqcGc@._V1_SX300.jpg
3738,https://m.media-amazon.com/images/M/MV5BMWNiZTViMzQtNGI0NC00ODc5LThlMmEtNzE2YWVhZDBhMThiXkEyXkFqcGc@._V1_SX300.jpg
3739,https://m.media-amazon.com/images/M/MV5BZjI5M2M5YWEtYTU3Yi00ZGRlLWE3OWYtMzJiZTE5N2U1ZTkwXkEyXkFqcGc@._V1_SX300.jpg
3740,https://m.media-amazon.com/images/M/MV5BYWNjZDQyMjUtZDEzZC00OThhLTg1NWItOTQ1MWI3ODBlODcyXkEyXkFqcGc@._V1_SX300.jpg
3741,https://m.media-amazon.com/images/M/MV5BN2U3ZjE1ZjUtYTRkMy00NTJiLTgyNzktMmE1OTUzYmRlOTUzXkEyXkFqcGc@._V1_SX300.jpg
3742,https://m.media-amazon.com/images/M/MV5BZmY5ZGQwMTEtM2E0ZC00NzVkLTgyYzktZDYxMjhiMzA5N2MzXkEyXkFqcGc@._V1_SX300.jpg
3743,https://m.media-amazon.com/images/M/MV5BNzc4NTJhNzktMDMyNC00NWE4LThlODMtODYzMThkNTFiZDM3XkEyXkFqcGc@._V1_SX300.jpg
3744,https://m.media-amazon.com/images/M/MV5BNThjNDFiMmUtYmY1Ni00YzQyLTk5ZDAtMDdiZmM2MGRkYTY2XkEyXkFqcGc@._V1_SX300.jpg
3745,https://m.media-amazon.com/images/M/MV5BMzYwZTRhMzMtMmRkNi00ODc2LWE0ODktNTUwYzVjMWJhMjViXkEyXkFqcGc@._V1_SX300.jpg
3746,https://m.media-amazon.com/images/M/MV5BMGQ3YThkY2MtNjliNy00MmQyLThmZjctOWFmMjg3NGM1NWJiXkEyXkFqcGc@._V1_SX300.jpg
3747,https://m.media-amazon.com/images/M/MV5BODlhMTk2OGMtZTI5OS00MzVlLTg5YjQtNjM1YzI3MTViYjA1XkEyXkFqcGc@._V1_SX300.jpg
3751,https://m.media-amazon.com/images/M/MV5BNTc3YTRlMWMtMWIxMC00Njk2LTg0MjktNWVjNTUzOTViZmNhXkEyXkFqcGc@._V1_SX300.jpg
3752,https://m.media-amazon.com/images/M/MV5BZjEzYTdkMmUtN2Y3Mi00Mzc5LWJkYTUtYTY4NzUxZTU2NzExXkEyXkFqcGc@._V1_SX300.jpg
3753,https://m.media-amazon.com/images/M/MV5BYThjZWExNTItYmE5Yi00ZDE3LTk1ZDktMGJiMWUyYTc2YmFkXkEyXkFqcGc@._V1_SX300.jpg
3754,https://m.media-amazon.com/images/M/MV5BYWUyNTQyNjAtYTQ4NS00ZTViLWI0OTEtMzJmYTcyMWVhZDNkXkEyXkFqcGc@._V1_SX300.jpg
3755,https://m.media-amazon.com/images/M/MV5BZmYyZjJiMTQtMzQyNi00ZjBkLTg4MjAtNWYxOWVlNmFlMGNhXkEyXkFqcGc@._V1_SX300.jpg
3756,https://m.media-amazon.com/images/M/MV5BOTM1OTFkZDEtMDQxMi00MGUxLWIyZTMtMDQ0ZjQ0OTgyZTMwXkEyXkFqcGc@._V1_SX300.jpg
3758,https://m.media-amazon.com/images/M/MV5BYTgxZWYzOTItODRhMS00YWE4LTgwZjYtNjNjYTUzMmViZDExXkEyXkFqcGc@._V1_SX300.jpg
3760,https://m.media-amazon.com/images/M/MV5BOTMzOTQ3YmEtYmEyNy00NWJhLTg3OTktNWE0YTZmYzM2YmNiXkEyXkFqcGc@._V1_SX300.jpg
3761,https://m.media-amazon.com/images/M/MV5BMjViOTYwNWUtNTZlYi00YzMxLTljMjAtM2Y2NDAxNTU5OTI4XkEyXkFqcGc@._V1_SX300.jpg
3763,https://m.media-amazon.com/images/M/MV5BMTMwZWE3ODAtM2MyOS00ZmVhLWI2NzQtZTBjMDhkZTg0ODlmXkEyXkFqcGc@._V1_SX300.jpg
3764,https://m.media-amazon.com/images/M/MV5BMmQyNTA5YTEtZWIxYy00YjNhLTlmZGItZGJlNjcxNzA5NmJlXkEyXkFqcGc@._V1_SX300.jpg
3765,https://m.media-amazon.com/images/M/MV5BZjIwMmU0OTYtNDdjOC00OTdhLTg2MzktYjRkMjEzMjA0MzllXkEyXkFqcGc@._V1_SX300.jpg
3766,https://m.media-amazon.com/images/M/MV5BZGE2NmNlODYtMzMyNS00YTM0LThlMzMtNjg1YTBhMTRkNjJhXkEyXkFqcGc@._V1_SX300.jpg
3767,https://m.media-amazon.com/images/M/MV5BZjQwNjUxZjUtYmUxOS00YmRjLTljZTgtMTc0OTFlZDllZjM5XkEyXkFqcGc@._V1_SX300.jpg
3768,https://m.media-amazon.com/images/M/MV5BNTM5NmZiYmQtNzBiOS00NmNlLWExOWMtMTE4OGJhYmU3YjVjXkEyXkFqcGc@._V1_SX300.jpg
3769,https://m.media-amazon.com/images/M/MV5BNDkyMGJmZDUtMDc5OC00ODQ5LWJhMDMtYzBmZDExYTA1NDg0XkEyXkFqcGc@._V1_SX300.jpg
3770,https://m.media-amazon.com/images/M/MV5BNTMzMDVhOGMtM2MzYS00MmNkLTgwNjktZDNkN2RjYTFjYTEzXkEyXkFqcGc@._V1_SX300.jpg
3771,https://m.media-amazon.com/images/M/MV5BMjNhZDgzNGUtNmM0Yi00YmQ1LTkzOTYtNWE3NTE5MzQxOWQ2XkEyXkFqcGc@._V1_SX300.jpg
3773,https://m.media-amazon.com/images/M/MV5BMDI0ODMxMjktMDM1NS00NDJlLTljMzktMTQ5NGI5NmZlZjdkXkEyXkFqcGc@._V1_SX300.jpg
3774,https://m.media-amazon.com/images/M/MV5BMDMwZTIzNjAtNWY5My00MWIyLWI3MjgtYTU5NTZjNjdhMGZhXkEyXkFqcGc@._V1_SX300.jpg
3783,https://m.media-amazon.com/images/M/MV5BNjMwZmExNjUtMmMyMC00YmVmLTg5MWEtNDg3OWE3MzQ0YTAyXkEyXkFqcGc@._V1_SX300.jpg
3784,https://m.media-amazon.com/images/M/MV5BY2NkNTZhMDItNGJmYy00MmNkLTk1N2MtMTQ3MDFjYTcwZGI4XkEyXkFqcGc@._V1_SX300.jpg
3785,https://m.media-amazon.com/images/M/MV5BZGRmMGRhOWMtOTk3Ni00OTRjLTkyYTAtYzA1M2IzMGE3NGRkXkEyXkFqcGc@._V1_SX300.jpg
3786,https://m.media-amazon.com/images/M/MV5BMjY2ZDdlNzctMzU4MS00YWNlLWIzYTUtNjMwZjYyMjk0M2UzXkEyXkFqcGc@._V1_SX300.jpg
3787,https://m.media-amazon.com/images/M/MV5BYTU0M2M3ZjUtMjRlMS00NTlhLWJlNjMtYWUyYzFjYzI5OTY5XkEyXkFqcGc@._V1_SX300.jpg
3788,https://m.media-amazon.com/images/M/MV5BOGFlNzlhYWMtZmZkZi00YmYyLWJiZjgtNmQ1MzkyOGQ5NDdjXkEyXkFqcGc@._V1_SX300.jpg
3789,https://m.media-amazon.com/images/M/MV5BNDhjYWJhNjEtODg3My00MWMzLTg3MGItN2YzYTY1NjllZmE3XkEyXkFqcGc@._V1_SX300.jpg
3790,https://m.media-amazon.com/images/M/MV5BYzlhZGU2ZDItZTdjZi00NTI1LWI3ZGMtNWNmOGE3ZmU5OTNlXkEyXkFqcGc@._V1_SX300.jpg
3791,https://m.media-amazon.com/images/M/MV5BMmRjMzdkZDUtMDRkYi00ZjVkLWJlMjItMmY1MjgwOTQzMzYwXkEyXkFqcGc@._V1_SX300.jpg
3792,https://m.media-amazon.com/images/M/MV5BYWYwZDQxNjItOGQ1Zi00ZGRkLWIwODItN2Q1Mjc2YWU1OGRhXkEyXkFqcGc@._V1_SX300.jpg
3793,https://m.media-amazon.com/images/M/MV5BNzNjZjQwOTAtNWQ3NC00MmJlLThlZDEtZmUyMWQ3NmE4Y2Y5XkEyXkFqcGc@._V1_SX300.jpg
3794,https://m.media-amazon.com/images/M/MV5BNWNkYzNiYTAtNWUxOS00YzMwLWIyZjUtNjIwYjFlZjRiNGFjXkEyXkFqcGdeQXVyNjU0NTI0Nw@@._V1_SX300.jpg
3795,https://m.media-amazon.com/images/M/MV5BMjFlMDRmMDYtNTBmYy00ZTgzLTg0NTgtMWI3Y2UxYzIyOTEwXkEyXkFqcGdeQXVyNTM0NTU5Mg@@._V1_SX300.jpg
3797,https://m.media-amazon.com/images/M/MV5BMGUwNTljMWItY2JmMC00ZWU4LWI3MzctODQyOTE5YzY1MDI2XkEyXkFqcGc@._V1_SX300.jpg
3798,https://m.media-amazon.com/images/M/MV5BOTRlMGVhOWYtMmNhZS00Y2Y4LTg3N2EtMmE4YTcwNGM3NTAwXkEyXkFqcGc@._V1_SX300.jpg
3799,https://m.media-amazon.com/images/M/MV5BOTE0NzY5MGUtZDdjMi00OTMyLThiYmEtOTc5NWY0NTE3NDA0XkEyXkFqcGc@._V1_SX300.jpg
3801,https://m.media-amazon.com/images/M/MV5BYWRiNmViOGEtODY5OC00YTgxLWI3NjktZjBlOTBhM2ExNTU5XkEyXkFqcGc@._V1_SX300.jpg
3802,https://m.media-amazon.com/images/M/MV5BOThkYWQxZmMtODFkYi00N2E4LTkzNGQtNjFmMWM3YzgyYzlmXkEyXkFqcGc@._V1_SX300.jpg
3806,https://m.media-amazon.com/images/M/MV5BZmNhMzU1ZGYtMDA4Mi00YTA0LWI4ZjQtYjY3ZmYxNTgyYTcyXkEyXkFqcGc@._V1_SX300.jpg
3807,https://m.media-amazon.com/images/M/MV5BOTI2MzU4NjM4NV5BMl5BanBnXkFtZTgwNTkwNzYzNTE@._V1_SX300.jpg
3808,https://m.media-amazon.com/images/M/MV5BOTAxNmNlNzctM2ZkZi00ZTdlLWI3NzctZGEwOGU0N2I2NGJmXkEyXkFqcGc@._V1_SX300.jpg
3809,https://m.media-amazon.com/images/M/MV5BOTM2MzhhZmQtMzg3Zi00OTJkLTlkNjYtY2NkMDMyZmE3NGFlXkEyXkFqcGc@._V1_SX300.jpg
3810,https://m.media-amazon.com/images/M/MV5BZjc4YTFmNjMtMzdmZS00MWI1LWE4YWYtZDA5OWRmOWYwZTFlXkEyXkFqcGc@._V1_SX300.jpg
3811,https://m.media-amazon.com/images/M/MV5BOGI3MDEyNWUtMTVhNC00MmY2LTgyZGQtZDY2NDNhMmI0YWU2XkEyXkFqcGc@._V1_SX300.jpg
3812,https://m.media-amazon.com/images/M/MV5BNjVjYTkwZTktMDc1NS00ZGJjLTg2ODctY2FlZTE1ZjY1YTJlXkEyXkFqcGc@._V1_SX300.jpg
3813,https://m.media-amazon.com/images/M/MV5BYmQ1NTllMDItOWE4Ny00OWNiLTg1YTMtMmNhOWZhOWUwMDljXkEyXkFqcGc@._V1_SX300.jpg
3814,https://m.media-amazon.com/images/M/MV5BNGY4ODgwYjctNGQ1NS00MzgxLWE2ZmQtMjdjN2IzNGUwY2I3XkEyXkFqcGc@._V1_SX300.jpg
3816,https://m.media-amazon.com/images/M/MV5BNTY1NGQ0MzYtOWYwYS00YTU1LTk2MmYtMjc0NjVjYzVhNDZjXkEyXkFqcGc@._V1_SX300.jpg
3819,https://m.media-amazon.com/images/M/MV5BNDBiM2U5ODItZGExOS00OWYwLTliNGEtODhlMjg1NzY3MmM5XkEyXkFqcGc@._V1_SX300.jpg
3821,https://m.media-amazon.com/images/M/MV5BODkxZWVjZDEtZjk2Zi00YWEwLTgwNmYtNjgyODY4NjU2YjM3XkEyXkFqcGc@._V1_SX300.jpg
3822,https://m.media-amazon.com/images/M/MV5BNTYxMzU5NmQtN2IwMS00NTUzLWJmNzUtM2YzM2ZmNjE4YmU0XkEyXkFqcGc@._V1_SX300.jpg
3823,https://m.media-amazon.com/images/M/MV5BMGE2NGI1YjQtMzNlMy00ZjhjLTkzZmYtODRhMzJiYjc0MTUyXkEyXkFqcGdeQXVyNDI4ODM5MDM@._V1_SX300.jpg
3824,https://m.media-amazon.com/images/M/MV5BODIzZmQzMTItZGY1YS00MmU4LWE5ZjgtNmFlMjQyMGZiY2FhXkEyXkFqcGc@._V1_SX300.jpg
3825,https://m.media-amazon.com/images/M/MV5BYmM2NDA1ZDQtYTRjNi00NGIwLWJhZmMtM2Q3YjFmZGFjNjZhXkEyXkFqcGc@._V1_SX300.jpg
3826,https://m.media-amazon.com/images/M/MV5BOWQ2OTk4YTMtNmM1Mi00YjczLWExMTktOWM1ODIyMzJmODMzXkEyXkFqcGc@._V1_SX300.jpg
3827,https://m.media-amazon.com/images/M/MV5BMTk4NzAwOTkwMF5BMl5BanBnXkFtZTYwMDM3MTM3._V1_SX300.jpg
3830,https://m.media-amazon.com/images/M/MV5BOGU0NmFjM2UtMWM4MS00YThmLWIwOGItZGRiN2QwNjRmYzI5XkEyXkFqcGc@._V1_SX300.jpg
3831,https://m.media-amazon.com/images/M/MV5BMDI5NzdjYzktYWZhNy00ZjgzLTk3MDUtZDUzMjI3Njc5OTE4XkEyXkFqcGc@._V1_SX300.jpg
3832,https://m.media-amazon.com/images/M/MV5BNGQyNDI5MDMtNWEwMC00Mzk4LThlYWItNzUzNjBjZTI5NjE2XkEyXkFqcGc@._V1_SX300.jpg
3833,https://m.media-amazon.com/images/M/MV5BNWQ4MzE2OGQtZDg5OS00NTQzLTg5NTMtZjU5ZGUxMTlhZDk0XkEyXkFqcGc@._V1_SX300.jpg
3834,https://m.media-amazon.com/images/M/MV5BOWUwMTA0MzEtYmQwOS00MTgyLThjNWQtNzg4NmViYzE2N2ViXkEyXkFqcGc@._V1_SX300.jpg
3835,https://m.media-amazon.com/images/M/MV5BZjZiNWZmZDUtMmNkMy00NTJkLTgyZjEtYWJmYTEzNDk2MjEwXkEyXkFqcGc@._V1_SX300.jpg
3836,https://m.media-amazon.com/images/M/MV5BMmFiZTI0NzktYWQ2Zi00MjAzLThiYWQtYWU1YzQxNTliMWE2XkEyXkFqcGc@._V1_SX300.jpg
3837,https://m.media-amazon.com/images/M/MV5BMWIxM2U2ZWMtNjU4OC00Mzc3LWI2MjYtNTc5OWE4YmJlOWUzXkEyXkFqcGc@._V1_SX300.jpg
3838,https://m.media-amazon.com/images/M/MV5BOTYzYmI4YTgtZmVjMC00OGZkLTgxNzUtYjQwZWI0YzE0NjA4XkEyXkFqcGc@._V1_SX300.jpg
3839,https://m.media-amazon.com/images/M/MV5BZjVkYWVjMDYtMzM5My00YmE0LTkxOTUtODI4NDdkNzgwMGFjXkEyXkFqcGc@._V1_SX300.jpg
3840,https://m.media-amazon.com/images/M/MV5BMDM3MTZkYzEtNmE3ZS00MDllLTgyZjktNDkxNmVmY2FmYmFlXkEyXkFqcGc@._V1_SX300.jpg
3841,https://m.media-amazon.com/images/M/MV5BYzk4OWRmMzItODMxYi00NTIzLTk1NTAtMzUzMzUyYTJkMTM1XkEyXkFqcGc@._V1_SX300.jpg
3843,https://m.media-amazon.com/images/M/MV5BN2IyOWU4MGUtZjEyNC00ODNjLTg3OGMtZmNlM2ZlZDYzOWJjXkEyXkFqcGc@._V1_SX300.jpg
3844,https://m.media-amazon.com/images/M/MV5BMjE4MTYyOWYtYjBjNy00NjBiLThhYWEtNzQ2MmE4MzY4ZGI2XkEyXkFqcGc@._V1_SX300.jpg
3845,https://m.media-amazon.com/images/M/MV5BMzg1NzgzNDUwOV5BMl5BanBnXkFtZTgwNDgwODgxNDE@._V1_SX300.jpg
3846,https://m.media-amazon.com/images/M/MV5BMGQxNjZhNjUtMWY4Mi00YmUyLWJiMmEtYmY5NmY2MDk2MTZkXkEyXkFqcGc@._V1_SX300.jpg
3847,https://m.media-amazon.com/images/M/MV5BYzM3NGE5ZWEtNmM1MS00YTc5LTg0OWEtNjIzMWMzNmRjNTc5XkEyXkFqcGc@._V1_SX300.jpg
3849,https://m.media-amazon.com/images/M/MV5BYjJkZTk3ZmYtZjE3MC00MDA2LTlkMGMtMzMzYjIwOGRhMThjXkEyXkFqcGc@._V1_SX300.jpg
3851,https://m.media-amazon.com/images/M/MV5BMTQ4MDIxMzUzOV5BMl5BanBnXkFtZTcwOTk4NjIyMQ@@._V1_SX300.jpg
3852,https://m.media-amazon.com/images/M/MV5BZDg5MWJkODYtYTVmYi00MGFiLThkYTgtNDM1ZjM3NWI4OWExXkEyXkFqcGc@._V1_SX300.jpg
3855,https://m.media-amazon.com/images/M/MV5BOGNhN2VlOTEtYTk4NS00YWQ2LWJmM2EtMWExNDg1Y2ZmNTQ5XkEyXkFqcGc@._V1_SX300.jpg
3857,https://m.media-amazon.com/images/M/MV5BYzA1ZDVlZTAtZTgzNS00ZjM4LThmOTEtMWY1ZDRjNWJjYWZlXkEyXkFqcGc@._V1_SX300.jpg
3858,https://m.media-amazon.com/images/M/MV5BMjdkNjlhOTQtNGU5Yy00NDJjLThlZWEtNzIwNzE0NDczY2VkXkEyXkFqcGc@._V1_SX300.jpg
3859,https://m.media-amazon.com/images/M/MV5BNzIxNzAwYjktZDJhMy00NGI1LTk1NjMtMzM2MTQxMGFiODI5XkEyXkFqcGc@._V1_SX300.jpg
3861,https://m.media-amazon.com/images/M/MV5BMmE2ZWY5ZTUtMDAzOC00OWE3LWFlYmQtYmY2OGNiMTQyNjY1XkEyXkFqcGc@._V1_SX300.jpg
3862,https://m.media-amazon.com/images/M/MV5BZjU1ZTE1MjgtNTg2Ni00OWQ5LWJjYzEtNjU1N2I4Mjk5Njg2XkEyXkFqcGc@._V1_SX300.jpg
3863,https://m.media-amazon.com/images/M/MV5BOWMyN2RjZTgtOGFlMi00ZWIyLWFlNzktM2U1OTkxNWU0NzBhXkEyXkFqcGc@._V1_SX300.jpg
3864,https://m.media-amazon.com/images/M/MV5BMzJkMzgyMDItYzYwOC00YTcyLWI0NGMtY2JmNzk1M2ViYzBmXkEyXkFqcGc@._V1_SX300.jpg
3865,https://m.media-amazon.com/images/M/MV5BOWQxY2Q5YzEtZDA5ZS00MWM1LThmYzEtYjQ0ZDhkOWUyZTVhXkEyXkFqcGc@._V1_SX300.jpg
3868,https://m.media-amazon.com/images/M/MV5BZTI5N2I1MjAtNTc0Yy00ZDIyLThkZTctMGQ5NTBhNjIwMWQ0XkEyXkFqcGc@._V1_SX300.jpg
3869,https://m.media-amazon.com/images/M/MV5BNjcyNmNkMTItNzkzMi00NmY5LTg5MzQtMjg2YzRmOTY0ZmQ2XkEyXkFqcGc@._V1_SX300.jpg
3870,https://m.media-amazon.com/images/M/MV5BMGM1OWMxNzMtMzYwMC00MzhlLTgyMTktN2ZlZWU4NzQzYTc3XkEyXkFqcGc@._V1_SX300.jpg
3871,https://m.media-amazon.com/images/M/MV5BZjBmZDhjMTktZGRmMC00N2EzLTkwZjctZjc4Y2Y5ODk1YWRkXkEyXkFqcGc@._V1_SX300.jpg
3872,https://m.media-amazon.com/images/M/MV5BOWQ5MDE3YmYtMDg4Yy00MDdjLTllY2ItMDYyNDE1MTI3ZjQ1XkEyXkFqcGc@._V1_SX300.jpg
3873,https://m.media-amazon.com/images/M/MV5BODAwMmVmMDAtZjdjNy00YmFiLThmN2EtMTQ3OWZmMjQzMGI2XkEyXkFqcGc@._V1_SX300.jpg
3877,https://m.media-amazon.com/images/M/MV5BODQzZTdjMmYtOWFiYS00NWRlLWI5NTYtZTExNGYyMTFmZTUzXkEyXkFqcGc@._V1_SX300.jpg
3879,https://m.media-amazon.com/images/M/MV5BNGM3NjZiNWMtMDVlZi00NTNjLThjN2YtZjI1Nzk3ZDNlNTk1XkEyXkFqcGc@._V1_SX300.jpg
3882,https://m.media-amazon.com/images/M/MV5BYjNhNmI3YjUtOTY4NS00YmI0LWFhNGQtNzU2YmI5MjBlZTg5XkEyXkFqcGc@._V1_SX300.jpg
3884,https://m.media-amazon.com/images/M/MV5BOWIxYWExZGQtMjA1Mi00ZWMxLWFlMTItMTVmOGE0NmUyNTA5XkEyXkFqcGc@._V1_SX300.jpg
3888,https://m.media-amazon.com/images/M/MV5BNjQ2NjA0NjczNl5BMl5BanBnXkFtZTgwNjQ1NDgwMzE@._V1_SX300.jpg
3889,https://m.media-amazon.com/images/M/MV5BMTY5OTE0NjMtYzMwNC00YTViLWE3ZjAtYzQxMDM2Mjc3NjBlXkEyXkFqcGc@._V1_SX300.jpg
3893,https://m.media-amazon.com/images/M/MV5BNmUwNWEwODEtOGYwNi00YzE4LTk3NjMtMGFjZDliMTliNmM4XkEyXkFqcGc@._V1_SX300.jpg
3894,https://m.media-amazon.com/images/M/MV5BNzRiNTQwMjYtYzI0ZS00NzQ5LWJjZGUtMDQ0YWZkZDBmNzhhXkEyXkFqcGc@._V1_SX300.jpg
3895,https://m.media-amazon.com/images/M/MV5BZDllMTkwMWQtYzE1MC00ZTEyLWE4OGItNGYwZDgzNzIyNjQwXkEyXkFqcGc@._V1_SX300.jpg
3896,https://m.media-amazon.com/images/M/MV5BMTAyNjEyMDEwMzBeQTJeQWpwZ15BbWU4MDczMjY1NDEy._V1_SX300.jpg
3897,https://m.media-amazon.com/images/M/MV5BZGFmNDQzOTItOGZkNS00NjFkLWE4MjQtNmRjMjNlMjg3YzdiXkEyXkFqcGc@._V1_SX300.jpg
3898,https://m.media-amazon.com/images/M/MV5BMTc2NzM2MjY1OV5BMl5BanBnXkFtZTYwMTkyNjc3._V1_SX300.jpg
3899,https://m.media-amazon.com/images/M/MV5BODI1MmVlMzEtMTc3Ni00ZWI1LTg3NGQtOTMxMGNmMTBhNjM5XkEyXkFqcGc@._V1_SX300.jpg
3900,https://m.media-amazon.com/images/M/MV5BNzU0MWMzNDUtMTQ0Ny00NmM5LTliNWQtYmU5MTRjODRkNzU1XkEyXkFqcGc@._V1_SX300.jpg
3901,https://m.media-amazon.com/images/M/MV5BNTI3MDg5MDY0Ml5BMl5BanBnXkFtZTYwMTg1MDE3._V1_SX300.jpg
3906,https://m.media-amazon.com/images/M/MV5BY2QwNzRkYWYtYWNmNS00OWU5LTlhNTAtODk4NjA1YjU1MjVjXkEyXkFqcGc@._V1_SX300.jpg
3908,https://m.media-amazon.com/images/M/MV5BYzMzZWExODEtZDAxMC00NDIzLThlOTItZjhiYWI0MGU2ZTk3XkEyXkFqcGc@._V1_SX300.jpg
3909,https://m.media-amazon.com/images/M/MV5BZDFhMzVkOGEtMDA5Ni00MmQyLTk0MTEtMGQzZGU3OGVkNjViXkEyXkFqcGc@._V1_SX300.jpg
3910,https://m.media-amazon.com/images/M/MV5BMDg3NWFlYWEtZjQ3Ny00Y2ZjLWI3ZWYtN2ZmMDA4MThkZTg2XkEyXkFqcGc@._V1_SX300.jpg
3911,https://m.media-amazon.com/images/M/MV5BMTQ5OTc0NDU1MF5BMl5BanBnXkFtZTYwNzk1OTI3._V1_SX300.jpg
3912,https://m.media-amazon.com/images/M/MV5BMTE5OTY1NDgxN15BMl5BanBnXkFtZTYwNDAwMjY3._V1_SX300.jpg
3914,https://m.media-amazon.com/images/M/MV5BN2UxYTIxYTMtZTc2Yi00NDljLWJhMTctZGRmZjgxOWM2YWI5XkEyXkFqcGc@._V1_SX300.jpg
3915,https://m.media-amazon.com/images/M/MV5BNmUwM2UwOTctODhiMy00YjBkLTllNDAtOWI3ZDhiZmM1MTcwXkEyXkFqcGc@._V1_SX300.jpg
3916,https://m.media-amazon.com/images/M/MV5BZWY0NzgxMWQtMjM4NC00MjRiLWE0YjctYTFiNjA2NTNkZGY1XkEyXkFqcGc@._V1_SX300.jpg
3917,https://m.media-amazon.com/images/M/MV5BZGI4MzkzNzQtYjA3MC00ZjE1LWI0NWUtMDdjNWQ3OTgxZTkwXkEyXkFqcGc@._V1_SX300.jpg
3918,https://m.media-amazon.com/images/M/MV5BZDU4NTQ3MjItZjhlNy00NDllLTllMjctYTE2MDI3OTUwNDM5XkEyXkFqcGc@._V1_SX300.jpg
3919,https://m.media-amazon.com/images/M/MV5BMjc0YjE0NDItZGU2MC00OGNiLWI3NGQtMDk5M2ZmZGIwNDJjXkEyXkFqcGc@._V1_SX300.jpg
3920,https://m.media-amazon.com/images/M/MV5BNDUxMjAzYWQtOWFiNS00ZDczLTkyZTMtZThiMGUxYjMwOWI4XkEyXkFqcGc@._V1_SX300.jpg
3922,https://m.media-amazon.com/images/M/MV5BNzhmMTc0N2EtMWUzNS00OTkxLWI3ODEtM2QxOWY4NjljNzcwXkEyXkFqcGdeQXVyMjA0MzYwMDY@._V1_SX300.jpg
3925,https://m.media-amazon.com/images/M/MV5BN2Y2MWY1ZTktYTExOS00M2E0LWI0NDQtMTM2M2E3ODYwYjk4XkEyXkFqcGc@._V1_SX300.jpg
3926,https://m.media-amazon.com/images/M/MV5BZTAxMTUwOTktMjVlZS00YmNkLTgwODAtNmQyN2M1YjM5YzgyXkEyXkFqcGc@._V1_SX300.jpg
3927,https://m.media-amazon.com/images/M/MV5BMzAyYTEwYzctZTI4My00N2IwLWIzZGYtMWQyNWQwOGJiMzhmXkEyXkFqcGc@._V1_SX300.jpg
3928,https://m.media-amazon.com/images/M/MV5BODRlNDNmNGYtYTc2OS00NzQ1LTgwYTEtOWQ1YjMxMmE2MWE4XkEyXkFqcGc@._V1_SX300.jpg
3929,https://m.media-amazon.com/images/M/MV5BZTY4NmJjZjctMzllZS00NGY4LTg0MWEtNjllYjQ0YjU5ODI2XkEyXkFqcGc@._V1_SX300.jpg
3930,https://m.media-amazon.com/images/M/MV5BMjMwMjA5NDkyMl5BMl5BanBnXkFtZTgwMzYyMTY2MTE@._V1_SX300.jpg
3932,https://m.media-amazon.com/images/M/MV5BMjczZWMwYmItMzM1Ny00NTUxLWEwOGUtYzZkODUwMDI3ZjQzXkEyXkFqcGc@._V1_SX300.jpg
3933,https://m.media-amazon.com/images/M/MV5BOTg3ZDkzMWQtMDBhZC00M2VhLTljYWEtMTMwMDcwMjA4ZDVmXkEyXkFqcGc@._V1_SX300.jpg
3937,https://m.media-amazon.com/images/M/MV5BMjkzMWUxNGMtZmRiZi00Mjc0LWI0NjYtYzFmZjg5NTU5MTA5XkEyXkFqcGc@._V1_SX300.jpg
3938,https://m.media-amazon.com/images/M/MV5BOTFiMjE4YWYtM2RiNS00NDgwLWFhZDUtOWZjNjkwNjBkOTRiXkEyXkFqcGc@._V1_SX300.jpg
3939,https://m.media-amazon.com/images/M/MV5BYzkyMWFhNWMtNjc3Ny00NTNiLWI1MTgtNWMwZjkxOWU2OGExXkEyXkFqcGc@._V1_SX300.jpg
3940,https://m.media-amazon.com/images/M/MV5BNGMwNDAxM2UtZWY0OS00MmU3LTliOWItN2YxNDkxY2RkYjMyXkEyXkFqcGc@._V1_SX300.jpg
3941,https://m.media-amazon.com/images/M/MV5BZDQ1ODFjNjMtYTYyZS00ODI5LWI5NzAtMTQ3NmRiYjUzNTRmXkEyXkFqcGc@._V1_SX300.jpg
3942,https://m.media-amazon.com/images/M/MV5BMTQxNTIyMTQxMl5BMl5BanBnXkFtZTgwMjMxNjkwMzE@._V1_SX300.jpg
3943,https://m.media-amazon.com/images/M/MV5BMTI2ODIzMjUyMV5BMl5BanBnXkFtZTYwNzEyMzY3._V1_SX300.jpg
3945,https://m.media-amazon.com/images/M/MV5BMjE2NTAyMjUxMl5BMl5BanBnXkFtZTYwOTAwODQ3._V1_SX300.jpg
3946,https://m.media-amazon.com/images/M/MV5BMTkzMDk3Njg3NF5BMl5BanBnXkFtZTYwNTIzMzU3._V1_SX300.jpg
3947,https://m.media-amazon.com/images/M/MV5BMWJmYTI5NjEtN2U2OS00YzAwLTk0ODItOTlmNjQwYmRkM2QyXkEyXkFqcGc@._V1_SX300.jpg
3948,https://m.media-amazon.com/images/M/MV5BZmE0MGI0OTctOGRlMy00MDdjLTg4M2EtNzFmZWNiNDhjYTgzXkEyXkFqcGc@._V1_SX300.jpg
3949,https://m.media-amazon.com/images/M/MV5BN2ZlMjIzZjctYzA2My00ZWYyLWI4ZjctMGI2NWYyNzFiZjAwXkEyXkFqcGc@._V1_SX300.jpg
3950,https://m.media-amazon.com/images/M/MV5BOTlmZTk5NmYtMTI4ZS00YjU4LTk3YWYtMWQxYjk5MjE0MjdhXkEyXkFqcGc@._V1_SX300.jpg
3951,https://m.media-amazon.com/images/M/MV5BN2JkZjE1NzYtMjVlNy00YzYxLWFiMDMtMWQ3ZDA2YTA2OGUwXkEyXkFqcGdeQXVyMTY5Nzc4MDY@._V1_SX300.jpg
3952,https://m.media-amazon.com/images/M/MV5BNjRmNzAxNGItOTNhNC00ZmIzLTgyYWUtYjFmODQyN2ZjZDVjXkEyXkFqcGc@._V1_SX300.jpg
3953,https://m.media-amazon.com/images/M/MV5BOTcxZTc5MWMtMzY1Ni00YzQ1LWFmNDItNGYzZmM0YWQ3YjY2XkEyXkFqcGc@._V1_SX300.jpg
3955,https://m.media-amazon.com/images/M/MV5BZjA4Y2Y0YmMtODY2NC00ZGVmLWIwMWYtOGNlYTFiYThmN2NiXkEyXkFqcGc@._V1_SX300.jpg
3957,https://m.media-amazon.com/images/M/MV5BOTcwOTQ3NWItZDFjNS00OGZiLWE3NWYtZDcxYzFmYTAzOWRlXkEyXkFqcGc@._V1_SX300.jpg
3958,https://m.media-amazon.com/images/M/MV5BZWEzZWIyZjAtYjZlZi00NjczLTljZWYtZjJmODllYmNlNGU3XkEyXkFqcGc@._V1_SX300.jpg
3959,https://m.media-amazon.com/images/M/MV5BOGVhNWMxZjktNjhiZS00MzhjLTk5ODUtNjNhYTFkZWUyNDZjXkEyXkFqcGc@._V1_SX300.jpg
3962,https://m.media-amazon.com/images/M/MV5BNzM3OGZiYzQtY2NlYi00ZTljLTljNTEtYTEwNTkxZWRiNGZiXkEyXkFqcGc@._V1_SX300.jpg
3963,https://m.media-amazon.com/images/M/MV5BYmVkYzUzNTEtMDNhNC00MjQxLTliYWQtODYyYzNjNzg2OGMyXkEyXkFqcGc@._V1_SX300.jpg
3964,https://m.media-amazon.com/images/M/MV5BZDRkODhiMTMtZDg0ZC00ZTFhLTk2MDAtMWI3ZjcxMmY1OTllXkEyXkFqcGc@._V1_SX300.jpg
3965,https://m.media-amazon.com/images/M/MV5BNjIyMjViMGMtMjk1Ny00M2FjLWE5ZjEtNGI1YTE0NWM0ZGFhXkEyXkFqcGc@._V1_SX300.jpg
3966,https://m.media-amazon.com/images/M/MV5BMGQyMWJmZTQtMzYwZC00ZjA1LThmMDQtYzU0OTUwZWFiYzk1XkEyXkFqcGc@._V1_SX300.jpg
3967,https://m.media-amazon.com/images/M/MV5BZThiYjczMmItNjBhZC00NzcwLTkyZjUtZGRiM2FiOGRiNDQ0XkEyXkFqcGc@._V1_SX300.jpg
3968,https://m.media-amazon.com/images/M/MV5BZGU5ZmZjNDUtYzBiZS00NWVlLTgwMjAtM2M2OGFmM2M4MmRkXkEyXkFqcGc@._V1_SX300.jpg
3969,https://m.media-amazon.com/images/M/MV5BNjI3ODI5NDEwMl5BMl5BanBnXkFtZTYwNDYyMjU3._V1_SX300.jpg
3971,https://m.media-amazon.com/images/M/MV5BODcwYWMxNWEtYzdhOS00YzYyLWI5MjUtMjQwYTJmYjQ5MWM5XkEyXkFqcGc@._V1_SX300.jpg
3972,https://m.media-amazon.com/images/M/MV5BNzBlMGZlZTctODdmYi00N2ZkLThkYjItZDdiNTQzNWIxMjAzXkEyXkFqcGc@._V1_SX300.jpg
3973,https://m.media-amazon.com/images/M/MV5BNDI1NWIyZGQtZjM1NC00N2I1LWFmYjItZDliZjhmYjM4YTgxXkEyXkFqcGc@._V1_SX300.jpg
3974,https://m.media-amazon.com/images/M/MV5BOTU4NDQ3NzY1NV5BMl5BanBnXkFtZTYwMTQ3NTk2._V1_SX300.jpg
3977,https://m.media-amazon.com/images/M/MV5BYTkyYjRiZGMtYzA0Mi00N2IyLThhZDAtYWU1OWNhNjIxNzY5XkEyXkFqcGc@._V1_SX300.jpg
3978,https://m.media-amazon.com/images/M/MV5BMTczMGVhYjgtM2MxNy00NmU0LWIxNjctZWU2ODg1M2U3ODcyXkEyXkFqcGc@._V1_SX300.jpg
3979,https://m.media-amazon.com/images/M/MV5BMTQ4MTk3Mzk5NV5BMl5BanBnXkFtZTYwMTQ3NzI3._V1_SX300.jpg
3980,https://m.media-amazon.com/images/M/MV5BMDY2YzVjZDgtOTMxZi00ZDIzLWI0YjYtZDUxMTNhZWUyMTJjXkEyXkFqcGc@._V1_SX300.jpg
3981,https://m.media-amazon.com/images/M/MV5BMTY2MzE0MjAwOF5BMl5BanBnXkFtZTYwNDM4Mzg2._V1_SX300.jpg
3983,https://m.media-amazon.com/images/M/MV5BYzQ3Zjg4Y2YtOGQzMi00MTFjLTlkZjQtMDBmYWYwMjk3M2U0XkEyXkFqcGc@._V1_SX300.jpg
3984,https://m.media-amazon.com/images/M/MV5BMTEwMTdmOWQtNjA0NS00NTBmLTkxMjAtYWI0YjVlZTQ0NmMzXkEyXkFqcGc@._V1_SX300.jpg
3985,https://m.media-amazon.com/images/M/MV5BNTE0MjMwMTEtYzZjOS00OWJiLTliNTItMjhhYmJhYjAxYzM5XkEyXkFqcGc@._V1_SX300.jpg
3986,https://m.media-amazon.com/images/M/MV5BZTA1MzE5MDMtNDcxOC00NTE5LWFkY2EtNWMyYTI1NDQyODIzXkEyXkFqcGc@._V1_SX300.jpg
3987,https://m.media-amazon.com/images/M/MV5BYTMxNTQyY2EtZTNkZi00OWFkLTk5ODctMmYxMmEyYzhlYzM5XkEyXkFqcGc@._V1_SX300.jpg
3988,https://m.media-amazon.com/images/M/MV5BNDAwMjFhYTEtNzYyMS00YmY2LTg3MGEtZTRkNWNiMDI4MDRkXkEyXkFqcGc@._V1_SX300.jpg
3989,https://m.media-amazon.com/images/M/MV5BYzUwYzQ1MTUtN2VlNy00ZmI4LWI4YjUtZGViYzEyMWQ1ZGI3XkEyXkFqcGc@._V1_SX300.jpg
3990,https://m.media-amazon.com/images/M/MV5BOTMyMTViYWQtZTdlOS00OWI5LWFmYWItZWRjODZlMWFkNGI0XkEyXkFqcGc@._V1_SX300.jpg
3991,https://m.media-amazon.com/images/M/MV5BYWUzNmIyMDctZDhjYi00ZDdhLTk4ZTAtMWI2MTcxZTNkMTc4XkEyXkFqcGc@._V1_SX300.jpg
3992,https://m.media-amazon.com/images/M/MV5BYjA4MTEyY2YtYjgxYi00ZDkzLTkyZGQtZmRkOGI4M2ZhM2EzXkEyXkFqcGc@._V1_SX300.jpg
3993,https://m.media-amazon.com/images/M/MV5BOTFiMGQxOWItZDMxOS00NjU1LWEwZTEtMzQ1ZDA4N2U3NjY1XkEyXkFqcGc@._V1_SX300.jpg
3994,https://m.media-amazon.com/images/M/MV5BZWNmMGYwMDQtNGIxMS00MzMzLTlhNmItYzllN2M2M2EwMTZmXkEyXkFqcGc@._V1_SX300.jpg
3996,https://m.media-amazon.com/images/M/MV5BMzRmMTU2OWEtZjI0Ni00MGRhLThjOTItZTJiNmM4MDk0ZWU2XkEyXkFqcGc@._V1_SX300.jpg
3997,https://m.media-amazon.com/images/M/MV5BMTUxMDc3OTQyOV5BMl5BanBnXkFtZTYwMzk5OTc3._V1_SX300.jpg
3998,https://m.media-amazon.com/images/M/MV5BMTMyODkwNzM3OV5BMl5BanBnXkFtZTYwMTc5Nzc5._V1_SX300.jpg
3999,https://m.media-amazon.com/images/M/MV5BMTIzODIxNjY4NF5BMl5BanBnXkFtZTYwMjE2NDg2._V1_SX300.jpg
4000,https://m.media-amazon.com/images/M/MV5BOTEzY2U0YmMtMzUzNC00OTVkLWIyZTYtMDBjMTYzZWFkOWQwXkEyXkFqcGc@._V1_SX300.jpg
4002,https://m.media-amazon.com/images/M/MV5BOWJhY2Y1Y2YtNjA0NC00ZjNkLTg2NWMtMjhhY2JiZDJhYTdmXkEyXkFqcGc@._V1_SX300.jpg
4003,https://m.media-amazon.com/images/M/MV5BY2I1NjhiZTMtZGFmMS00YTg0LWE3ZjMtYzk3ZDcxODkzNjZlXkEyXkFqcGc@._V1_SX300.jpg
4005,https://m.media-amazon.com/images/M/MV5BNzU3NjJlZDItY2EzOC00NWU2LThiZjUtMTUzNjdiYmZlYWE0XkEyXkFqcGc@._V1_SX300.jpg
4006,https://m.media-amazon.com/images/M/MV5BZDg0MjY5NjUtNTEyMy00Y2NjLWI2YzQtYTkyMDU1NDhiODFjXkEyXkFqcGc@._V1_SX300.jpg
4007,https://m.media-amazon.com/images/M/MV5BMWQ4NDY4NTktYjE5NS00MWQ5LWFmZTUtNjk5NjA4Mzc3ODNhXkEyXkFqcGc@._V1_SX300.jpg
4008,https://m.media-amazon.com/images/M/MV5BMTgwNDk5NTA0NF5BMl5BanBnXkFtZTgwMTkyMDUxMDE@._V1_SX300.jpg
4009,https://m.media-amazon.com/images/M/MV5BZGVjYzZjYWEtYzVkOS00ZWM0LWEwZWYtMGI3OTQ4YWVlMTU0XkEyXkFqcGc@._V1_SX300.jpg
4010,https://m.media-amazon.com/images/M/MV5BYzE5MTRjYWItZDc5OC00MWQ5LWI5ZGUtZGRkMDk0NTg2ZjNlXkEyXkFqcGc@._V1_SX300.jpg
4011,https://m.media-amazon.com/images/M/MV5BYzk5NjJkMTQtN2IyNC00YWM5LTlhZmMtNGI3MWNhMTU1YTc4XkEyXkFqcGc@._V1_SX300.jpg
4012,https://m.media-amazon.com/images/M/MV5BNzA3YjYwM2MtMzAzMS00OTFmLTg0YzMtOTY0ZDY3NGM0M2JjXkEyXkFqcGc@._V1_SX300.jpg
4014,https://m.media-amazon.com/images/M/MV5BNGIwYzczYWItZmI5Yi00M2JiLTg4M2EtNzFhNjUzZTRjNmRhXkEyXkFqcGc@._V1_SX300.jpg
4015,https://m.media-amazon.com/images/M/MV5BNmE3NmUxNjUtYzIzMS00MmEzLWJjNjUtNmQ5OTcxMDJkMGNiXkEyXkFqcGc@._V1_SX300.jpg
4016,https://m.media-amazon.com/images/M/MV5BMjM2MWU5ZDEtNDZlZC00ZmQ2LThiOTEtMmZkMzAxMmI5MGIyXkEyXkFqcGc@._V1_SX300.jpg
4017,https://m.media-amazon.com/images/M/MV5BZTYzOGRiNTItNWNjYi00MjQ4LTgzMWEtMGMwYWM3YjA3YTRjXkEyXkFqcGc@._V1_SX300.jpg
4018,https://m.media-amazon.com/images/M/MV5BZjA3ZDkzNGEtZmU1OS00YzNiLWJiMzItNTk0ZTZhOWM5ZTUxXkEyXkFqcGc@._V1_SX300.jpg
4019,https://m.media-amazon.com/images/M/MV5BMTk5MjQ4MjcyOF5BMl5BanBnXkFtZTYwNTMzODg2._V1_SX300.jpg
4020,https://m.media-amazon.com/images/M/MV5BNDlhOWFhNTctMTNiYS00NjEwLWJjNDQtMmEyOWZhZTA0YjgyXkEyXkFqcGc@._V1_SX300.jpg
4021,https://m.media-amazon.com/images/M/MV5BMTI2ODRiYjEtY2JkMC00ZDM0LWIzYzQtNzllNzEzYjkwZTM5XkEyXkFqcGc@._V1_SX300.jpg
4022,https://m.media-amazon.com/images/M/MV5BOGNjNDI5ZGQtZjRjMy00NzQyLWFiYzQtYjcwNjM3ZDYwNThhXkEyXkFqcGc@._V1_SX300.jpg
4023,https://m.media-amazon.com/images/M/MV5BN2I4ODE3YzQtMzZhMy00YjhlLWE1MmMtYTA0MjkxNTJmMTZlXkEyXkFqcGc@._V1_SX300.jpg
4024,https://m.media-amazon.com/images/M/MV5BODZhNzQyMDUtOTg0ZC00NWRhLWI1M2YtZTIyODVlNTUyMjhiXkEyXkFqcGc@._V1_SX300.jpg
4025,https://m.media-amazon.com/images/M/MV5BZjMzOWU2MGQtM2Y2Mi00YzgwLTllOGYtNzJlNmU2OTM1MmJjXkEyXkFqcGc@._V1_SX300.jpg
4027,https://m.media-amazon.com/images/M/MV5BMDhmMzZkYzctOTQ4MS00NWEzLWI1YzMtNTllZDhkYjgwOWQ0XkEyXkFqcGc@._V1_SX300.jpg
4029,https://m.media-amazon.com/images/M/MV5BMDZlODVmNTItNjJmYS00MWIxLWJkMGYtN2Y3YzAzMjM3ZDM3XkEyXkFqcGc@._V1_SX300.jpg
4030,https://m.media-amazon.com/images/M/MV5BYmY1YjVjNDctZDc3NC00YmM0LWE2ZGItZjE1ODk0ZWNiY2E5XkEyXkFqcGc@._V1_SX300.jpg
4031,https://m.media-amazon.com/images/M/MV5BMWM2ZWVjMWUtODQzMy00MmEzLThjZDItMjUwMjgyNTAyYTYyXkEyXkFqcGc@._V1_SX300.jpg
4032,https://m.media-amazon.com/images/M/MV5BZjE3NDhkZmItMDYxOC00YjJkLWE2NDctZjRlZWRlYjhkMTA1XkEyXkFqcGc@._V1_SX300.jpg
4033,https://m.media-amazon.com/images/M/MV5BMzBlY2E0MDctZmMwYS00ZThkLTg2ZTEtMDgyZmI5NGIzODk0XkEyXkFqcGc@._V1_SX300.jpg
4034,https://m.media-amazon.com/images/M/MV5BOWM3OWEzZGMtNThmZS00ZGFmLTk4ZDctMGQ4NmRhZGM4ZjUxXkEyXkFqcGc@._V1_SX300.jpg
4035,https://m.media-amazon.com/images/M/MV5BNDViNjQxNzItMTBjNC00NjdjLWI3NTMtOTM0ZGU4MzFjNzY1XkEyXkFqcGc@._V1_SX300.jpg
4036,https://m.media-amazon.com/images/M/MV5BODcwOWM4MDEtMTMxMS00Zjg0LWJiNmYtYzE5MDFlMWEyYTdhXkEyXkFqcGc@._V1_SX300.jpg
4037,https://m.media-amazon.com/images/M/MV5BMjBhODMyNmUtNTNhMS00OTU1LWFlOTgtZjU1YjkzNDI1MWU5XkEyXkFqcGc@._V1_SX300.jpg
4039,https://m.media-amazon.com/images/M/MV5BZjQzOGJkNTAtYzY3NS00ZjViLWI4OTMtZTdkNzRjYWRmOTUwXkEyXkFqcGc@._V1_SX300.jpg
4040,https://m.media-amazon.com/images/M/MV5BNWQ1YjVjMWMtYmIwNi00ZDkxLTg1NzYtN2JjODM2YjhmZGU4XkEyXkFqcGc@._V1_SX300.jpg
4041,https://m.media-amazon.com/images/M/MV5BZjhiOWY0N2MtODhmYi00YjZiLWJlYWQtZTc5NzkwYzZhYWU5XkEyXkFqcGc@._V1_SX300.jpg
4042,https://m.media-amazon.com/images/M/MV5BN2IwMDcwZGYtNDRhMy00MTJlLWEwMWItMWQ4MTBhZTU5MWQ2XkEyXkFqcGc@._V1_SX300.jpg
4043,https://m.media-amazon.com/images/M/MV5BMjdkYWE2YzYtMzZiZi00MzlmLWE2MDctMTVlNTZjYTE5MmJiXkEyXkFqcGc@._V1_SX300.jpg
4046,https://m.media-amazon.com/images/M/MV5BMDVjMzk4MDEtOTFhNi00MGVkLTkzMGUtODQzMTMxYTM0NzYxXkEyXkFqcGc@._V1_SX300.jpg
4047,https://m.media-amazon.com/images/M/MV5BYzFjZjFkMjgtNzE3Mi00NDllLTk5OWUtNzg2ZjYxMGYwYjQ1XkEyXkFqcGc@._V1_SX300.jpg
4051,
4052,https://m.media-amazon.com/images/M/MV5BNjdkY2NjNTYtZmQ3OC00ZWE2LTk3Y2UtM2M1ODFhOGEzZjE0XkEyXkFqcGc@._V1_SX300.jpg
4053,https://m.media-amazon.com/images/M/MV5BOGNkMDU4ZTMtZmQ3NS00ZTdlLWEzOWUtOWJiY2FiNWNhMmE1XkEyXkFqcGc@._V1_SX300.jpg
4054,https://m.media-amazon.com/images/M/MV5BMTY1ZjVmNTUtZTdmMC00MDdhLThkMGQtZjM3MTAxZWI3M2ViXkEyXkFqcGc@._V1_SX300.jpg
4055,https://m.media-amazon.com/images/M/MV5BYjU3MDIyYzgtNDYwNS00OWEzLWIxZjctNDBmNDA3NDg5ZWY0XkEyXkFqcGc@._V1_SX300.jpg
4056,https://m.media-amazon.com/images/M/MV5BNzU3NDA5ZjItZmQxMi00ODY2LThmNjctYjU1MTE4OGZhYjlhXkEyXkFqcGc@._V1_SX300.jpg
4061,https://m.media-amazon.com/images/M/MV5BOTkwYmMxMzctNGQ1Yi00ZDk0LWI4OGMtNmJmNTg0YzZmZDdiXkEyXkFqcGc@._V1_SX300.jpg
4062,https://m.media-amazon.com/images/M/MV5BMTU1NDk1MTkzMF5BMl5BanBnXkFtZTcwMzY0MDQ1NA@@._V1_SX300.jpg
4063,https://m.media-amazon.com/images/M/MV5BZDIzOTk0YTctODNiYy00OTcxLTgzNjItMzc0NTRkOGIxMjcyXkEyXkFqcGc@._V1_SX300.jpg
4064,https://m.media-amazon.com/images/M/MV5BYmUzOWM0MjAtODM3Ny00NjIxLWI0MzYtOGRhYTQ0NGM0YzNiXkEyXkFqcGc@._V1_SX300.jpg
4065,https://m.media-amazon.com/images/M/MV5BMjI2NTY1NTE3N15BMl5BanBnXkFtZTcwNTQyMDgzNA@@._V1_SX300.jpg
4066,https://m.media-amazon.com/images/M/MV5BMTk0Mjc1MDY0NF5BMl5BanBnXkFtZTcwNzk3MTI0NA@@._V1_SX300.jpg
4067,https://m.media-amazon.com/images/M/MV5BMzA1ZjJhNTYtZjAxYi00MjQzLWEzOWItNTVkNzBlOGI1YjhmXkEyXkFqcGc@._V1_SX300.jpg
4068,https://m.media-amazon.com/images/M/MV5BMTc4MTg3ZmUtNmQ4Ny00MjcyLThkMDEtZGI2OTc4Y2EwOTc2XkEyXkFqcGc@._V1_SX300.jpg
4069,https://m.media-amazon.com/images/M/MV5BNjMyMTZkNGYtZDdkZi00OTVjLWI1MDAtYWI1ODViMmEzOGM1XkEyXkFqcGc@._V1_SX300.jpg
4074,https://m.media-amazon.com/images/M/MV5BODRmNjE2N2EtOTFhMy00OTg0LTgxZGUtOGE3YzQwOWY2OTE1XkEyXkFqcGc@._V1_SX300.jpg
4077,https://m.media-amazon.com/images/M/MV5BMTgxMTE4MTYzNl5BMl5BanBnXkFtZTYwNTE4OTI5._V1_SX300.jpg
4078,https://m.media-amazon.com/images/M/MV5BN2IyMGExZDgtYTM4NS00N2NhLWFjMTQtMmZiZWYzMWI5MGNiXkEyXkFqcGc@._V1_SX300.jpg
4079,https://m.media-amazon.com/images/M/MV5BNmY3ZDJmMTgtNzMyOS00Y2IwLTliODktYzk4YjYxYTE3ODc5XkEyXkFqcGc@._V1_SX300.jpg
4080,https://m.media-amazon.com/images/M/MV5BMTY4NDY2ODMzOV5BMl5BanBnXkFtZTcwMjQ0MTcyNA@@._V1_SX300.jpg
4081,https://m.media-amazon.com/images/M/MV5BNzFjZTNiYTUtMWEwZS00NWJkLTg3YmEtZjZkYWI3M2NhZThmXkEyXkFqcGc@._V1_SX300.jpg
4082,https://m.media-amazon.com/images/M/MV5BN2Y0ZmFhZjctOWVkMS00MzA4LTkwOWQtODIwN2ExYzg4MGU4XkEyXkFqcGc@._V1_SX300.jpg
4083,https://m.media-amazon.com/images/M/MV5BMzZiNzU5MDktNWMxMi00ZjQzLWEzNDUtZTNhMmMxNTgxZmVmXkEyXkFqcGc@._V1_SX300.jpg
4084,https://m.media-amazon.com/images/M/MV5BYTU2ZGU3YzAtYjc1MS00ZTFmLWFhM2ItZWQxMjY1ZmM3ZDk2XkEyXkFqcGc@._V1_SX300.jpg
4085,https://m.media-amazon.com/images/M/MV5BNjU4OGM2MzctNGU3ZC00M2EzLThiN2ItOTlmN2FjODM0MzFhXkEyXkFqcGc@._V1_SX300.jpg
4086,https://m.media-amazon.com/images/M/MV5BNmQ0ZjRmYjEtM2M3MS00ZWFiLWJkZWUtMDhkMjYxNWRkYWM0XkEyXkFqcGc@._V1_SX300.jpg
4089,https://m.media-amazon.com/images/M/MV5BMTJmNjE5ODUtNjBhYS00NTE0LWFiOTgtZjRiNzZkMzJjMTA4XkEyXkFqcGc@._V1_SX300.jpg
4090,https://m.media-amazon.com/images/M/MV5BMmIwZTFlNGUtZTFjYy00YWRhLWI0MTYtYWNkZTdkNDBiOGUxXkEyXkFqcGc@._V1_SX300.jpg
4091,https://m.media-amazon.com/images/M/MV5BN2I5MGEzNGMtNDMzMi00YWI5LTk2YTItM2IyODNiZWM2MDAyXkEyXkFqcGc@._V1_SX300.jpg
4092,https://m.media-amazon.com/images/M/MV5BNWNmMzBmMjctMjAyYi00ZGRhLTg1MzItMmQzMTk2NjNhYmM4XkEyXkFqcGc@._V1_SX300.jpg
4093,https://m.media-amazon.com/images/M/MV5BZTFlNWQ3ZTgtYzE5MS00ODBhLWIwMjctNmVjNzAzMjZlOTc2XkEyXkFqcGc@._V1_SX300.jpg
4102,https://m.media-amazon.com/images/M/MV5BNTAxM2E4MGUtMGMyYS00ZGEyLThjMmQtNjQ1MmQ5ZTEyMzgyXkEyXkFqcGc@._V1_SX300.jpg
4103,https://m.media-amazon.com/images/M/MV5BMWY2NjdkYzEtYWZhZS00YTdhLWJhMGQtZjkxZjZkODQyYWY5XkEyXkFqcGc@._V1_SX300.jpg
4104,https://m.media-amazon.com/images/M/MV5BN2Q3NWE3MWYtMWU4NC00NTE5LTlhNjEtOTRmOGQ3NzcxMTkwXkEyXkFqcGc@._V1_SX300.jpg
4105,https://m.media-amazon.com/images/M/MV5BNWRmZGQyYzgtNjA5OC00NGYzLTlhYWMtNzBhZTFlZGNjYWI2XkEyXkFqcGc@._V1_SX300.jpg
4109,https://m.media-amazon.com/images/M/MV5BYmUyY2I4ZGQtYjRjNS00YWRiLTllMjMtNTVlOTllMTA3YjJmXkEyXkFqcGc@._V1_SX300.jpg
4110,https://m.media-amazon.com/images/M/MV5BNmQ4ZDcwNzUtM2I2NC00MzE0LTgyMjctYzIxOGQ2Y2E3ODE3XkEyXkFqcGc@._V1_SX300.jpg
4111,https://m.media-amazon.com/images/M/MV5BOTk3ZjI1M2QtOGZkNy00Njc4LTlkNjQtZTMxMTAzODFmODUxXkEyXkFqcGc@._V1_SX300.jpg
4113,https://m.media-amazon.com/images/M/MV5BNDNhZTQ5MTAtMzBiYy00ZDM1LWJiMWYtMzJkZmFhMWYyMGU4XkEyXkFqcGc@._V1_SX300.jpg
4115,https://m.media-amazon.com/images/M/MV5BOTlkMmZiZjctODUxYi00MjgwLWE0NDQtMzhlNjk1NDAxMGJjXkEyXkFqcGc@._V1_SX300.jpg
4116,https://m.media-amazon.com/images/M/MV5BMjE1NDQxNTcwNV5BMl5BanBnXkFtZTcwODc2NzE0NA@@._V1_SX300.jpg
4117,https://m.media-amazon.com/images/M/MV5BZDIyMTBjNGEtNDAxMy00ODI4LTgwZWYtMTBjYzFmNTY3ZTdiXkEyXkFqcGc@._V1_SX300.jpg
4121,https://m.media-amazon.com/images/M/MV5BMDgxNzhkNjYtZTdkMy00NWYxLThkNWMtYjhlYTkwYWZjN2NlXkEyXkFqcGc@._V1_SX300.jpg
4123,https://m.media-amazon.com/images/M/MV5BZGE0ZjEzZjgtOWU4Ni00ZmVhLTg5YjAtYzNhZjVjYzkwZjQ4XkEyXkFqcGc@._V1_SX300.jpg
4124,https://m.media-amazon.com/images/M/MV5BZGFiOTU1MTctMTRkMy00ZmVkLTk5YTktODMxZDhlOGQyN2MwXkEyXkFqcGc@._V1_SX300.jpg
4125,https://m.media-amazon.com/images/M/MV5BZDNmZTM4NWQtMWViYy00YmViLWIyNDEtNjk2MmRhYWRlYzFkXkEyXkFqcGc@._V1_SX300.jpg
4126,https://m.media-amazon.com/images/M/MV5BYWYzZGRlMDEtN2JjYS00MWE3LWI4Y2MtYzRiNTFjZjllMjM3XkEyXkFqcGc@._V1_SX300.jpg
4127,https://m.media-amazon.com/images/M/MV5BMWExM2M5MzItODE2Ni00YThmLWJkNDQtMTYyOTcyYjcyZWY5XkEyXkFqcGc@._V1_SX300.jpg
4128,https://m.media-amazon.com/images/M/MV5BMTc4NzljMDQtMWYxMS00ZDIxLTkwY2ItMjZhMzIzNjQ4NDNkXkEyXkFqcGc@._V1_SX300.jpg
4129,https://m.media-amazon.com/images/M/MV5BMWE1MzhhM2ItMzA0OC00ZGM1LThhZjMtZGQ4NzY0Mzg5NTZhXkEyXkFqcGc@._V1_SX300.jpg
4130,https://m.media-amazon.com/images/M/MV5BMmVmMTcxNDEtZWRkZC00NTg0LThjYTktMjdkNzlkZDU2MmNiXkEyXkFqcGc@._V1_SX300.jpg
4131,https://m.media-amazon.com/images/M/MV5BODljN2IyYTctYjRlNi00MDRkLTgxNDItM2YzYTU2ZmY3MjY0XkEyXkFqcGc@._V1_SX300.jpg
4132,https://m.media-amazon.com/images/M/MV5BMTM0ODkyMTIzM15BMl5BanBnXkFtZTcwOTYzNzA2NA@@._V1_SX300.jpg
4133,https://m.media-amazon.com/images/M/MV5BOGM4ZDMxMjMtMmFhYi00OGJhLThiYzktMTVmYTgwNTk4ZDJhXkEyXkFqcGc@._V1_SX300.jpg
4135,https://m.media-amazon.com/images/M/MV5BZmQ5YjJjNzEtOWU0YS00NTdhLWJlYTYtMWYzOTVjMWFjMjczXkEyXkFqcGc@._V1_SX300.jpg
4138,https://m.media-amazon.com/images/M/MV5BNWYzNDlkZjYtZDc1My00ZGNkLThjMDMtM2FmZDE4YTg5OTA2XkEyXkFqcGc@._V1_SX300.jpg
4139,https://m.media-amazon.com/images/M/MV5BYTFlMDkzN2EtZDljMi00NzA2LTg4ZTQtNzdhNDkxOGVmZWI4XkEyXkFqcGc@._V1_SX300.jpg
4141,https://m.media-amazon.com/images/M/MV5BZTVhMGZmNDQtYWZjZi00NmM2LThkNmYtNzBjYjcxZmE2ZjRlXkEyXkFqcGc@._V1_SX300.jpg
4142,https://m.media-amazon.com/images/M/MV5BOGMwNmY0M2UtZjEzNS00ZmU3LWFiMGEtOGMxZjBhMGMxYmUzXkEyXkFqcGc@._V1_SX300.jpg
4143,https://m.media-amazon.com/images/M/MV5BZDBmNGNjYjEtMmYzNy00OTNjLTlmMDUtMDQ0NjJkOGE4MDZmXkEyXkFqcGc@._V1_SX300.jpg
4144,https://m.media-amazon.com/images/M/MV5BN2Q4NjllMDgtOTk2Zi00YzM1LWJmOTMtNmRiZDgyZGJmMjQzXkEyXkFqcGc@._V1_SX300.jpg
4146,https://m.media-amazon.com/images/M/MV5BYzVhM2RjOWMtMzFmMS00MDE0LTg2MTItMzhlNTcwNmQxZjI0XkEyXkFqcGc@._V1_SX300.jpg
4147,https://m.media-amazon.com/images/M/MV5BOGY4ZWE4MDEtMDcyYy00ODJiLTkwYzktNjkwMjExOWM3ZTgwXkEyXkFqcGdeQXVyNjk1Njg5NTA@._V1_SX300.jpg
4148,https://m.media-amazon.com/images/M/MV5BYTk3NGUzOWYtNTU5Yy00ZDNjLTg1YzItZDlmNWRhMmVlZTMxXkEyXkFqcGc@._V1_SX300.jpg
4149,https://m.media-amazon.com/images/M/MV5BOWRhZmE5MDgtYjhiOC00NDUzLWIyZmUtMDUxNzU5NmYzYzE5XkEyXkFqcGc@._V1_SX300.jpg
4152,https://m.media-amazon.com/images/M/MV5BY2Q3NmJlNDEtYWM2Zi00Njg0LWFkMmMtMjM1OTM3OTY1YTFlXkEyXkFqcGc@._V1_SX300.jpg
4153,https://m.media-amazon.com/images/M/MV5BMGRjNjNlYTAtOTg5NS00Mzk4LWI4OWEtNGExNWUyMjk0NzIzXkEyXkFqcGc@._V1_SX300.jpg
4154,https://m.media-amazon.com/images/M/MV5BZGNiZmFiZGUtODA2Mi00YjY0LWI1OTEtNWQ5NTdhZTkwM2Y1XkEyXkFqcGc@._V1_SX300.jpg
4155,https://m.media-amazon.com/images/M/MV5BY2QyYWU1Y2EtZmU2Yi00NzMxLTllODUtYTU2NjM4MWQwYzJiXkEyXkFqcGc@._V1_SX300.jpg
4156,https://m.media-amazon.com/images/M/MV5BYWViMzQ5NmUtYTk2MS00MmIwLTkxYmMtNDhiN2EzZjljMjFlXkEyXkFqcGc@._V1_SX300.jpg
4157,https://m.media-amazon.com/images/M/MV5BZTUyOWNkMDUtNDMwYi00NDg5LWJjNTgtMWU3ZjIxZWM5OGM4XkEyXkFqcGdeQXVyMTY5Nzc4MDY@._V1_SX300.jpg
4158,https://m.media-amazon.com/images/M/MV5BOTRiODVhNjktNzVkOC00OWY3LThhOWEtNjE0Y2I0YWNhMDc3XkEyXkFqcGc@._V1_SX300.jpg
4159,https://m.media-amazon.com/images/M/MV5BMTExMDA0NDAyOTReQTJeQWpwZ15BbWU2MDM4ODg3OQ@@._V1_SX300.jpg
4160,https://m.media-amazon.com/images/M/MV5BMTA1ZGJlOTUtYmQ4NC00ODRjLWIzNjktZmFhZGYyMDE1ZDBmXkEyXkFqcGc@._V1_SX300.jpg
4161,https://m.media-amazon.com/images/M/MV5BY2U5NTExOTYtN2Y1NS00ZGI3LTk2M2UtZmYzMmZmYWFhY2E1XkEyXkFqcGc@._V1_SX300.jpg
4164,https://m.media-amazon.com/images/M/MV5BNDk2YjllMmYtOWNiMS00MzhkLTkxZWQtZGJlOWRhNTk3YTI3XkEyXkFqcGc@._V1_SX300.jpg
4166,https://m.media-amazon.com/images/M/MV5BMDM4ZTVmZTMtY2RlZi00ZjNkLWE1NjUtMjA3YjI1ZWZhNWNjXkEyXkFqcGc@._V1_SX300.jpg
4167,https://m.media-amazon.com/images/M/MV5BOTg5MDc1N2YtYWYxOS00ZGU4LTgyOWUtNjM5ZDkzZjg0YjdlXkEyXkFqcGc@._V1_SX300.jpg
4168,https://m.media-amazon.com/images/M/MV5BODkxOWQ5ZGMtMDBhMi00MGI5LWFlNTktZDhhOTU0MTE5MTQ2XkEyXkFqcGc@._V1_SX300.jpg
4171,https://m.media-amazon.com/images/M/MV5BMjI4MTIzMTc4M15BMl5BanBnXkFtZTgwMjA0OTk1MDE@._V1_SX300.jpg
4174,https://m.media-amazon.com/images/M/MV5BNWM4MTI1ZjktMTYwOC00ZDljLWFkM2YtMGE1YjBmOGVmY2E1XkEyXkFqcGc@._V1_SX300.jpg
4175,https://m.media-amazon.com/images/M/MV5BOWNjMGIxMTctNTRiNy00YjJkLWJlMTYtMGUzMTc1YTAzM2FhXkEyXkFqcGc@._V1_SX300.jpg
4178,https://m.media-amazon.com/images/M/MV5BOTI3YTQ0ZTUtMzIzOC00OGNjLTg2OTEtZGJlMjJlNDIyYzk0XkEyXkFqcGc@._V1_SX300.jpg
4180,https://m.media-amazon.com/images/M/MV5BN2JjNjhlZmQtNjZhYy00MDAyLWI5ODMtMTA3NDkyNDNmZjc1XkEyXkFqcGc@._V1_SX300.jpg
4181,https://m.media-amazon.com/images/M/MV5BMjE1MzFiMGQtNmEwMi00YWExLTk3ZWUtM2UyNTczM2Q3NGJmXkEyXkFqcGc@._V1_SX300.jpg
4184,https://m.media-amazon.com/images/M/MV5BMzY4ZTg3M2UtNGRiNi00NzVkLTkxMzAtYmU3YTBhZDAyZTI0XkEyXkFqcGc@._V1_SX300.jpg
4187,https://m.media-amazon.com/images/M/MV5BMTcxNTU5NzI4MF5BMl5BanBnXkFtZTcwMjc1NDk0NA@@._V1_SX300.jpg
4189,https://m.media-amazon.com/images/M/MV5BMTU4NDQ3Mzg3Ml5BMl5BanBnXkFtZTcwNjg5MTkzNA@@._V1_SX300.jpg
4190,https://m.media-amazon.com/images/M/MV5BMjI3NjIzMDA4NV5BMl5BanBnXkFtZTcwMzg4NTczNA@@._V1_SX300.jpg
4191,https://m.media-amazon.com/images/M/MV5BNjI1NGFmODQtNTUyNS00Yzk5LWE1MmMtOWZhODA3ZTY1YzAxXkEyXkFqcGc@._V1_SX300.jpg
4193,https://m.media-amazon.com/images/M/MV5BMjIyMDE0NzY1M15BMl5BanBnXkFtZTgwOTgzMzgwMzE@._V1_SX300.jpg
4194,https://m.media-amazon.com/images/M/MV5BYmRiZjBjOGYtNjNhNy00YmVjLWFmYTktYzdmNjVkYmViNDU3XkEyXkFqcGc@._V1_SX300.jpg
4195,https://m.media-amazon.com/images/M/MV5BYjIyOTNiMWItNzRkZi00YzY5LTk4ODEtZjFiYTYxZTc2NzkyXkEyXkFqcGc@._V1_SX300.jpg
4197,https://m.media-amazon.com/images/M/MV5BYzVjYzg5OGUtOGI3YS00OGRhLTg3N2ItZDk4M2U0ZDBlYWEwXkEyXkFqcGc@._V1_SX300.jpg
4198,https://m.media-amazon.com/images/M/MV5BMmRlM2JhMmItOGM5OC00MzkwLWFjYmYtZWVkNWZiY2ZkODRiXkEyXkFqcGc@._V1_SX300.jpg
4200,https://m.media-amazon.com/images/M/MV5BMzU1MDI3MjktNWY3Yy00Y2ZlLTliYTktODJjNGU5ODUzMzNmXkEyXkFqcGc@._V1_SX300.jpg
4202,https://m.media-amazon.com/images/M/MV5BOTI1ZjMwYjAtM2E3ZS00ZjMyLWJlMjMtNGRiZDljOGQ4NzZiXkEyXkFqcGc@._V1_SX300.jpg
4203,https://m.media-amazon.com/images/M/MV5BMGU3NzE5M2EtZjA3My00YWI1LWIyZTMtY2UzZTFmNDkyNWJiXkEyXkFqcGc@._V1_SX300.jpg
4204,https://m.media-amazon.com/images/M/MV5BODBmNzMxMWUtZDY5NS00NTRkLWJhYTctNjEwMDg2ZThmYTkyXkEyXkFqcGc@._V1_SX300.jpg
4205,https://m.media-amazon.com/images/M/MV5BZmU1NTk4ZTItMzgwNS00ZjUyLWFiNGItZGYxMDMwYmMyYzYwXkEyXkFqcGc@._V1_SX300.jpg
4207,https://m.media-amazon.com/images/M/MV5BMGZiMWM3YWYtM2E3Mi00YTc5LTg2MjUtMWQxOTkxYThkMTY0XkEyXkFqcGc@._V1_SX300.jpg
4210,https://m.media-amazon.com/images/M/MV5BMTVlMDQ5MmYtYmFhMi00OTE1LThmNTEtZTgyMzg5Njk2OWM2XkEyXkFqcGc@._V1_SX300.jpg
4211,https://m.media-amazon.com/images/M/MV5BODIxMDU3ZWEtNWUyOC00M2NkLThmMTMtZWZkYTRhNjU1NTNlXkEyXkFqcGc@._V1_SX300.jpg
4212,https://m.media-amazon.com/images/M/MV5BYTkzMWViYWMtMWMwNS00MzgwLTgyZTUtNjVkOTE2YjE0MmM5XkEyXkFqcGc@._V1_SX300.jpg
4214,https://m.media-amazon.com/images/M/MV5BODU1NzM4NTA4Nl5BMl5BanBnXkFtZTgwMTkxMzcxMTE@._V1_SX300.jpg
4215,https://m.media-amazon.com/images/M/MV5BZjUxMmUyZWItN2IwMS00YTg4LTkxNGUtMjIwOGU3ZGFhNjdlXkEyXkFqcGc@._V1_SX300.jpg
4217,https://m.media-amazon.com/images/M/MV5BMTk0MjUwNjQyNV5BMl5BanBnXkFtZTcwMjExNzkxMQ@@._V1_SX300.jpg
4218,https://m.media-amazon.com/images/M/MV5BN2NkODRkMDMtYjEyZi00ZGYxLWEzOTktNGNjOWY1ZTNjMDFhXkEyXkFqcGc@._V1_SX300.jpg
4219,https://m.media-amazon.com/images/M/MV5BZTE3ZmU2ZjktYzM0ZC00NmE3LThkMjgtNDU2ODdjNTRhNjY5XkEyXkFqcGc@._V1_SX300.jpg
4220,https://m.media-amazon.com/images/M/MV5BNjRkYjYyOTktZTFhNi00NmQ1LThlNmYtNDdlYjgzOGQzNDJjXkEyXkFqcGc@._V1_SX300.jpg
4221,https://m.media-amazon.com/images/M/MV5BZGM0NDM1NTAtMzEzMS00MDU5LThiNDgtZjAwMmY5MzhlNzhlXkEyXkFqcGc@._V1_SX300.jpg
4223,https://m.media-amazon.com/images/M/MV5BODM5MmQyYjktMzg5Ny00Y2Y1LThlNWQtNjQ5OGMwNmY2YjcyXkEyXkFqcGc@._V1_SX300.jpg
4224,https://m.media-amazon.com/images/M/MV5BZmQ2MjA3Y2UtYmUwMy00MDViLWE2M2MtNWY3NWM1Y2ExYjQyXkEyXkFqcGc@._V1_SX300.jpg
4225,https://m.media-amazon.com/images/M/MV5BMTI1MDc0ODkzN15BMl5BanBnXkFtZTYwNzY5Nzc5._V1_SX300.jpg
4226,https://m.media-amazon.com/images/M/MV5BYmQ3MjliNjAtNWFiZS00YWI1LTlmZTktMzBiNDE1NjRhZjU0XkEyXkFqcGc@._V1_SX300.jpg
4228,https://m.media-amazon.com/images/M/MV5BMTQ2NjE3NjQzOF5BMl5BanBnXkFtZTcwMDIwOTA0NA@@._V1_SX300.jpg
4229,https://m.media-amazon.com/images/M/MV5BNzA2NmZkNWItN2ZmMC00NDQxLTgxNmQtMDI3Y2FkMzU2M2I2XkEyXkFqcGc@._V1_SX300.jpg
4231,https://m.media-amazon.com/images/M/MV5BZGM5MWFmN2ItNDA1Zi00ODliLTgxMzMtNTJiNWYzZDY5ZDljXkEyXkFqcGc@._V1_SX300.jpg
4232,https://m.media-amazon.com/images/M/MV5BZTQyNDA0ZDctZjFkMC00NDA1LWI3Y2QtOWY5OWE0NTQ2YzJjXkEyXkFqcGc@._V1_SX300.jpg
4233,https://m.media-amazon.com/images/M/MV5BM2U4YmFkYTQtMmU2ZC00NTJmLTg0MzMtMTNiODAxY2Q3ZTYxXkEyXkFqcGc@._V1_SX300.jpg
4234,https://m.media-amazon.com/images/M/MV5BMTY2ODcxMDAyMV5BMl5BanBnXkFtZTYwNTEzNjc2._V1_SX300.jpg
4235,https://m.media-amazon.com/images/M/MV5BMmUzNDI1MDYtNmIxNC00NjczLTk0ZDEtYWFkZDcxMWVhYTEwXkEyXkFqcGc@._V1_SX300.jpg
4236,https://m.media-amazon.com/images/M/MV5BMTYzNDIyMzk2NF5BMl5BanBnXkFtZTcwNTc3MTYxMQ@@._V1_SX300.jpg
4237,https://m.media-amazon.com/images/M/MV5BM2FlZmQ3N2ItNGRmYi00MTk2LWFjMTQtMWI1ZDVmMzgzMjhlXkEyXkFqcGc@._V1_SX300.jpg
4238,https://m.media-amazon.com/images/M/MV5BNDc5OWVkMmItNDIzMS00NmY2LWFiYWUtY2U4MTQwZTk5MmVlXkEyXkFqcGc@._V1_SX300.jpg
4239,https://m.media-amazon.com/images/M/MV5BNTNkMzMwOWItM2FmYS00YmI2LWE4NjUtMmI5MDk0YTkwZjM2XkEyXkFqcGc@._V1_SX300.jpg
4240,https://m.media-amazon.com/images/M/MV5BMTMxNTA4MTUzNl5BMl5BanBnXkFtZTYwODczODk2._V1_SX300.jpg
4241,
4242,https://m.media-amazon.com/images/M/MV5BNzlkY2Y5ZjAtODg0Yi00OWQzLWFlNGUtZmFhNmQ4YTRkNGQ2XkEyXkFqcGc@._V1_SX300.jpg
4243,https://m.media-amazon.com/images/M/MV5BMTI0OTMzNDgyNl5BMl5BanBnXkFtZTcwMDQ0MTUyMQ@@._V1_SX300.jpg
4246,https://m.media-amazon.com/images/M/MV5BNTM1MTFiNDEtMGYzZC00MjM5LWEwMWMtN2VhNjg1MTEzOTg3XkEyXkFqcGc@._V1_SX300.jpg
4247,https://m.media-amazon.com/images/M/MV5BMTE5NDgxNzU1MV5BMl5BanBnXkFtZTYwODQ4ODE3._V1_SX300.jpg
4248,https://m.media-amazon.com/images/M/MV5BNjQxZDlmNjUtM2RjMS00MWYwLWJhNjYtNGJhNzg2YWVmMzQwXkEyXkFqcGc@._V1_SX300.jpg
4251,https://m.media-amazon.com/images/M/MV5BYThkZjk2NmMtNjdmMC00NDBlLWEyZDItODY2NDBjYWM3NDQyXkEyXkFqcGc@._V1_SX300.jpg
4252,https://m.media-amazon.com/images/M/MV5BMjE1NjczMTI0OV5BMl5BanBnXkFtZTcwMDkzMTkyMQ@@._V1_SX300.jpg
4254,https://m.media-amazon.com/images/M/MV5BZjU1YjY5OWQtMTI2OS00NTlhLWFlNTUtY2I3YmEzZTg4MzM0XkEyXkFqcGc@._V1_SX300.jpg
4255,https://m.media-amazon.com/images/M/MV5BOWVhNzY0NmItMWYxYy00N2M1LWE2NDAtZTgyMDNlMjhmNmRmXkEyXkFqcGc@._V1_SX300.jpg
4256,https://m.media-amazon.com/images/M/MV5BODM4NDFjM2QtYzFmZC00YTZiLWJlMjktOGE4ZjI3OGM1MjEzXkEyXkFqcGc@._V1_SX300.jpg
4259,https://m.media-amazon.com/images/M/MV5BOTAyZjM4YWQtNWE3MS00ZDZiLWFkZTEtOTM1NTA3ZjFhYzYyXkEyXkFqcGc@._V1_SX300.jpg
4260,https://m.media-amazon.com/images/M/MV5BNzMwMjI3NTE3M15BMl5BanBnXkFtZTcwNDAyNjEzMQ@@._V1_SX300.jpg
4262,https://m.media-amazon.com/images/M/MV5BNDUzYjY0NmUtMDM4OS00Y2Q5LWJiODYtNTk0ZTk0YjZhMTg1XkEyXkFqcGc@._V1_SX300.jpg
4263,https://m.media-amazon.com/images/M/MV5BNzNjMTc2YzEtNTM1YS00ODc3LTk0MjgtYTY3ZWIwNzdkYjI1XkEyXkFqcGc@._V1_SX300.jpg
4265,https://m.media-amazon.com/images/M/MV5BMjA5MDk4NzI0NF5BMl5BanBnXkFtZTYwNjU0Nzc5._V1_SX300.jpg
4267,https://m.media-amazon.com/images/M/MV5BZTYxN2U0NTAtZTk3MS00MGUzLTkwNzMtMzIzZTY4ZDc5ZTNlXkEyXkFqcGc@._V1_SX300.jpg
4268,https://m.media-amazon.com/images/M/MV5BMTkzODc4NjAwOV5BMl5BanBnXkFtZTYwNjIxNjk2._V1_SX300.jpg
4270,https://m.media-amazon.com/images/M/MV5BMjdiYzVlNjUtNGI5MC00MDE5LTk0MmQtNDc0YzIzOGRmMDNkXkEyXkFqcGc@._V1_SX300.jpg
4273,https://m.media-amazon.com/images/M/MV5BNWZjZDY0YjgtNDJkNC00OGI4LWEzNGQtMzVmYmFlMThiZTA5XkEyXkFqcGc@._V1_SX300.jpg
4275,https://m.media-amazon.com/images/M/MV5BYmE4Y2JmMTAtZmI0Ni00Njk1LWE5NjktNjI0NzBlMzg4YzlkXkEyXkFqcGc@._V1_SX300.jpg
4276,https://m.media-amazon.com/images/M/MV5BOTkzZTk0NjQtODBkMi00ZDUxLWFjYmQtMWVjYmE0YzFmZDY4XkEyXkFqcGc@._V1_SX300.jpg
4278,https://m.media-amazon.com/images/M/MV5BNDU3MTQyMDY4Nl5BMl5BanBnXkFtZTgwMDYzOTA2MjE@._V1_SX300.jpg
4280,https://m.media-amazon.com/images/M/MV5BMzA4MzYzYzItYzVmMy00Y2M5LWIwMmUtZTY2N2I2OWIwYzRkXkEyXkFqcGc@._V1_SX300.jpg
4282,https://m.media-amazon.com/images/M/MV5BOTEwZmEyNjEtMjNmMi00MzBiLTliZmMtNjMxYjY3YmU0M2IyXkEyXkFqcGc@._V1_SX300.jpg
4284,https://m.media-amazon.com/images/M/MV5BODhjNWFhZGItMWQ3Zi00MjRjLWJiM2UtNjdmMTMzNjRmM2U1XkEyXkFqcGc@._V1_SX300.jpg
4285,https://m.media-amazon.com/images/M/MV5BODVkYWUxZmYtMjRhNS00ZmVkLThhMjQtNDcxYzg3YTJiMzUxXkEyXkFqcGc@._V1_SX300.jpg
4289,https://m.media-amazon.com/images/M/MV5BNGExYmJkM2ItNzEyNC00OThlLTkyYjMtODYwNzM0MTg0YzM0XkEyXkFqcGc@._V1_SX300.jpg
4290,https://m.media-amazon.com/images/M/MV5BYjA2ZWE5YTAtODYxMC00NmY2LWFhNDEtN2MxNWI2YWE5YmMwXkEyXkFqcGc@._V1_SX300.jpg
4291,https://m.media-amazon.com/images/M/MV5BM2MyMmVjNTMtOTdjNS00YWUyLWIyNzktZDVjMTdkNjM5ZjQ5XkEyXkFqcGc@._V1_SX300.jpg
4292,https://m.media-amazon.com/images/M/MV5BMjcxMmFhMDQtYTNmYS00Y2ZlLWE0ZGYtZThlNWZiMGI4YWE4XkEyXkFqcGc@._V1_SX300.jpg
4293,https://m.media-amazon.com/images/M/MV5BYTUzZTBhNTUtM2QxNi00ZGYxLWEzYTUtODYzNGFiYmExNDE4XkEyXkFqcGc@._V1_SX300.jpg
4294,https://m.media-amazon.com/images/M/MV5BNzU5MzFiMmUtNzAxMC00ODFkLTkwNDEtZjUyZTA3NWMzNzAwXkEyXkFqcGc@._V1_SX300.jpg
4296,https://m.media-amazon.com/images/M/MV5BMTc5YjEzZjItOWM2MC00NDA3LWFhMTctMWM0ZTk3NjgwMzc5XkEyXkFqcGc@._V1_SX300.jpg
4297,https://m.media-amazon.com/images/M/MV5BMjc0NGNmZmUtMGRlMC00Zjg4LWI1MWEtMzUzYjE1MmU0MGYzXkEyXkFqcGc@._V1_SX300.jpg
4298,https://m.media-amazon.com/images/M/MV5BODI4ZDZmOTUtYjFiNi00NDdiLTgwY2ItNjAzODc4N2I4NjljXkEyXkFqcGc@._V1_SX300.jpg
4299,https://m.media-amazon.com/images/M/MV5BMTE5OTE4OTE2Nl5BMl5BanBnXkFtZTYwMDkzMTQ3._V1_SX300.jpg
4300,https://m.media-amazon.com/images/M/MV5BNzIxNDBjY2MtYjExYi00MTIwLThkM2EtYjU4ZGNjMTlmMjUyXkEyXkFqcGc@._V1_SX300.jpg
4304,https://m.media-amazon.com/images/M/MV5BMjAyODgwNDk0MF5BMl5BanBnXkFtZTcwMjcwMjIyMQ@@._V1_SX300.jpg
4305,https://m.media-amazon.com/images/M/MV5BNDQwNzI2OTY2Ml5BMl5BanBnXkFtZTYwOTI3ODc5._V1_SX300.jpg
4306,https://m.media-amazon.com/images/M/MV5BN2FkMTRkNTUtYTI0NC00ZjI4LWI5MzUtMDFmOGY0NmU2OGY1XkEyXkFqcGc@._V1_SX300.jpg
4307,https://m.media-amazon.com/images/M/MV5BMjE2MDY1MDEzM15BMl5BanBnXkFtZTcwNTQxOTEyMQ@@._V1_SX300.jpg
4308,https://m.media-amazon.com/images/M/MV5BYTgyOGY4OTktZmZhMC00ZmIwLWI4YjUtNjYzNDg1Nzc3ZDg1XkEyXkFqcGc@._V1_SX300.jpg
4310,https://m.media-amazon.com/images/M/MV5BMTQ3MDc0MDc1NF5BMl5BanBnXkFtZTYwODI1ODY2._V1_SX300.jpg
4312,https://m.media-amazon.com/images/M/MV5BOGY0YTQ3M2UtZjA5MS00NDg3LTgwYzktM2FhNjhlYTRmNGZiXkEyXkFqcGc@._V1_SX300.jpg
4313,https://m.media-amazon.com/images/M/MV5BOGYxYjA3Y2QtZDc0ZS00OWRjLThkNzctMTdlMjU0YTU3Mjg5XkEyXkFqcGc@._V1_SX300.jpg
4316,https://m.media-amazon.com/images/M/MV5BOGFlMWZkYTUtOTVlMS00NTU3LWJlYjgtYTk2OGJlMTc3N2E0XkEyXkFqcGc@._V1_SX300.jpg
4317,https://m.media-amazon.com/images/M/MV5BODM4NjVmMGQtZWUxMy00M2RiLTk3NDAtMjMxOWM0NWFlZjkyXkEyXkFqcGc@._V1_SX300.jpg
4321,https://m.media-amazon.com/images/M/MV5BMTkwNjM2MTc5NF5BMl5BanBnXkFtZTcwMzQ2NjEzNA@@._V1_SX300.jpg
4322,https://m.media-amazon.com/images/M/MV5BMTUxMTIzNTY4N15BMl5BanBnXkFtZTcwMDQ4NjYzNA@@._V1_SX300.jpg
4323,https://m.media-amazon.com/images/M/MV5BM2RiNDEzYWItYjA0Ni00YmQ0LWIxMDEtZDgyM2NkZTk0ZDE4XkEyXkFqcGc@._V1_SX300.jpg
4325,https://m.media-amazon.com/images/M/MV5BMjIyODI2OTg4OF5BMl5BanBnXkFtZTgwNjkwMzg4OTE@._V1_SX300.jpg
4326,https://m.media-amazon.com/images/M/MV5BZDgwNTljYmMtYmQyNi00MmEwLTk0NzMtZDJmZDIzZmQ4MzQ2XkEyXkFqcGc@._V1_SX300.jpg
4327,https://m.media-amazon.com/images/M/MV5BMzYyNzU0MTM1OF5BMl5BanBnXkFtZTcwMzE1ODE1NA@@._V1_SX300.jpg
4329,https://m.media-amazon.com/images/M/MV5BYmRiNWY3ZDQtZTJkNi00NjlkLWI3NTQtZDEzZTE0YmNhYTk2XkEyXkFqcGc@._V1_SX300.jpg
4333,https://m.media-amazon.com/images/M/MV5BMjgyNjlmMjUtYjIyYy00OTY0LWI0YzgtZWNiYTI5MzM4MzA1XkEyXkFqcGc@._V1_SX300.jpg
4334,https://m.media-amazon.com/images/M/MV5BNTAyMDQ5Y2MtZDk0NC00N2IyLWE5OTgtZjJkZWNlMDBhMDhlXkEyXkFqcGc@._V1_SX300.jpg
4337,https://m.media-amazon.com/images/M/MV5BNTFiMmNmZTctNGQ5ZC00MDEyLTg4NGQtYTQ5NWI3ZGIxZjdhXkEyXkFqcGc@._V1_SX300.jpg
4338,https://m.media-amazon.com/images/M/MV5BNGRiZmMyOTYtNGNlOS00MmVmLWIyZjItNTZlMzFlZGJmNTQ2XkEyXkFqcGc@._V1_SX300.jpg
4339,https://m.media-amazon.com/images/M/MV5BODlkNjJmN2ItOWE3Yy00MTkxLThjNTUtMWRiNDFhOWM5ZTAzXkEyXkFqcGc@._V1_SX300.jpg
4340,https://m.media-amazon.com/images/M/MV5BZDc4MjZhNDMtMmZhOS00ZmQ4LTk4YzAtN2Q1Njc5ZGM5MzMyXkEyXkFqcGc@._V1_SX300.jpg
4342,https://m.media-amazon.com/images/M/MV5BOTM0ZGEyM2EtZDZmZS00ZjBhLWE5NWYtNDA0ZDFlODY0MmYwXkEyXkFqcGc@._V1_SX300.jpg
4343,https://m.media-amazon.com/images/M/MV5BZjMwZjJjYzItZjUwZS00MTU5LTlmOTItMmE5MGFhZTg2MWM2XkEyXkFqcGc@._V1_SX300.jpg
4344,https://m.media-amazon.com/images/M/MV5BMmVlOGM1YjQtNzMzYS00ZmY5LTlkMDQtN2EyZTQ4NTExNjNjXkEyXkFqcGc@._V1_SX300.jpg
4345,https://m.media-amazon.com/images/M/MV5BZDc2YTdkYTItMzc1MC00Y2ZiLWE2NGYtODYwOGUxNDNiYTBjXkEyXkFqcGc@._V1_SX300.jpg
4347,https://m.media-amazon.com/images/M/MV5BZTJhMGI4OWUtZWQwMi00ZTQ0LTk0MjgtMjY0NzMzNGRkMjNkXkEyXkFqcGc@._V1_SX300.jpg
4349,https://m.media-amazon.com/images/M/MV5BY2RmMGI3NTMtNGIwOS00MjliLWI1Y2YtNjRmYWIzMzFmYTJjXkEyXkFqcGc@._V1_SX300.jpg
4350,https://m.media-amazon.com/images/M/MV5BM2U2NGMzODUtYTE3OS00YzU0LWEwNjAtNmI2MjY5ZDZhOWJlXkEyXkFqcGc@._V1_SX300.jpg
4351,https://m.media-amazon.com/images/M/MV5BNTI3YzY3N2MtODI1OC00NmU0LThlMDYtNmFjMGFkNzhhNTRlXkEyXkFqcGc@._V1_SX300.jpg
4353,https://m.media-amazon.com/images/M/MV5BN2E3Nzc5ZDAtYTAyNy00MDdhLThkMGItZGUyYWMxMTA1NDY3XkEyXkFqcGc@._V1_SX300.jpg
4354,https://m.media-amazon.com/images/M/MV5BOGU3NjFiM2YtZDU1My00M2E1LWFhNjEtNWE0ODFiMjEwYmQyXkEyXkFqcGc@._V1_SX300.jpg
4355,https://m.media-amazon.com/images/M/MV5BZjJiZTYyZDMtMzM5Yy00ZGMyLTk5ZDYtMzgwNmY4ODhkMDUyXkEyXkFqcGc@._V1_SX300.jpg
4356,https://m.media-amazon.com/images/M/MV5BZjQ4MDJhZGMtNDliZS00ZTYwLWJmN2ItZWY3NDc2NTFjN2VmXkEyXkFqcGc@._V1_SX300.jpg
4357,https://m.media-amazon.com/images/M/MV5BNWFmMTc2NzktZTQ0OS00YmM3LTk1ZTktMDhmNzZlNDA3ZGRkXkEyXkFqcGc@._V1_SX300.jpg
4359,https://m.media-amazon.com/images/M/MV5BMzE3OWRkMzUtYmYzNS00ZmRmLTkzMjctZjEwMDFmYmZlYjEzXkEyXkFqcGc@._V1_SX300.jpg
4361,https://m.media-amazon.com/images/M/MV5BNzc1YjU5NzEtMmZjYi00NzE2LThjMmEtMzY1ZTg5ZjgyM2EzXkEyXkFqcGc@._V1_SX300.jpg
4366,https://m.media-amazon.com/images/M/MV5BODYwZTQwMDEtYjgyZS00NzNhLWFhYWMtN2Q1Y2JmZjlmZDlhXkEyXkFqcGc@._V1_SX300.jpg
4367,https://m.media-amazon.com/images/M/MV5BNjcxYzIyZWItZWRiOS00ODliLWI3ZTEtZTA4NTg4OGQwZDY1XkEyXkFqcGc@._V1_SX300.jpg
4368,https://m.media-amazon.com/images/M/MV5BM2ZkZDk2NDAtYzdmNy00Yjk4LWJjODctMjMyMjNmZWFjNzMwXkEyXkFqcGc@._V1_SX300.jpg
4369,https://m.media-amazon.com/images/M/MV5BZGRiMDE1NTMtMThmZS00YjE4LWI1ODQtNjRkZGZlOTg2MGE1XkEyXkFqcGc@._V1_SX300.jpg
4370,https://m.media-amazon.com/images/M/MV5BODA1YjhhZDctM2Y1ZS00ODkyLWFmMTAtZGY5YWEzNzRjYzA1XkEyXkFqcGc@._V1_SX300.jpg
4371,https://m.media-amazon.com/images/M/MV5BMDBkMTliY2EtMzBmNC00ODc2LWI5YzQtMTYxYTBhM2M1ODA3XkEyXkFqcGc@._V1_SX300.jpg
4372,https://m.media-amazon.com/images/M/MV5BNTQyN2IyMTEtMTQ4YS00ODEzLWFjNTgtMTdiYTU4YmE0M2RmXkEyXkFqcGc@._V1_SX300.jpg
4373,https://m.media-amazon.com/images/M/MV5BOTg5ZWI3ZjgtZDMwYi00M2U5LTg3ODUtYmVhMTU5YTljM2FmXkEyXkFqcGc@._V1_SX300.jpg
4374,https://m.media-amazon.com/images/M/MV5BOWYzZTcwNWYtMmQwYS00YmViLWE3MzMtYTZiZTQ2YmQ1YmEzXkEyXkFqcGc@._V1_SX300.jpg
4378,https://m.media-amazon.com/images/M/MV5BZTliMzE0YTgtNjg3ZC00ZDM5LWFkZDQtZTU2OWQyOGQxYjY5XkEyXkFqcGc@._V1_SX300.jpg
4380,https://m.media-amazon.com/images/M/MV5BNGM1MzYzNmEtNjRiNC00YWVlLWE3YWEtMTZkN2M5MjkzNWM2XkEyXkFqcGc@._V1_SX300.jpg
4381,https://m.media-amazon.com/images/M/MV5BNThjYmFkZDEtYzkxMi00YjBmLWFmM2QtOWU1NDFhMTM3OWRiXkEyXkFqcGc@._V1_SX300.jpg
4383,https://m.media-amazon.com/images/M/MV5BOGNlZmM2MWEtMmQ4ZS00NThiLTlmMGItNTMyMWRlZWI3ZmEwXkEyXkFqcGc@._V1_SX300.jpg
4384,https://m.media-amazon.com/images/M/MV5BMTkwNzA2MzU0NF5BMl5BanBnXkFtZTcwNjkxMjEyMQ@@._V1_SX300.jpg
4386,https://m.media-amazon.com/images/M/MV5BMDEyYmE5MWMtNzg3Ny00NmVjLWJmZTUtMmUyOTliNDRiMDk2XkEyXkFqcGc@._V1_SX300.jpg
4387,https://m.media-amazon.com/images/M/MV5BODExZWFmYWItOGNiZi00ZmVlLWE3YzctZDkxNGM2Yjg2Nzc0XkEyXkFqcGc@._V1_SX300.jpg
4388,https://m.media-amazon.com/images/M/MV5BZjZlOTgzNmUtNjZlYS00NWFjLTg4ZDktMWY4NDIxMjVjZjdhXkEyXkFqcGc@._V1_SX300.jpg
4389,https://m.media-amazon.com/images/M/MV5BYmJhNTU1ZTQtMDM2Yy00YmQ2LWE2ZTgtMWM1NjY0ODVhZWQxXkEyXkFqcGc@._V1_SX300.jpg
4390,https://m.media-amazon.com/images/M/MV5BNTgwNzA5MTEtZGY1Yi00ZDcxLWI1NzgtMGNjMTgxNzViZDI1XkEyXkFqcGc@._V1_SX300.jpg
4392,https://m.media-amazon.com/images/M/MV5BMGJhOTU2MzEtYjM3OC00ZGM2LTg0ZDktOTRjYTA2Mjk0MTFlXkEyXkFqcGc@._V1_SX300.jpg
4393,https://m.media-amazon.com/images/M/MV5BMGJjNmJhZmEtNjIzZS00Y2Q3LThkM2ItNzM0MDIwMjU5MTNlXkEyXkFqcGc@._V1_SX300.jpg
4394,https://m.media-amazon.com/images/M/MV5BZDYyYzcxZWMtMGI0YS00MTkwLTlkNmUtNzAwZDg3MzFkMDgwXkEyXkFqcGc@._V1_SX300.jpg
4395,https://m.media-amazon.com/images/M/MV5BZGNjOTNkNWUtZGNmNS00NGU4LWFkY2EtNTM5ZGU5NzI2MTY1XkEyXkFqcGc@._V1_SX300.jpg
4396,https://m.media-amazon.com/images/M/MV5BMjk5YWQ1NmItY2NkNS00NjI0LTgyNzktNGI0MWU1NWQ1MTNhXkEyXkFqcGc@._V1_SX300.jpg
4397,https://m.media-amazon.com/images/M/MV5BNzc2MDE2OWUtOWI4NC00OTYwLWIxMGYtMTkxMTZiNzZjM2FjXkEyXkFqcGc@._V1_SX300.jpg
4399,https://m.media-amazon.com/images/M/MV5BOWVjYTA3MjgtMWVmYS00NjcxLWEwMzUtZTNlNmYzOGI4NDgyXkEyXkFqcGc@._V1_SX300.jpg
4402,https://m.media-amazon.com/images/M/MV5BMjEzMzQwMTA4NV5BMl5BanBnXkFtZTgwMzcxMTkwMzE@._V1_SX300.jpg
4403,https://m.media-amazon.com/images/M/MV5BNjA1ZTRmYjYtMTE0MC00ZGQzLWE3YjctNWQ1MzNkMTRjZjZmXkEyXkFqcGc@._V1_SX300.jpg
4404,https://m.media-amazon.com/images/M/MV5BNDRjZDMwMGItOGY1MS00YmExLWI3N2ItNjk5MTA2N2QxMTI0XkEyXkFqcGc@._V1_SX300.jpg
4406,https://m.media-amazon.com/images/M/MV5BZmYzNjljYjgtNzY1MS00MjYwLWIwMmItOGJjOGNhNmZiZmYxXkEyXkFqcGc@._V1_SX300.jpg
4407,https://m.media-amazon.com/images/M/MV5BNDRiMjdlNDMtYjJiNC00MGQyLWE5NzQtZWZlNDY2MTY0Nzg4XkEyXkFqcGc@._V1_SX300.jpg
4408,https://m.media-amazon.com/images/M/MV5BYTlhMGZkMzQtZTVjNy00YTRiLThlYjQtY2E3ZDlmMGMyN2E5XkEyXkFqcGc@._V1_SX300.jpg
4409,https://m.media-amazon.com/images/M/MV5BYjUxNmEwYmYtM2NiNi00Y2YxLWFlYTItYjgwMmIzOGEzMTQ5XkEyXkFqcGc@._V1_SX300.jpg
4410,https://m.media-amazon.com/images/M/MV5BMzQxNGIwODAtNDRhYi00MGM0LWJjN2ItMmRlNjRkMjVmMTk2XkEyXkFqcGc@._V1_SX300.jpg
4412,https://m.media-amazon.com/images/M/MV5BODg2NzUyNzAxOV5BMl5BanBnXkFtZTcwNzUyMzY3NA@@._V1_SX300.jpg
4419,https://m.media-amazon.com/images/M/MV5BMzVjMWE5OTQtZDk5ZC00MTQ5LWJmMzAtY2UxYjE1MjE2ZjM3XkEyXkFqcGc@._V1_SX300.jpg
4420,https://m.media-amazon.com/images/M/MV5BMDUzN2JmMWMtM2Y5NS00NmE4LWJiODUtMWFmNjIwOGQ4MTBkXkEyXkFqcGc@._V1_SX300.jpg
4422,https://m.media-amazon.com/images/M/MV5BZGJkMWJiZjYtZTZiMC00MDJmLWIxMDEtZDkxMzYzYTAyODZkXkEyXkFqcGc@._V1_SX300.jpg
4424,https://m.media-amazon.com/images/M/MV5BNGIzNzQwNzEtN2JjNi00MGQwLWJhOWQtNmQ4ZGZlMzI3NGU1XkEyXkFqcGc@._V1_SX300.jpg
4426,https://m.media-amazon.com/images/M/MV5BODAyMTQxMjg5Nl5BMl5BanBnXkFtZTcwNzUzNzA2NA@@._V1_SX300.jpg
4427,https://m.media-amazon.com/images/M/MV5BMTkzNzYyMzA5N15BMl5BanBnXkFtZTgwODcwODQ3MDI@._V1_SX300.jpg
4428,https://m.media-amazon.com/images/M/MV5BMDFiZmEwN2QtN2Y1Ny00ODM2LTgyZjYtMTI2YzdmNmJhMDUzXkEyXkFqcGc@._V1_SX300.jpg
4429,https://m.media-amazon.com/images/M/MV5BZTliZjZlNGQtOTZhYS00OGI4LTlkMWUtOTBiYzIxYTBiZmVmXkEyXkFqcGc@._V1_SX300.jpg
4432,https://m.media-amazon.com/images/M/MV5BZWY3NmM5MTMtODczZS00NmE5LTljOGEtNjFmYzVlZThmNDZmXkEyXkFqcGc@._V1_SX300.jpg
4433,https://m.media-amazon.com/images/M/MV5BNjNkMTEyNGEtMjgwMi00Y2NmLTljZTAtM2EwNjQ2MjcwOWZlXkEyXkFqcGc@._V1_SX300.jpg
4434,https://m.media-amazon.com/images/M/MV5BMzRmOGM1YWMtMzNmYS00ZGQ4LTg0ZDgtYzZjNDI2MzVjNWIwXkEyXkFqcGc@._V1_SX300.jpg
4436,https://m.media-amazon.com/images/M/MV5BMTk1MTg0ZDUtZGM0MC00OGJhLWJlZTgtY2MzNmY3ZmMzZjM1XkEyXkFqcGc@._V1_SX300.jpg
4437,https://m.media-amazon.com/images/M/MV5BNzk1MTQxMWUtOGE5Mi00YTUzLWFlYjktZDYwYjdmNTc5YWMxXkEyXkFqcGc@._V1_SX300.jpg
4438,https://m.media-amazon.com/images/M/MV5BZDAxMWZjMTgtNDdkMC00YmI5LWFkNzYtOTA0NDMwNjE2Y2MzXkEyXkFqcGc@._V1_SX300.jpg
4439,https://m.media-amazon.com/images/M/MV5BOGIzNGMxYWQtNGI1Zi00ZGYxLThjZDUtODA1ZWU1NTM2NTM2XkEyXkFqcGc@._V1_SX300.jpg
4440,https://m.media-amazon.com/images/M/MV5BZTNjZWY0MDYtMWQ1Mi00YWRiLTk3M2YtMjdjM2E5MDAxYWM3XkEyXkFqcGc@._V1_SX300.jpg
4441,https://m.media-amazon.com/images/M/MV5BODY4YTUxNDEtMjcxZS00NDlhLWE2OWQtNDM0N2E4YmIyNGJkXkEyXkFqcGc@._V1_SX300.jpg
4442,https://m.media-amazon.com/images/M/MV5BYzkwNTk3OTMtODAxMS00MGYxLTgzZDctYzAxYTVkNjhlYjA2XkEyXkFqcGc@._V1_SX300.jpg
4443,https://m.media-amazon.com/images/M/MV5BOTNkZDliZmUtMmJiYy00NTZhLTgxNzgtMzAyOTZjNDU1YjllXkEyXkFqcGc@._V1_SX300.jpg
4444,https://m.media-amazon.com/images/M/MV5BMDQ3MWJiZmUtYThhMi00OGM5LWExZGMtOGE2MjMzYWViN2I3XkEyXkFqcGc@._V1_SX300.jpg
4445,https://m.media-amazon.com/images/M/MV5BMTMyMDI3NTA3OF5BMl5BanBnXkFtZTcwODIyNzgxMQ@@._V1_SX300.jpg
4446,https://m.media-amazon.com/images/M/MV5BZWM1MDdjMjMtNjJmYy00ZjY5LTllYmItMTU5N2RmMGI5NTM1XkEyXkFqcGc@._V1_SX300.jpg
4447,https://m.media-amazon.com/images/M/MV5BNTEyNjUwMTkxMV5BMl5BanBnXkFtZTcwNjk0NDk0NA@@._V1_SX300.jpg
4448,https://m.media-amazon.com/images/M/MV5BZmI3Mjk4NGMtYjhmOC00NjYzLThhNWQtYWUwZDc3Y2ZkZTA1XkEyXkFqcGc@._V1_SX300.jpg
4449,https://m.media-amazon.com/images/M/MV5BMjIxNWUyZDAtMDgxNS00NzgzLWFkZDYtYjdjOGNiNzZjYzMzXkEyXkFqcGdeQXVyNjU2OTUyODc@._V1_SX300.jpg
4450,https://m.media-amazon.com/images/M/MV5BOTZhYjYyZWYtMTZlZS00MTY1LWI3ZDEtYTI2Yjk1ZDIyNTM5XkEyXkFqcGc@._V1_SX300.jpg
4451,https://m.media-amazon.com/images/M/MV5BMTYyNzk1MDEwMF5BMl5BanBnXkFtZTcwMDg5OTYyMQ@@._V1_SX300.jpg
4452,https://m.media-amazon.com/images/M/MV5BYTExYzlmZmYtODkwYy00MGY4LWEzODMtODk1MmU5YjM5ZDQ5XkEyXkFqcGc@._V1_SX300.jpg
4453,https://m.media-amazon.com/images/M/MV5BMTIyMDg2NTAyM15BMl5BanBnXkFtZTcwMzg3MDU1MQ@@._V1_SX300.jpg
4454,https://m.media-amazon.com/images/M/MV5BMjAwODg0NWYtZGU1ZC00ZWI1LWE4N2MtNWQ5NjJiYWEzZTJhXkEyXkFqcGc@._V1_SX300.jpg
4458,https://m.media-amazon.com/images/M/MV5BMTc5NjQ0NzgwMl5BMl5BanBnXkFtZTcwNTgxNTA0MQ@@._V1_SX300.jpg
4459,https://m.media-amazon.com/images/M/MV5BODkwNzE0NTI3MV5BMl5BanBnXkFtZTcwOTMxOTkxMQ@@._V1_SX300.jpg
4462,https://m.media-amazon.com/images/M/MV5BYmE1NGRkMmItYzE0Mi00M2NmLTliZjUtMTY1NTJmYTk5MWM2XkEyXkFqcGc@._V1_SX300.jpg
4463,https://m.media-amazon.com/images/M/MV5BMDkwYzUxNDgtZGM5YS00NzI3LWE2NjEtYWNkMGM0ZWRjNDZmXkEyXkFqcGc@._V1_SX300.jpg
4464,https://m.media-amazon.com/images/M/MV5BMzRiYzY2NGEtZTdmNi00MjRjLTljYzUtZDc0NDJhOTU0ZjUyXkEyXkFqcGc@._V1_SX300.jpg
4465,https://m.media-amazon.com/images/M/MV5BZDU2NGRmNGYtN2JiNi00ZDcyLTllM2UtNzhiNDM4ZTU3ODMxXkEyXkFqcGc@._V1_SX300.jpg
4466,https://m.media-amazon.com/images/M/MV5BZWZhODQ4M2MtMTlhOS00MGYzLTliY2YtZDljOTY0Njc0Yzg1XkEyXkFqcGc@._V1_SX300.jpg
4467,https://m.media-amazon.com/images/M/MV5BODY3NzNkMjQtNzliNi00MjdhLWI2NmEtMTY0NDM2ZWI3YTI2XkEyXkFqcGc@._V1_SX300.jpg
4470,https://m.media-amazon.com/images/M/MV5BYzljNjFlNTMtNTc3Zi00MTAzLTg0NDAtOWY4MTYyZDBjMWUxXkEyXkFqcGc@._V1_SX300.jpg
4471,https://m.media-amazon.com/images/M/MV5BMzZjYjBhNWYtYmViNS00ODVkLWI0MGItZmM4ODkyZjg1NzA4XkEyXkFqcGc@._V1_SX300.jpg
4473,https://m.media-amazon.com/images/M/MV5BODliNTk0NDItZTdkNS00ZjRkLTk5MjItYmQxNmYyZTBiNjI0XkEyXkFqcGc@._V1_SX300.jpg
4474,https://m.media-amazon.com/images/M/MV5BZTdhZGZmMjYtNDVkMC00NmUxLThhM2YtMTgwZTdjOWNlZGY4XkEyXkFqcGc@._V1_SX300.jpg
4475,https://m.media-amazon.com/images/M/MV5BY2I5M2RjNTktYmVkZS00MTU5LTk5M2UtNzFhMzgyY2UwZTk2XkEyXkFqcGc@._V1_SX300.jpg
4476,https://m.media-amazon.com/images/M/MV5BMDYzZDkyYTItN2RiMS00MDY2LTk4NGEtZDIxNmQ2NmY4MzMyXkEyXkFqcGc@._V1_SX300.jpg
4477,https://m.media-amazon.com/images/M/MV5BN2Q2MWM1NDktYjJlNy00MmI2LThjMWEtYmYwZDgxM2MxNWZlXkEyXkFqcGc@._V1_SX300.jpg
4478,https://m.media-amazon.com/images/M/MV5BZDhhM2Y4NDEtNWVmNC00MTI1LTkwNTMtNzg3NThhZjMyZTMwXkEyXkFqcGc@._V1_SX300.jpg
4480,https://m.media-amazon.com/images/M/MV5BYjE5NDIzZmQtYzdmNy00NjMxLTk3NjUtY2I2MTllNTU0YzRkXkEyXkFqcGc@._V1_SX300.jpg
4482,https://m.media-amazon.com/images/M/MV5BMTU0NzI3MDExNl5BMl5BanBnXkFtZTcwNzU3NDcyNA@@._V1_SX300.jpg
4483,https://m.media-amazon.com/images/M/MV5BOTVjYTJjMDctMDhmZi00ZTg3LWJkOGQtZDc5MzY4OWMwNWIyXkEyXkFqcGc@._V1_SX300.jpg
4484,https://m.media-amazon.com/images/M/MV5BMjJjODYxY2ItMzk0OS00NjdjLTgyYTgtZGJmZjZmMzFmMjJjXkEyXkFqcGc@._V1_SX300.jpg
4487,https://m.media-amazon.com/images/M/MV5BOTgxNjg5MWUtNzRjNi00MDg0LTk1NzAtMTY1NzllMWNkZjYzXkEyXkFqcGc@._V1_SX300.jpg
4488,https://m.media-amazon.com/images/M/MV5BMGE1MTIxMmUtNzZmZC00MTM1LWI4MmYtZDdiMzk2NTgxOWVkXkEyXkFqcGc@._V1_SX300.jpg
4489,https://m.media-amazon.com/images/M/MV5BMDY1N2RiYWMtMTNmMy00MWQzLTlkYzAtYzRlZmM5OGZhMjUwXkEyXkFqcGc@._V1_SX300.jpg
4490,https://m.media-amazon.com/images/M/MV5BNTFmOGE3NGMtZjBlZi00MjY0LThiMzItY2QyMTcwYTNhYWExXkEyXkFqcGc@._V1_SX300.jpg
4492,https://m.media-amazon.com/images/M/MV5BNWI0NzI3MTItNDBhMS00OTllLTgxYWQtZDg3MzY4NWNmNjIxXkEyXkFqcGc@._V1_SX300.jpg
4495,https://m.media-amazon.com/images/M/MV5BNmMwZWNmODQtODMzZC00Njc2LWE3MmQtNjkzNjA0ZWI4YjRjXkEyXkFqcGc@._V1_SX300.jpg
4496,https://m.media-amazon.com/images/M/MV5BZDdlOWZlMWQtZDk4NC00NjhjLTlkNzgtNDFlZDE1M2FlYTljXkEyXkFqcGc@._V1_SX300.jpg
4497,https://m.media-amazon.com/images/M/MV5BNzBlMjI4YTEtYTJmZC00NmU5LWI3M2YtMGMxMGUyNWViZWNmXkEyXkFqcGc@._V1_SX300.jpg
4498,https://m.media-amazon.com/images/M/MV5BZjY5NjBlZjItMzI3ZS00MmJkLTkxMTgtMzY5OWRjYjdhYzMxXkEyXkFqcGc@._V1_SX300.jpg
4499,https://m.media-amazon.com/images/M/MV5BNzRmYjM2ZmEtYTczZC00YWJjLWJjZTMtYTFlYjljMTVmMTAwXkEyXkFqcGc@._V1_SX300.jpg
4500,https://m.media-amazon.com/images/M/MV5BNGQ3YzlmMzAtZTE3Mi00NjllLThlOTUtZGM1N2Q0YTc3ZDlhXkEyXkFqcGc@._V1_SX300.jpg
4502,https://m.media-amazon.com/images/M/MV5BZmIzZjU3MjEtMmYwZi00MmI0LTg3NmEtNmI4YTc2OTVhM2I5XkEyXkFqcGc@._V1_SX300.jpg
4504,https://m.media-amazon.com/images/M/MV5BZWFmM2E1N2UtNGU0YS00NGEzLWFjNTktY2U0Zjc2YWMyNDk5XkEyXkFqcGc@._V1_SX300.jpg
4505,https://m.media-amazon.com/images/M/MV5BMGZlMDYyMzItZDI2Ny00ODQ3LWI4ZGMtY2U5ZjVkZmVkNjQ3XkEyXkFqcGc@._V1_SX300.jpg
4506,https://m.media-amazon.com/images/M/MV5BMjY2ODQ3MTQyOV5BMl5BanBnXkFtZTgwNTc2MzkyMTE@._V1_SX300.jpg
4508,https://m.media-amazon.com/images/M/MV5BMzhlNTY5ZGYtNWFkMy00MjM5LWJmNmYtNTlhODVjMzY4NGRiXkEyXkFqcGc@._V1_SX300.jpg
4509,https://m.media-amazon.com/images/M/MV5BMjhmMWQ5YmItMWNkZi00YzMzLWFjMDctMWJjYjFhZWU3NDhjXkEyXkFqcGc@._V1_SX300.jpg
4511,https://m.media-amazon.com/images/M/MV5BYWQxNDAyNTAtMTZkNi00NjNmLTgzNmItZWIwN2M5ZTk1MzA4XkEyXkFqcGc@._V1_SX300.jpg
4516,https://m.media-amazon.com/images/M/MV5BOGMzM2M3ODAtMTdkZS00OTZmLWEyYjctMDc1MzYzZmQ4ODdlXkEyXkFqcGc@._V1_SX300.jpg
4517,https://m.media-amazon.com/images/M/MV5BZmMwYzQyNjgtMTAzMi00NzFiLWE2ODYtMWIzYzk1YzhmYzg1XkEyXkFqcGc@._V1_SX300.jpg
4518,https://m.media-amazon.com/images/M/MV5BNTU5NDkyYzQtZTgwYy00MTJjLWExM2EtZGM0ZDFiNTVmYzA4XkEyXkFqcGc@._V1_SX300.jpg
4519,https://m.media-amazon.com/images/M/MV5BYThiYTJkZjAtZWE1OS00YjI3LWEyZjQtZWVmMmI3NjNkYTg4XkEyXkFqcGc@._V1_SX300.jpg
4520,https://m.media-amazon.com/images/M/MV5BMjlhMDE2NmMtMTNmZC00Y2U4LWE0M2EtMTYwZmNjMGE0YzlmXkEyXkFqcGc@._V1_SX300.jpg
4521,https://m.media-amazon.com/images/M/MV5BOTJlMDVkMDUtZjA3YS00ZmUxLWEyYjktMDA0YTNjOTk0ZTRhXkEyXkFqcGc@._V1_SX300.jpg
4522,https://m.media-amazon.com/images/M/MV5BYjY2MDQzYzctZmZhZi00NWI1LWFjYzEtNjE0NDc4ZWYyMTgzXkEyXkFqcGc@._V1_SX300.jpg
4523,https://m.media-amazon.com/images/M/MV5BYTExZDljZjAtMTllNy00YjE3LTk5MzktMjFlZWI1NzgxZmYxXkEyXkFqcGc@._V1_SX300.jpg
4524,https://m.media-amazon.com/images/M/MV5BNTYxMTk2ZDMtY2UwMC00OTM4LTk1MjQtZjAzNThlZjk5ODMxXkEyXkFqcGc@._V1_SX300.jpg
4526,https://m.media-amazon.com/images/M/MV5BMmNmOWQ2NmUtOTcyZi00MGI5LWI5NDEtYzRkZWMxNWQ5Mjk5XkEyXkFqcGc@._V1_SX300.jpg
4527,https://m.media-amazon.com/images/M/MV5BNWY5Y2VkZjItMjdhZC00ZDNkLTlkNGEtOWEwNzVkY2M0ZmY3XkEyXkFqcGc@._V1_SX300.jpg
4529,https://m.media-amazon.com/images/M/MV5BNWYwNmE4ZjktNGExNS00NmJlLWI4NTEtOTNmNGVhY2NiYWQ3XkEyXkFqcGc@._V1_SX300.jpg
4531,https://m.media-amazon.com/images/M/MV5BYzE2MjAxZDItOTM5Yi00ZGNjLThjMDMtYTg1NmNhZWY0ZWUxXkEyXkFqcGc@._V1_SX300.jpg
4533,https://m.media-amazon.com/images/M/MV5BYmQ4MTIwNzgtYzM4Zi00NWU4LWJmNjQtZGNhOTFiNDM2NmM2XkEyXkFqcGc@._V1_SX300.jpg
4534,https://m.media-amazon.com/images/M/MV5BNWE4OWUxZTctMGE0MC00ZTMyLTkxZDQtMWFiN2M0YjU4YjJlXkEyXkFqcGc@._V1_SX300.jpg
4535,https://m.media-amazon.com/images/M/MV5BZmM0YzZkYzQtZjBhNS00ZmM0LTg2OGEtNDczNGVlMmY3NDEzXkEyXkFqcGc@._V1_SX300.jpg
4537,https://m.media-amazon.com/images/M/MV5BZjI4MjAyNzktYmEyNS00MmNmLWFmMDctZjUzNDIyOTIzZGYyXkEyXkFqcGc@._V1_SX300.jpg
4541,https://m.media-amazon.com/images/M/MV5BMDhhMzYyMjQtODUxYS00ZGVhLWFmMTYtOTBiZDljNjkyYTk2XkEyXkFqcGc@._V1_SX300.jpg
4544,https://m.media-amazon.com/images/M/MV5BNjJiNDE2MGUtYzg0MS00NGQ1LWEwZjctYTMwYmY4OWFmYzM5XkEyXkFqcGc@._V1_SX300.jpg
4545,https://m.media-amazon.com/images/M/MV5BNDFiYmMyNmEtM2Q1Ni00OTE1LWI4OTItMmU3NWMzNWYyZTg0XkEyXkFqcGc@._V1_SX300.jpg
4546,https://m.media-amazon.com/images/M/MV5BZTdlMmViNGMtMzJmZC00YTJlLTg3MDMtYTFmNWI1MTlkNzU1XkEyXkFqcGc@._V1_SX300.jpg
4552,https://m.media-amazon.com/images/M/MV5BNDQ5ZGM1NjUtYzEwZS00OTEwLWFmMDQtNDc5ODc2NTU3NTdjXkEyXkFqcGc@._V1_SX300.jpg
4553,https://m.media-amazon.com/images/M/MV5BMTQ3MjM3ODU1NV5BMl5BanBnXkFtZTgwMjU3NDU2MTE@._V1_SX300.jpg
4557,https://m.media-amazon.com/images/M/MV5BMjNiMWFjOTctMTQ1NC00ZGY2LWE2NDEtYTMxNzMzM2VhNmQ2XkEyXkFqcGc@._V1_SX300.jpg
4558,https://m.media-amazon.com/images/M/MV5BMDJmMTc5YmUtN2FmNi00YzlhLWEwNTktZjI3NjlhMWE3ODM0XkEyXkFqcGc@._V1_SX300.jpg
4562,https://m.media-amazon.com/images/M/MV5BMDE3Y2RjYTAtMzYxMi00YzVmLTg0YzMtYTcyNjU5MjllYTU5XkEyXkFqcGc@._V1_SX300.jpg
4563,https://m.media-amazon.com/images/M/MV5BNzE4NWJkZTYtNDFmYS00MmI1LWFhYzgtNDEyNjhlNGVmNTIzXkEyXkFqcGc@._V1_SX300.jpg
4564,https://m.media-amazon.com/images/M/MV5BNGFhY2JkYWUtZjk0ZS00NGQxLTk1MjQtZDkxMGNkODAwNzRjXkEyXkFqcGc@._V1_SX300.jpg
4565,https://m.media-amazon.com/images/M/MV5BZWQ1NzY1ZWYtZWU3My00NzhjLWIyOGMtOGI2ZDA4NjA5ZjM5XkEyXkFqcGc@._V1_SX300.jpg
4568,https://m.media-amazon.com/images/M/MV5BNjhmYTZmNzEtOTNlYS00ZDVlLTk4NzYtNmQ2NWEwOWI2NDE4XkEyXkFqcGc@._V1_SX300.jpg
4571,https://m.media-amazon.com/images/M/MV5BMTk3Mjk5MzI3OF5BMl5BanBnXkFtZTcwMTY4MzcyNA@@._V1_SX300.jpg
4572,https://m.media-amazon.com/images/M/MV5BNzIzNTAzN2EtNjY2ZC00MmFjLWJjMmEtOTY5MGFlYTgwYWUyXkEyXkFqcGc@._V1_SX300.jpg
4573,https://m.media-amazon.com/images/M/MV5BMmE0ZTM3NjgtYzQ3YS00YWJiLThmZWEtYjYxNjc1M2FjODc5XkEyXkFqcGc@._V1_SX300.jpg
4574,https://m.media-amazon.com/images/M/MV5BYWU1OTcwYmQtOTI3NS00MmQzLThjNWUtNzZkZDE2MmEzNWM0XkEyXkFqcGc@._V1_SX300.jpg
4577,https://m.media-amazon.com/images/M/MV5BNWE1ZTIzOWYtZjVmNC00NmQ2LWEyYmEtMGI4ZWE0YzU0M2IyXkEyXkFqcGc@._V1_SX300.jpg
4578,https://m.media-amazon.com/images/M/MV5BNzBjYTU0YTEtYmYzYy00ZjZmLThhYTEtMTgxODdkOTAxMzJkXkEyXkFqcGc@._V1_SX300.jpg
4580,https://m.media-amazon.com/images/M/MV5BMGY0OGYwNzUtMWYxOS00ZjE1LWEyNDktZTZhYTA1OTZjYzYyXkEyXkFqcGc@._V1_SX300.jpg
4581,https://m.media-amazon.com/images/M/MV5BODlmNDAzOGQtNzNkZi00YzBhLWEzYWUtODUyMTY0YmI1NzA2XkEyXkFqcGc@._V1_SX300.jpg
4583,https://m.media-amazon.com/images/M/MV5BZjA4NDk2YjMtM2YwZS00YTVlLWE4MGQtNGY2MjNlYTJlYmM4XkEyXkFqcGc@._V1_SX300.jpg
4584,https://m.media-amazon.com/images/M/MV5BNGU1ODU4ZTYtYTZmMC00MjM0LTk2MTItOTllYWJjNzUzNTA3XkEyXkFqcGc@._V1_SX300.jpg
4585,https://m.media-amazon.com/images/M/MV5BNzk2YjQwOTQtNjEyYS00Y2NlLWI4YWEtM2ViMTJmM2VmYmNhXkEyXkFqcGc@._V1_SX300.jpg
4587,https://m.media-amazon.com/images/M/MV5BYjJlOGZjNTMtYTM3Ni00Njg2LWEwYWMtN2NkZDYzM2UxMDdmXkEyXkFqcGc@._V1_SX300.jpg
4589,https://m.media-amazon.com/images/M/MV5BN2E5OTE0ODItYzBkNS00OTZiLWJlNmYtZmExN2EyZDQxOTkzXkEyXkFqcGc@._V1_SX300.jpg
4591,https://m.media-amazon.com/images/M/MV5BOTJhYTQ1MmQtZTViNi00Njk4LTg4YzctMWM0Y2RkMWNlOWNjXkEyXkFqcGc@._V1_SX300.jpg
4593,https://m.media-amazon.com/images/M/MV5BY2FkODU5NzktMzE4Mi00NDc2LWFmZTgtMzJmNjNlYTYyMWFjXkEyXkFqcGc@._V1_SX300.jpg
4594,https://m.media-amazon.com/images/M/MV5BMTk5MDM4NDQzNl5BMl5BanBnXkFtZTcwODc5NTczNA@@._V1_SX300.jpg
4595,https://m.media-amazon.com/images/M/MV5BNjM1NGM2MjctZmMxMi00N2Q4LTgzYjktYzA0MDg4MGRlMDc4XkEyXkFqcGc@._V1_SX300.jpg
4597,https://m.media-amazon.com/images/M/MV5BMDk1YTZiNjAtZjcxZi00YmRmLWFiYjMtMjk0NWU5ZGQ5ZTc1XkEyXkFqcGc@._V1_SX300.jpg
4599,https://m.media-amazon.com/images/M/MV5BNDJiODU1MWYtYzcwYS00ZWNhLThmMjktMjY2NDIyNjNmN2M3XkEyXkFqcGc@._V1_SX300.jpg
4600,https://m.media-amazon.com/images/M/MV5BN2EzN2M2M2UtNmNlZS00Njg0LWFkZmMtMGMwZDVjNzdjYTg4XkEyXkFqcGc@._V1_SX300.jpg
4602,https://m.media-amazon.com/images/M/MV5BZDJhOTFlZjMtMWEyYy00M2FkLWIyYTgtZjJjYTFlNmM4YzNhXkEyXkFqcGc@._V1_SX300.jpg
4603,https://m.media-amazon.com/images/M/MV5BMDY0MDFhZDgtNDM0MS00NjU0LThkYzEtYmZiY2QxNjgyNDdiXkEyXkFqcGc@._V1_SX300.jpg
4605,https://m.media-amazon.com/images/M/MV5BMWY2NzU5MWMtZTk0Mi00OWJkLWI1MzQtZDJlZWYwNGI0Y2E0XkEyXkFqcGc@._V1_SX300.jpg
4608,https://m.media-amazon.com/images/M/MV5BNDAwMGM3NzQtNjM5OS00ZmJkLTliYTItNDBmNTQ1ZmZlY2VmXkEyXkFqcGc@._V1_SX300.jpg
4610,https://m.media-amazon.com/images/M/MV5BMzM0OWFlZTItODg5Mi00Y2M3LWE1ZjAtMGRmZDQ5OGEzOTE4XkEyXkFqcGc@._V1_SX300.jpg
4611,https://m.media-amazon.com/images/M/MV5BOTE1YTEzZjgtNDlmYi00OWE3LTllMGYtMTNiM2Q4NDcyY2FjXkEyXkFqcGc@._V1_SX300.jpg
4612,https://m.media-amazon.com/images/M/MV5BMTk1OTY1M2YtZTFiMC00NDMxLWFlMzEtNTYyOWFjZGFjZjZkXkEyXkFqcGdeQXVyMjI4MjA5MzA@._V1_SX300.jpg
4613,https://m.media-amazon.com/images/M/MV5BNzgxOWNhNmQtYjNkZS00MmM3LWFmZDItMGE1OGExNGNlMWVjXkEyXkFqcGc@._V1_SX300.jpg
4614,https://m.media-amazon.com/images/M/MV5BYjQ2NjVkMjAtNGYzZC00ZTZiLWJlZjYtMTNlYWNiZDVlMDZkXkEyXkFqcGc@._V1_SX300.jpg
4615,https://m.media-amazon.com/images/M/MV5BYzBiN2Y2MDgtYzRiZC00MzYyLTlhMzQtMjRiZjNjNWNhNDJlXkEyXkFqcGc@._V1_SX300.jpg
4616,https://m.media-amazon.com/images/M/MV5BN2RmMzFkNDgtMjkxOC00NmRlLTlmNTgtYzkwYjdiYzZiZmU4XkEyXkFqcGc@._V1_SX300.jpg
4617,https://m.media-amazon.com/images/M/MV5BNDNiMTNlM2EtNjczZC00MjMzLWI4OWYtMmRjYzFmYmI3MzM3XkEyXkFqcGc@._V1_SX300.jpg
4619,https://m.media-amazon.com/images/M/MV5BZDFmMjA0OGUtODkzOC00MmNkLWFiNjAtYjFiYzcwNjRhMzU1XkEyXkFqcGc@._V1_SX300.jpg
4621,https://m.media-amazon.com/images/M/MV5BNGFkMmRkOTEtNTZhZi00ODBkLWJjM2UtOTdiMjM5ZmM1M2VjXkEyXkFqcGc@._V1_SX300.jpg
4622,https://m.media-amazon.com/images/M/MV5BMDIzNWRjMDYtMzlhYS00ZjBiLTk3YzItMTI4YzdhNzdiMmMwXkEyXkFqcGc@._V1_SX300.jpg
4623,https://m.media-amazon.com/images/M/MV5BMmRiNjc2YWMtYzg4YS00Njg3LTg4YzgtNWVhM2RmMGIwNGFjXkEyXkFqcGc@._V1_SX300.jpg
4624,https://m.media-amazon.com/images/M/MV5BNTYzNGZhZmItZmY1NS00OGJjLWJmY2QtY2Y3ZGMzM2Y0YjlhXkEyXkFqcGc@._V1_SX300.jpg
4625,https://m.media-amazon.com/images/M/MV5BZGRmMGE5ODMtMzRlMi00MGMxLWExNGYtZTU4NjZmOTkzZmI4XkEyXkFqcGc@._V1_SX300.jpg
4626,https://m.media-amazon.com/images/M/MV5BZDNjOWYzMjMtY2Q0Yi00OWFjLThmOTUtMzdkNzA1YTkwY2JjXkEyXkFqcGc@._V1_SX300.jpg
4628,https://m.media-amazon.com/images/M/MV5BMzZmZjQ5ZWMtZmM3ZS00NTk5LTlhOTgtZGViZDI3ZjgxOTdkXkEyXkFqcGc@._V1_SX300.jpg
4629,https://m.media-amazon.com/images/M/MV5BM2QyNjQzNDktMDQ0MS00Y2JhLTgxMDMtZjdmZGQzOGM2NWE2XkEyXkFqcGc@._V1_SX300.jpg
4630,https://m.media-amazon.com/images/M/MV5BNGFkZDc1YjktZTAwYi00NjBmLThiYjQtNThiZDljOTMzNDk1XkEyXkFqcGc@._V1_SX300.jpg
4632,https://m.media-amazon.com/images/M/MV5BYWZhNGNkYzQtOWNlOS00NjE2LWFhNDktYWY2OTlkNTgyMmY3XkEyXkFqcGc@._V1_SX300.jpg
4634,https://m.media-amazon.com/images/M/MV5BODlkNTJkYTQtZGU5MC00NzhkLTllMTUtMzBiYzFkZTdhYmFiXkEyXkFqcGc@._V1_SX300.jpg
4635,https://m.media-amazon.com/images/M/MV5BODJjOTBjODctNjBiYS00YzA2LTkzMTItNGJlNTE3Y2I1ZDYyXkEyXkFqcGc@._V1_SX300.jpg
4636,https://m.media-amazon.com/images/M/MV5BYTk4NDEwM2ItOWJmYi00YjgxLTk5MTQtYTNlNzc1MmQzMmU4XkEyXkFqcGc@._V1_SX300.jpg
4638,https://m.media-amazon.com/images/M/MV5BN2FmMjhlZDYtNmYyMy00NTdjLTlhYzYtZWNlMDY2MmUzOGM2XkEyXkFqcGc@._V1_SX300.jpg
4639,https://m.media-amazon.com/images/M/MV5BNDZkZDZjYzctYTIwZi00YmU3LWE1MzgtNjY1OTMxOWIwNWNlXkEyXkFqcGc@._V1_SX300.jpg
4640,https://m.media-amazon.com/images/M/MV5BNGFmYWMwMWMtNWY3OC00MWNlLWE1MjYtYjVlYjU1NjNlNTc2XkEyXkFqcGc@._V1_SX300.jpg
4641,https://m.media-amazon.com/images/M/MV5BNzQ4NmFmYzYtNGJmZi00NGNkLTk2YTktM2Q0MzQ5MWRlZGEyXkEyXkFqcGc@._V1_SX300.jpg
4642,https://m.media-amazon.com/images/M/MV5BN2Q4MGJmYTgtNDhiMS00MTcwLTlhZjgtN2U5NWUyYzFiMWRmXkEyXkFqcGc@._V1_SX300.jpg
4643,https://m.media-amazon.com/images/M/MV5BYjczODRhOTQtZjdkYi00MmM2LTg1ZmEtZDQ3YjA5MDJhODNhXkEyXkFqcGc@._V1_SX300.jpg
4644,https://m.media-amazon.com/images/M/MV5BM2JiZWQ4NDItY2EyMS00ZGMyLTkyNjMtMmEyOTQzNmJkZTQ4XkEyXkFqcGc@._V1_SX300.jpg
4645,https://m.media-amazon.com/images/M/MV5BNDcyMTRiMWQtMjA4MS00OTk3LTkxYmMtMjI4ODAyNGVlZTU0XkEyXkFqcGc@._V1_SX300.jpg
4646,https://m.media-amazon.com/images/M/MV5BMDRkYWIxNDItMDc0ZC00NGQyLWJlY2EtMzZiNzQxNmUyZDZjXkEyXkFqcGc@._V1_SX300.jpg
4649,https://m.media-amazon.com/images/M/MV5BODUzOTRmMWUtMDZlNS00ZDhiLTg1NDYtOGVjMmM5MmQ3ZmYzXkEyXkFqcGc@._V1_SX300.jpg
4653,https://m.media-amazon.com/images/M/MV5BOTQ2N2ZiMjItZmJjMS00NWM0LThkOTItOTFjZmM3ZTNlMDk3XkEyXkFqcGc@._V1_SX300.jpg
4654,https://m.media-amazon.com/images/M/MV5BMTU1MTE2Mjk2OF5BMl5BanBnXkFtZTcwMTUzNjYzNA@@._V1_SX300.jpg
4658,https://m.media-amazon.com/images/M/MV5BNzEzZDRiMzMtYTBiNy00YmIyLWEyYjQtODRlNDRmYWNjMWZhXkEyXkFqcGc@._V1_SX300.jpg
4660,https://m.media-amazon.com/images/M/MV5BZTVjMThkNjMtM2UzZi00MTE1LThkY2QtNDJjYzdhMTkyMjJiXkEyXkFqcGdeQXVyMjI4MjA5MzA@._V1_SX300.jpg
4661,https://m.media-amazon.com/images/M/MV5BNTQ4ODNhMmQtZDM3MC00MTUyLWIwN2MtYWNhZjE5MTljNjIyXkEyXkFqcGc@._V1_SX300.jpg
4662,https://m.media-amazon.com/images/M/MV5BOThiYmVhMTItZGFiNS00MDRmLTkwZWUtODcyNGZlYmMzZGRlXkEyXkFqcGc@._V1_SX300.jpg
4663,https://m.media-amazon.com/images/M/MV5BYTI2MDE3NzMtOGEwZi00NjNjLWI0ZGMtOTQ2NzE5OGYxZTU0XkEyXkFqcGc@._V1_SX300.jpg
4666,https://m.media-amazon.com/images/M/MV5BYzkwYzkwY2ItY2QyOC00NDJiLWI5ZTMtMGI3NDUxODM0ZDc3XkEyXkFqcGc@._V1_SX300.jpg
4670,https://m.media-amazon.com/images/M/MV5BMmRhYjM3YTctZTdjZi00NmRlLTk0ODItMWRmYzMxNDFiNDQ1XkEyXkFqcGc@._V1_SX300.jpg
4671,https://m.media-amazon.com/images/M/MV5BN2NlOGNmZTYtZjU2OS00YTRmLTgxY2ItM2ExMmQ1M2VkYTI3XkEyXkFqcGc@._V1_SX300.jpg
4672,https://m.media-amazon.com/images/M/MV5BMTI3NDc5OTItNjExMC00MDE1LTlhZGQtNTRjYTk4MDk5MThkXkEyXkFqcGc@._V1_SX300.jpg
4673,https://m.media-amazon.com/images/M/MV5BYjcwNzI2ZWQtMDE2Yy00MGU2LTljZGYtZmVjZmQ4NDYzZmI2XkEyXkFqcGc@._V1_SX300.jpg
4675,https://m.media-amazon.com/images/M/MV5BYjY2NTg0ZmItNmMzMS00YTMxLThkMTUtM2Y0YmQ3Yzc4MWMyXkEyXkFqcGc@._V1_SX300.jpg
4676,https://m.media-amazon.com/images/M/MV5BMzIxOGE1ZjAtMjc5NS00NzlkLWExM2UtNmQzZTE2NGYxYzMwXkEyXkFqcGc@._V1_SX300.jpg
4677,https://m.media-amazon.com/images/M/MV5BYzYzYTliNGYtMGQzZS00ZGE0LWFmM2UtMzRlYWQ5NzI5ZTVlXkEyXkFqcGc@._V1_SX300.jpg
4678,https://m.media-amazon.com/images/M/MV5BMzE4ZWNiNDctMjY3MS00ZWNlLWFlMmQtZDE1OTg4NjczNjViXkEyXkFqcGc@._V1_SX300.jpg
4679,https://m.media-amazon.com/images/M/MV5BYmRjMTIxZDgtMGI2ZC00ZGYwLWFlMjUtYmE5MzllYWZjNWJmXkEyXkFqcGc@._V1_SX300.jpg
4681,https://m.media-amazon.com/images/M/MV5BMWZkOTA1YzAtZDM2MC00YTY5LTllNGMtOGExYTIxMTA2Y2FkXkEyXkFqcGc@._V1_SX300.jpg
4683,https://m.media-amazon.com/images/M/MV5BYmUwZTFmNWUtNmEzOS00NWU2LWIyMDYtYjUzZTdmNDVhM2RjXkEyXkFqcGc@._V1_SX300.jpg
4686,https://m.media-amazon.com/images/M/MV5BZjI1NmJhN2MtMjQwNy00MDM0LWFhODMtNDhkMWIxYWNiZDRjXkEyXkFqcGc@._V1_SX300.jpg
4687,https://m.media-amazon.com/images/M/MV5BOTYyMTMxZGQtNDU2ZS00YTMzLWFhNmItZmUxZmE3MGE5YmY0XkEyXkFqcGc@._V1_SX300.jpg
4688,https://m.media-amazon.com/images/M/MV5BYzExZjRmMTAtMWI4NS00YTA0LTkxOGEtN2YzNGRhYmRiMjUwXkEyXkFqcGc@._V1_SX300.jpg
4689,https://m.media-amazon.com/images/M/MV5BMTMxYjhiOWEtMDQ5OC00NjA5LTk3MmYtZDFiZWQ1YWY0ZWMxXkEyXkFqcGc@._V1_SX300.jpg
4690,https://m.media-amazon.com/images/M/MV5BZWNiNDcyOTktZTFmMi00N2IyLWJhMTctMWRkYjY0M2VhNjAxXkEyXkFqcGc@._V1_SX300.jpg
4695,https://m.media-amazon.com/images/M/MV5BOWU4NTI2NGQtOWM2Mi00YzUyLThjNzEtZjljOTZiMzNlYTEyXkEyXkFqcGc@._V1_SX300.jpg
4697,https://m.media-amazon.com/images/M/MV5BMGIwNTA1NjktZmUxNi00NGMzLTg5M2QtMzA2MzkxZGY4MWM5XkEyXkFqcGc@._V1_SX300.jpg
4699,https://m.media-amazon.com/images/M/MV5BODg3Mjg0MDY4M15BMl5BanBnXkFtZTcwNjY5MDQ2NA@@._V1_SX300.jpg
4700,https://m.media-amazon.com/images/M/MV5BMzNiYWQ4NjUtZjliMS00MTllLWIxNDItNGU1MjBkMTE3ODg1XkEyXkFqcGc@._V1_SX300.jpg
4701,https://m.media-amazon.com/images/M/MV5BMGM0OTM4NGYtYzkzMC00OGZmLWEwZTItOTg4ZTdkYTIxOTc0XkEyXkFqcGc@._V1_SX300.jpg
4703,https://m.media-amazon.com/images/M/MV5BMjI2NDcyMDc0Ml5BMl5BanBnXkFtZTcwOTA0NjMzNA@@._V1_SX300.jpg
4704,https://m.media-amazon.com/images/M/MV5BMzVkYTBlZDQtNDliZi00NDI2LTk1YTktMTU1YWE2MTBkODNmXkEyXkFqcGc@._V1_SX300.jpg
4705,https://m.media-amazon.com/images/M/MV5BM2RmZjAyNmItOGY2OS00NWJiLTk5NWUtOTg5YTVjMzkwYmVhXkEyXkFqcGc@._V1_SX300.jpg
4708,https://m.media-amazon.com/images/M/MV5BNWZhMjNiYzktYTI4YS00Njk2LWFhZDAtMzQ3OGQzZWFjMGJmXkEyXkFqcGc@._V1_SX300.jpg
4709,https://m.media-amazon.com/images/M/MV5BMzIwNjViZWUtOTgyZC00MWFlLWFkMzMtNTFiODhkNDA4NDQ5XkEyXkFqcGc@._V1_SX300.jpg
4710,https://m.media-amazon.com/images/M/MV5BYTMxODM2ZDgtMWMxYy00ZmM5LWJlMWEtMDI0MWVkZWUxZDUyXkEyXkFqcGc@._V1_SX300.jpg
4711,https://m.media-amazon.com/images/M/MV5BMDllYTkyMjUtNTY3NC00N2JlLWEwMWMtNzAxMTQ0MzczYmEyXkEyXkFqcGdeQXVyNjMwMjk0MTQ@._V1_SX300.jpg
4713,https://m.media-amazon.com/images/M/MV5BMjA3ZmU3ZjEtMmJkNC00MzZjLWEzZTEtZDdmN2Y3OWJhMmFjXkEyXkFqcGc@._V1_SX300.jpg
4714,https://m.media-amazon.com/images/M/MV5BNzdmZWUyNjYtZTExOS00NGE3LWE0MjAtY2JiNDE5MDljZjY0XkEyXkFqcGc@._V1_SX300.jpg
4715,https://m.media-amazon.com/images/M/MV5BZDM4ZWQ3OGItMzE3Yi00Zjk3LWEwNDYtMTNjNTU5YTMwZDI0XkEyXkFqcGc@._V1_SX300.jpg
4717,https://m.media-amazon.com/images/M/MV5BYTIzYTQ3ZTAtN2NhMy00NzEyLWEzY2MtY2FlOGM1OWQ1YjBiXkEyXkFqcGc@._V1_SX300.jpg
4718,https://m.media-amazon.com/images/M/MV5BM2I4MDEwOTctNGE0Yi00NTJlLThiZGEtNzU1YjExNmRlYzI2XkEyXkFqcGc@._V1_SX300.jpg
4719,https://m.media-amazon.com/images/M/MV5BYWRkZWE3M2YtMjI0MC00ODk2LThhYTktN2ZmM2RiMTJiZGYwXkEyXkFqcGc@._V1_SX300.jpg
4720,https://m.media-amazon.com/images/M/MV5BZTNhODBkODAtNDllYy00YTg1LWJmNDUtYjgzMzEzOWQ0YWNjXkEyXkFqcGc@._V1_SX300.jpg
4721,https://m.media-amazon.com/images/M/MV5BMTIwMTYxODAzMV5BMl5BanBnXkFtZTYwNTM3Nzc5._V1_SX300.jpg
4722,https://m.media-amazon.com/images/M/MV5BMGQxNWQ1MjItNGFhYS00ZDY3LWFhNzYtZjJhM2RiMWMzZTVhXkEyXkFqcGc@._V1_SX300.jpg
4723,https://m.media-amazon.com/images/M/MV5BNGFiOWUyM2ItZTcyNy00M2U0LThmYzAtMzMyYWU0MmVlNmZiXkEyXkFqcGc@._V1_SX300.jpg
4725,https://m.media-amazon.com/images/M/MV5BMTNmZjU1ZmYtYzkwYS00Yzk3LWEwODQtZmFmOWZkNDY4OGEwXkEyXkFqcGc@._V1_SX300.jpg
4727,https://m.media-amazon.com/images/M/MV5BMTA3Nzg5YzYtMDIzNy00ZmNlLWIxN2UtNTFhM2M5MmMyYmJkXkEyXkFqcGc@._V1_SX300.jpg
4728,https://m.media-amazon.com/images/M/MV5BZGY0NDk4ZjEtZmZiYS00ZTE5LTlmMDktNGI3NTYzYjdlYTE5XkEyXkFqcGc@._V1_SX300.jpg
4732,https://m.media-amazon.com/images/M/MV5BZmI0MjYyZTktNDI1Zi00ZGVmLWE2MWMtYmIwNWY3NjcyY2E4XkEyXkFqcGc@._V1_SX300.jpg
4733,https://m.media-amazon.com/images/M/MV5BMzBmMTk3ZmItZTg1Zi00OWU4LWFmN2EtZjU4Y2RmZTcwYmU0XkEyXkFqcGc@._V1_SX300.jpg
4734,https://m.media-amazon.com/images/M/MV5BZjAxZDU1YjYtOGJjZC00NjQ2LWFhNjEtZGVhZDZhYTlhMzUyXkEyXkFqcGc@._V1_SX300.jpg
4735,https://m.media-amazon.com/images/M/MV5BNTY5MWQ2YzUtNGM4YS00ZTYxLWJkMGUtMTg2ODlkNDUwMzY1XkEyXkFqcGc@._V1_SX300.jpg
4736,https://m.media-amazon.com/images/M/MV5BOWMxNGM4YTItMjY3NC00MzIzLWI2MDMtMGZmOGIyZjdkNDNiXkEyXkFqcGc@._V1_SX300.jpg
4738,https://m.media-amazon.com/images/M/MV5BMTYyNDY2ODg3NF5BMl5BanBnXkFtZTcwMDQ0Mjk3OA@@._V1_SX300.jpg
4740,https://m.media-amazon.com/images/M/MV5BMTQzMTE2OTQzNF5BMl5BanBnXkFtZTYwNTgyODc5._V1_SX300.jpg
4741,https://m.media-amazon.com/images/M/MV5BNDYwZjVhOTctNmEyZi00NDk3LTkxYmYtYjgzZGM2ZTJkODUwXkEyXkFqcGc@._V1_SX300.jpg
4743,https://m.media-amazon.com/images/M/MV5BMmVhN2E1ZDgtODQ1Yy00MDU4LTgyYmQtNzczYmVhY2ZhYjlhXkEyXkFqcGc@._V1_SX300.jpg
4744,https://m.media-amazon.com/images/M/MV5BMTkwNDU0NTE0OV5BMl5BanBnXkFtZTgwNzAzNzQyMTI@._V1_SX300.jpg
4745,https://m.media-amazon.com/images/M/MV5BMTg0MzA1ODg5M15BMl5BanBnXkFtZTYwODYxMTU3._V1_SX300.jpg
4748,https://m.media-amazon.com/images/M/MV5BYTEzMTJhZmMtMWM3OS00OTk3LWE2NWQtNjgyMWE0ZTM4ZTdkXkEyXkFqcGc@._V1_SX300.jpg
4749,https://m.media-amazon.com/images/M/MV5BZDA1MWI2NjgtYWU5OS00MzJjLTkyOGMtZjMxYjRkNDA5ZWQyXkEyXkFqcGc@._V1_SX300.jpg
4750,https://m.media-amazon.com/images/M/MV5BZjU5YjdjZjMtNzhmZS00Yjg2LTliZjUtNjVmOWYyNzgxYzA0XkEyXkFqcGc@._V1_SX300.jpg
4754,https://m.media-amazon.com/images/M/MV5BMWU5NmUxMmYtM2QwYS00ODc1LTkxOGItMWY3ZmEzNzJkNGU3XkEyXkFqcGc@._V1_SX300.jpg
4756,https://m.media-amazon.com/images/M/MV5BNzNjMTEzOTYtMDMxNC00YWI2LTkwMzItZTM0OGNmNTkyOGI1XkEyXkFqcGc@._V1_SX300.jpg
4757,https://m.media-amazon.com/images/M/MV5BNDI4YWY2ZWItMDNkMi00NzRjLThjYjgtZDZiMzhlZmNiMDBmXkEyXkFqcGc@._V1_SX300.jpg
4759,https://m.media-amazon.com/images/M/MV5BOTc1N2YwOTMtOWIzZC00NTJiLTg4MzMtMGIyMTdkZjhkYzE2XkEyXkFqcGc@._V1_SX300.jpg
4765,https://m.media-amazon.com/images/M/MV5BOGY3YzUyNjItNTZjNi00ZTE3LTlhZmQtODRlNDJhYmZkNTFiXkEyXkFqcGc@._V1_SX300.jpg
4766,https://m.media-amazon.com/images/M/MV5BZjYwZDQ1OWUtNGMzZS00Zjc4LTk0OGMtZmQ3ZTZjZDcxZDk5XkEyXkFqcGc@._V1_SX300.jpg
4769,https://m.media-amazon.com/images/M/MV5BNDljMjI3MGMtZWNmZi00ZWIwLWIzMDMtYjVhODg1Mzg1ZWQ3XkEyXkFqcGc@._V1_SX300.jpg
4770,https://m.media-amazon.com/images/M/MV5BMTY3MzA4NzYyOF5BMl5BanBnXkFtZTYwNjk3Nzc5._V1_SX300.jpg
4771,https://m.media-amazon.com/images/M/MV5BMjY3Nzk0NzkxMF5BMl5BanBnXkFtZTgwMTYxNzYxMTE@._V1_SX300.jpg
4772,https://m.media-amazon.com/images/M/MV5BYzNlYzM0MmMtYTA4Yy00YjA4LWE0OGEtMzljY2NiYmMzZmFmXkEyXkFqcGc@._V1_SX300.jpg
4773,https://m.media-amazon.com/images/M/MV5BNmE5MjMyMGItMzBhOC00NTUwLTlhN2EtNzdhMGU5YmJiZDE5XkEyXkFqcGc@._V1_SX300.jpg
4774,https://m.media-amazon.com/images/M/MV5BZmE2NjQzZmMtZGU0ZS00ZDNlLWEzNGItOGY0MmFmNWUzYmI5XkEyXkFqcGc@._V1_SX300.jpg
4775,https://m.media-amazon.com/images/M/MV5BNWI1ZDEzMDgtMGJmZC00MzE5LTkxODMtZThhMGU3NjlhYTMxXkEyXkFqcGc@._V1_SX300.jpg
4776,https://m.media-amazon.com/images/M/MV5BMjRlNjUwOGYtNGQxZS00ZjhkLTg0NDgtYjcwNzZlNDU2YjBlXkEyXkFqcGc@._V1_SX300.jpg
4777,https://m.media-amazon.com/images/M/MV5BNDMzMTExOTIxOV5BMl5BanBnXkFtZTcwNTUwNzcyMQ@@._V1_SX300.jpg
4780,https://m.media-amazon.com/images/M/MV5BYzhhMmZlMGQtMjJlMy00OTJhLWJiOTQtZGZjMjA4ZWE0ZmQ5XkEyXkFqcGc@._V1_SX300.jpg
4782,https://m.media-amazon.com/images/M/MV5BNzM5NzQzNTQtODcyMy00MGNhLWI2YWUtNmNlOGY0MGIxM2EwXkEyXkFqcGc@._V1_SX300.jpg
4783,https://m.media-amazon.com/images/M/MV5BMTQ4NTkwNDcxNl5BMl5BanBnXkFtZTcwMDcwODcyMQ@@._V1_SX300.jpg
4784,https://m.media-amazon.com/images/M/MV5BMDYzZjg5NzgtYTQ0Zi00YjJkLThkYzAtNjRmZDJlYTRhMTEyXkEyXkFqcGc@._V1_SX300.jpg
4785,https://m.media-amazon.com/images/M/MV5BYjFhZmNjMjItNDgxNS00ZTE0LThiYmYtYmEzNjUxMTdkMzI0XkEyXkFqcGc@._V1_SX300.jpg
4786,https://m.media-amazon.com/images/M/MV5BNTBmYjk4NGYtODMyNC00MzkyLThjNTQtN2MzZjQwZjYxNDYyXkEyXkFqcGc@._V1_SX300.jpg
4787,https://m.media-amazon.com/images/M/MV5BZTk2ODRjMDYtZmVkNi00NjFlLWE0N2ItM2JiZjRkNDI2NGFmXkEyXkFqcGc@._V1_SX300.jpg
4788,https://m.media-amazon.com/images/M/MV5BYzI1MDkyYjctNjZjNi00YjRmLTllZDgtNDUyZDllNTQzYzMwXkEyXkFqcGc@._V1_SX300.jpg
4789,https://m.media-amazon.com/images/M/MV5BZmRkNGJjNTAtMmQzNC00ZDc2LWI5MDItYWM1ZDliMTU5YzEzXkEyXkFqcGc@._V1_SX300.jpg
4792,https://m.media-amazon.com/images/M/MV5BYjM4YjM5YTctZmU5YS00NmY1LTkzNmUtZjE0ZWEyMzBiYzk0XkEyXkFqcGc@._V1_SX300.jpg
4794,https://m.media-amazon.com/images/M/MV5BZjlhNWVlYTMtYWJjYS00MGFlLTg0OTMtYmVhMDkzZjc1YzliXkEyXkFqcGc@._V1_SX300.jpg
4795,https://m.media-amazon.com/images/M/MV5BNWNiODllMzEtYTM0OC00NzIxLWI4ZDEtMjcwNTZkN2Y4MGE2XkEyXkFqcGc@._V1_SX300.jpg
4796,https://m.media-amazon.com/images/M/MV5BNmNmYjg4YjktM2E2OC00MzgxLWE2NmYtZDlmNWVlMzE0N2JjXkEyXkFqcGc@._V1_SX300.jpg
4798,https://m.media-amazon.com/images/M/MV5BYmQ5MGZiZjEtZTAwZi00YTdlLWIzOTYtNGU5MWU2ZTVlOWY0XkEyXkFqcGc@._V1_SX300.jpg
4799,https://m.media-amazon.com/images/M/MV5BYzVhY2Y4MTUtMDJmYi00MmMyLWFhY2UtMzk4NjEyYWFlZWFkXkEyXkFqcGc@._V1_SX300.jpg
4800,https://m.media-amazon.com/images/M/MV5BNjc2YWYzYjgtNmI4NC00MDk4LTk5MTYtM2I1YzUyYjA3NjhjXkEyXkFqcGc@._V1_SX300.jpg
4801,https://m.media-amazon.com/images/M/MV5BOGYxMzhiMzgtMjE3Ni00NTQwLWI3ZTgtOWMzZTAwOTQ2ZDU5XkEyXkFqcGc@._V1_SX300.jpg
4802,https://m.media-amazon.com/images/M/MV5BYzg3Yzc4MzktYjUyNC00MTI3LWEwNjQtYTQ5ZDIxMTBhZjBhXkEyXkFqcGc@._V1_SX300.jpg
4803,https://m.media-amazon.com/images/M/MV5BZGE2MWFlOTItYzczNS00NzYwLWE1MWUtYWYyYWQzMTNiOTk3XkEyXkFqcGc@._V1_SX300.jpg
4804,https://m.media-amazon.com/images/M/MV5BNzZiMjczYTctN2M3ZC00Y2VhLWE3MmQtZDdjYjMyNmEyZDIyXkEyXkFqcGc@._V1_SX300.jpg
4808,https://m.media-amazon.com/images/M/MV5BMGVkMTNlZTktZWIxNi00MDcyLTk3NWYtNjBjZTUxYzhiZDkwXkEyXkFqcGc@._V1_SX300.jpg
4809,https://m.media-amazon.com/images/M/MV5BOGVhMWYzNWQtODQ4NS00OTI5LTlmYjEtNWZlZjc2OWIxYzg5XkEyXkFqcGc@._V1_SX300.jpg
4810,https://m.media-amazon.com/images/M/MV5BZjAzMTYyMDUtZGNkYS00YzRiLWFjYzYtODk0YWE2NWRiMjY4XkEyXkFqcGc@._V1_SX300.jpg
4811,https://m.media-amazon.com/images/M/MV5BYzkzYTY5Y2ItNDE4Yy00MDkyLWJkMzEtZDU0YTI2N2Q2ZGJjXkEyXkFqcGc@._V1_SX300.jpg
4812,https://m.media-amazon.com/images/M/MV5BZDE3ZmZlNjEtNjE1ZC00MmZhLWIzNmMtYmJhNzQ1OTY2ZjYyXkEyXkFqcGc@._V1_SX300.jpg
4813,https://m.media-amazon.com/images/M/MV5BYTk5MTQwOTUtNmI0MS00ZjYwLWIyMzctMTNkMTU1NTY2ZWY2XkEyXkFqcGc@._V1_SX300.jpg
4814,https://m.media-amazon.com/images/M/MV5BOGY3OWJmZmQtYWFjZi00MzFhLTg4Y2YtOWI5YTkxZGRmOWNkXkEyXkFqcGc@._V1_SX300.jpg
4815,https://m.media-amazon.com/images/M/MV5BN2UwMzFjNGYtMWUzNS00ZmVmLTlhOWMtZWVlODJlMjg1NDE4XkEyXkFqcGc@._V1_SX300.jpg
4816,https://m.media-amazon.com/images/M/MV5BODI4NDY2NDM5M15BMl5BanBnXkFtZTgwNzEwOTMxMDE@._V1_SX300.jpg
4818,https://m.media-amazon.com/images/M/MV5BNmY5OWFkZTctOWYwMy00NmYxLWI4NzQtMTNiZWEzYWUzNGRiXkEyXkFqcGc@._V1_SX300.jpg
4821,https://m.media-amazon.com/images/M/MV5BMGQ5ZDYzODYtYzlhNi00YTk4LWIyMTQtNTlhNzk5N2ZlNmFhXkEyXkFqcGc@._V1_SX300.jpg
4822,https://m.media-amazon.com/images/M/MV5BYmU1NzJlMzctNzczYS00NTUzLTk0NDQtY2ZjNTAxNWVhMTEwXkEyXkFqcGc@._V1_SX300.jpg
4823,https://m.media-amazon.com/images/M/MV5BYTQzMjE3YTAtYzc2MC00OTk4LTg0NTYtYzg3YzQ2ZTM3ODY1XkEyXkFqcGc@._V1_SX300.jpg
4825,https://m.media-amazon.com/images/M/MV5BNmFiOTE0MWItMDUwMi00N2MxLTliOTEtMGEwZDY3ODIzNWY1XkEyXkFqcGc@._V1_SX300.jpg
4826,https://m.media-amazon.com/images/M/MV5BYTMxMjA1ZjgtYjI3Ny00OWU4LWE1ZTItZWEwMjViODRhNzgzXkEyXkFqcGc@._V1_SX300.jpg
4827,https://m.media-amazon.com/images/M/MV5BNDRlODY1MmQtOWJkNy00NmRlLTkxNzEtNGU3NzNkYjJjMTE5XkEyXkFqcGc@._V1_SX300.jpg
4828,https://m.media-amazon.com/images/M/MV5BYmZjYmI0NDktZmYyMS00NWM3LWI3M2ItYWRiOGVkMTAwZWM4XkEyXkFqcGc@._V1_SX300.jpg
4830,https://m.media-amazon.com/images/M/MV5BMjI3OTY5OGYtZmI1Ny00MGU5LTg2MzgtZGY0YWVjODM1NDExXkEyXkFqcGc@._V1_SX300.jpg
4831,https://m.media-amazon.com/images/M/MV5BMmY1Y2FlZDItMjU5OC00YTM1LWE4Y2QtYTFmZTJlOTMzMTgzXkEyXkFqcGc@._V1_SX300.jpg
4833,https://m.media-amazon.com/images/M/MV5BNjMzZWFmZWEtNWE0My00MDcwLTg4YzItMTczOTJkN2Q2NGY0XkEyXkFqcGc@._V1_SX300.jpg
4835,https://m.media-amazon.com/images/M/MV5BYzM4YTY2ZWUtOTAzZS00OWE0LTg3NzctOWMzMTljOTJjMGQ2XkEyXkFqcGc@._V1_SX300.jpg
4836,https://m.media-amazon.com/images/M/MV5BMDE5Y2FjODktM2FmYS00OTc0LTk4YWMtYmUyNDVmY2ZlNGJiXkEyXkFqcGc@._V1_SX300.jpg
4840,https://m.media-amazon.com/images/M/MV5BYmFiMTFlMzUtN2JmNS00MGIzLWEzOTUtY2RkNjQ2OTY2MDZiXkEyXkFqcGc@._V1_SX300.jpg
4844,https://m.media-amazon.com/images/M/MV5BMTkyMzA3OTI3NV5BMl5BanBnXkFtZTYwMjU0ODM3._V1_SX300.jpg
4845,https://m.media-amazon.com/images/M/MV5BMjgzNzE2ODQtMGNlNy00ZmY0LWIyMzctY2U5NmJmZDg1NTlhXkEyXkFqcGc@._V1_SX300.jpg
4846,https://m.media-amazon.com/images/M/MV5BOWE2NzA1YTAtNmIwMi00ZjhlLTg2YTYtZGZlMDdlNjJiZWJkXkEyXkFqcGc@._V1_SX300.jpg
4847,https://m.media-amazon.com/images/M/MV5BODJmNjU4MzUtMzc3ZS00ZDk1LTgyNDktOTE3ZWUxODhjMzA4XkEyXkFqcGc@._V1_SX300.jpg
4848,https://m.media-amazon.com/images/M/MV5BNjliY2UwMjQtYjVlNi00NzExLTg1MDMtMjE2OTYwYjI0NTcxXkEyXkFqcGc@._V1_SX300.jpg
4849,https://m.media-amazon.com/images/M/MV5BMjY2Njg1ZmEtZGE0My00YTE3LWI2MjUtOWNhZWUwNmEzMTQ4XkEyXkFqcGc@._V1_SX300.jpg
4850,https://m.media-amazon.com/images/M/MV5BZGQ1Y2RlZWYtMTcyMC00ZTc0LTlhMzItM2RhNDZlZTVjOGY0XkEyXkFqcGc@._V1_SX300.jpg
4852,https://m.media-amazon.com/images/M/MV5BOWQwYzVlY2YtOWRmZS00M2E0LWExN2UtOGJhOTIzODI0ZTZmXkEyXkFqcGc@._V1_SX300.jpg
4855,https://m.media-amazon.com/images/M/MV5BYzNmOWVjN2ItMTQzOS00MTI4LTgxZDItMmZjNTVlMjY5Mjc1XkEyXkFqcGc@._V1_SX300.jpg
4857,https://m.media-amazon.com/images/M/MV5BMzYyYjJmMjctNzk3Yi00NmRhLWE5ZmQtZTNlZjU3MDMxNTBhXkEyXkFqcGc@._V1_SX300.jpg
4860,https://m.media-amazon.com/images/M/MV5BNTY4YTA5ZjktZjEwNi00ZWVhLWFjNGMtM2VjMzA1NmNjZWJiXkEyXkFqcGc@._V1_SX300.jpg
4862,https://m.media-amazon.com/images/M/MV5BZjY5Y2RkNjEtM2JiYi00MzE0LTgyMmQtNDZjMWE2ZTdlODk5XkEyXkFqcGc@._V1_SX300.jpg
4863,https://m.media-amazon.com/images/M/MV5BYzgyMjdlZTYtN2UyOC00NjE3LWIzNGUtYjNhN2VhNDQyNmQ3XkEyXkFqcGc@._V1_SX300.jpg
4864,https://m.media-amazon.com/images/M/MV5BMTQ1OTQ3MTAxN15BMl5BanBnXkFtZTcwMjk2MzkxMQ@@._V1_SX300.jpg
4865,https://m.media-amazon.com/images/M/MV5BNzA5N2RlZDItNzc5My00YjIwLWFiMzktYTI1NDg0MDc1YTY1XkEyXkFqcGc@._V1_SX300.jpg
4866,https://m.media-amazon.com/images/M/MV5BMTk0MzUxNGQtYTg2MC00OTJmLWE5YTAtMzI4NzlhZGFjNTBmXkEyXkFqcGc@._V1_SX300.jpg
4867,https://m.media-amazon.com/images/M/MV5BZmQ3MjM3OTAtNDUwYy00NWM3LTljM2ItN2JhZTRlMDM3ZTcxXkEyXkFqcGc@._V1_SX300.jpg
4871,https://m.media-amazon.com/images/M/MV5BMjlmMGY0MTMtODNiMy00ZWNmLWFhYTktNzZhZWRkYWU0ZWQ4XkEyXkFqcGc@._V1_SX300.jpg
4873,https://m.media-amazon.com/images/M/MV5BMjlhZDI0MjYtNjcyYi00YzI1LThiNjktN2Y4ZDNkY2NhNmYzXkEyXkFqcGc@._V1_SX300.jpg
4874,https://m.media-amazon.com/images/M/MV5BZWU5MTJiNDMtMmI0Yy00MWRjLTgwZjktODEyY2NmZThhM2EwXkEyXkFqcGc@._V1_SX300.jpg
4876,https://m.media-amazon.com/images/M/MV5BNmFjMzZkODQtYmEwNS00MzIwLThhNmMtNjRiMmRjNjQ3MzQwXkEyXkFqcGc@._V1_SX300.jpg
4877,https://m.media-amazon.com/images/M/MV5BMTU3MzE2ODkzMF5BMl5BanBnXkFtZTcwMjA5NjQyMQ@@._V1_SX300.jpg
4878,https://m.media-amazon.com/images/M/MV5BMWE3NTYzZmEtM2U5MS00MDZhLTk2ZTQtZTgzNjg0ZGQ5ZjM0XkEyXkFqcGc@._V1_SX300.jpg
4879,https://m.media-amazon.com/images/M/MV5BOTI0MTgzOWUtNTU5Mi00MzVkLWI1ZDktNTVkZTg4M2Y2MTRkXkEyXkFqcGc@._V1_SX300.jpg
4880,https://m.media-amazon.com/images/M/MV5BMWI5ZTRmYTUtMGQxYy00N2UxLWJmOGEtM2Y0ODNjYTViZGMzXkEyXkFqcGc@._V1_SX300.jpg
4881,https://m.media-amazon.com/images/M/MV5BN2E4MTZkMjUtNWNjMy00N2VhLThmODUtNDAyMDg0ZTQ3MGUwXkEyXkFqcGc@._V1_SX300.jpg
4883,https://m.media-amazon.com/images/M/MV5BMjExMTQ4MTAxMl5BMl5BanBnXkFtZTcwNjE5NzUxMQ@@._V1_SX300.jpg
4885,https://m.media-amazon.com/images/M/MV5BOTcxZjFlYjMtZjM3MS00NmI5LWFmZjctMjYxN2NkZTc0MWZjXkEyXkFqcGc@._V1_SX300.jpg
4886,https://m.media-amazon.com/images/M/MV5BMTY1NTI0ODUyOF5BMl5BanBnXkFtZTgwNTEyNjQ0MDE@._V1_SX300.jpg
4887,https://m.media-amazon.com/images/M/MV5BMzE3Y2VjNzMtZGMyOS00ZjA5LWExZjYtYzNkMTQ3Mzk5YmY0XkEyXkFqcGc@._V1_SX300.jpg
4888,https://m.media-amazon.com/images/M/MV5BMDYyNDQ2ZGQtZDY1Yy00NDI0LWI3NGYtZTY0MGViMmQyYmJlXkEyXkFqcGc@._V1_SX300.jpg
4889,https://m.media-amazon.com/images/M/MV5BY2M4YWQ5NDAtNjAwZC00NmM2LWJiNWUtOWEwNmE1Mjc5OGMyXkEyXkFqcGc@._V1_SX300.jpg
4890,https://m.media-amazon.com/images/M/MV5BMTcwMzY2NDE0NF5BMl5BanBnXkFtZTYwNjg2Njc2._V1_SX300.jpg
4893,https://m.media-amazon.com/images/M/MV5BMTAwMDcwNjUtODNhMi00M2NjLTllMDctMTUzMzc3ZGQzYTk0XkEyXkFqcGc@._V1_SX300.jpg
4896,https://m.media-amazon.com/images/M/MV5BNTU1MzgyMDMtMzBlZS00YzczLThmYWEtMjU3YmFlOWEyMjE1XkEyXkFqcGc@._V1_SX300.jpg
4898,https://m.media-amazon.com/images/M/MV5BZWIwNDIwOTktYmNkOC00ZjRkLTg3NjgtNDY1ZGIzMTM5MDA3XkEyXkFqcGc@._V1_SX300.jpg
4899,https://m.media-amazon.com/images/M/MV5BNzU4Y2M0MjgtZTBkOS00Y2RjLTk0YzAtYzEzNmI4NmY3YTI4XkEyXkFqcGc@._V1_SX300.jpg
4900,https://m.media-amazon.com/images/M/MV5BZGUxZDZiYzAtMTc3My00OGQ0LWE5NDMtZWIwMzk2Zjk4ZjE4XkEyXkFqcGc@._V1_SX300.jpg
4901,https://m.media-amazon.com/images/M/MV5BYTljZmI1MjctMWJmMC00ZjJmLTkwNzUtNGQxNWJhZGRjMjM3XkEyXkFqcGc@._V1_SX300.jpg
4902,https://m.media-amazon.com/images/M/MV5BZmUzNWM1NTktMTkwNC00OGFhLTgyNmEtYjE3ZTg5MmE3NzlmXkEyXkFqcGc@._V1_SX300.jpg
4903,https://m.media-amazon.com/images/M/MV5BYTFmY2U1N2QtZWE5Mi00MjBjLTkyNjgtZmNkZTk2MTJlMTcxXkEyXkFqcGc@._V1_SX300.jpg
4909,https://m.media-amazon.com/images/M/MV5BZTYxODM1ZjctMzJmNS00ZmIyLTg2YmYtNjA1YWI0YzAxODcwXkEyXkFqcGc@._V1_SX300.jpg
4911,https://m.media-amazon.com/images/M/MV5BYzMzNWQ4YmItYjc0NC00YTQyLTkwYzYtOWFjYTI1YzkzYjhlXkEyXkFqcGc@._V1_SX300.jpg
4912,https://m.media-amazon.com/images/M/MV5BZjg4NTA3MTktNDRkMy00MjlhLTlmYTgtNWExY2ViN2QxMWJhXkEyXkFqcGc@._V1_SX300.jpg
4914,https://m.media-amazon.com/images/M/MV5BZGI5MWNjYmEtNzUxZC00YTI3LWE5MzctZTdhYjJkMGMxYzI3XkEyXkFqcGc@._V1_SX300.jpg
4915,https://m.media-amazon.com/images/M/MV5BY2EyYjlmY2EtMjQ3Ni00N2Q2LWFkYTQtOGE2NzM2YjZkZTQ5XkEyXkFqcGc@._V1_SX300.jpg
4916,https://m.media-amazon.com/images/M/MV5BZDQxOGRhNTYtMjk1ZS00YTM0LWJhZTktYzJlMjBjMDgxNjEwXkEyXkFqcGc@._V1_SX300.jpg
4917,https://m.media-amazon.com/images/M/MV5BYTE5MWViMDktYWRiYS00YWE1LWE0ZWItZDJjMjZjMzdjN2Y5XkEyXkFqcGc@._V1_SX300.jpg
4919,https://m.media-amazon.com/images/M/MV5BYjcxYzJhYzEtMzA2MS00MzdlLTlhNDktZmE4MjZhMzc0MGRkXkEyXkFqcGc@._V1_SX300.jpg
4920,https://m.media-amazon.com/images/M/MV5BNTIwOGNiMDgtODgxNi00NTAxLTk2ZGEtOTliYWY5ZGRmNzU1XkEyXkFqcGc@._V1_SX300.jpg
4921,https://m.media-amazon.com/images/M/MV5BMDA5NWY5NzMtZDE2YS00YjdiLWIzYTktYjljOGY2Yzg3OTRmXkEyXkFqcGc@._V1_SX300.jpg
4925,https://m.media-amazon.com/images/M/MV5BNTI3NzMzYjQtMjU3Yy00Zjc5LWFhNmQtYWFmOWNiYmI0NTM2XkEyXkFqcGc@._V1_SX300.jpg
4926,https://m.media-amazon.com/images/M/MV5BYjY5N2MxNjItMDUwYi00YjdhLTk4Y2EtMDQ4ODc0OWQ4ZmIyXkEyXkFqcGdeQXVyMTMxODk2OTU@._V1_SX300.jpg
4927,https://m.media-amazon.com/images/M/MV5BN2U4MGJkYjctNDA1YS00ODUwLWI4NDUtOTJiYzAzODQzMDcxXkEyXkFqcGc@._V1_SX300.jpg
4928,https://m.media-amazon.com/images/M/MV5BYTcwNjY3OTAtODNmYy00OTZlLWE0YmMtMGEwYmRmNjNiMmE5XkEyXkFqcGc@._V1_SX300.jpg
4929,https://m.media-amazon.com/images/M/MV5BNDMwZTg1ODItOWU3ZC00MDY5LWJiNWEtMDM3Mjg4OWViOGQ0XkEyXkFqcGc@._V1_SX300.jpg
4932,https://m.media-amazon.com/images/M/MV5BMTMzNjY0MDgxMV5BMl5BanBnXkFtZTcwMDE4NzQzNA@@._V1_SX300.jpg
4936,https://m.media-amazon.com/images/M/MV5BY2UxMGYxZjAtMzFiOS00NTU5LWE2MjgtYjI1NWE3ODVmNjk5XkEyXkFqcGc@._V1_SX300.jpg
4939,https://m.media-amazon.com/images/M/MV5BYjljZWJmOTktZGQyNi00NzFlLTk4ZmMtYzdjM2IxZDZiYjYyXkEyXkFqcGc@._V1_SX300.jpg
4941,https://m.media-amazon.com/images/M/MV5BYzQ1NGE2MTItY2Q0ZS00ZmYyLWEzZjgtYWIwNGU2NWFkZGQ1XkEyXkFqcGc@._V1_SX300.jpg
4942,https://m.media-amazon.com/images/M/MV5BOTg4NGM2NjMtYzAzNS00MjQ0LWI2NmYtNTJhNDEzMTM5YWFiXkEyXkFqcGc@._V1_SX300.jpg
4945,https://m.media-amazon.com/images/M/MV5BZTQxNGQ2MjEtMWEwZS00ZmEwLWEyOTEtNzdkM2QwMTg2ZDBlXkEyXkFqcGc@._V1_SX300.jpg
4946,https://m.media-amazon.com/images/M/MV5BMzk4MGIwNzUtY2Y4Yy00ZTZmLWEyYzktOGMyZmZhZmFlZjQzXkEyXkFqcGc@._V1_SX300.jpg
4947,https://m.media-amazon.com/images/M/MV5BMWI4YzFmOTktZjkwNS00YTMzLThlOTUtNTA1ZDZlNThiOGQ0XkEyXkFqcGc@._V1_SX300.jpg
4951,https://m.media-amazon.com/images/M/MV5BMGFmNWUwMTItMmM1Mi00YmFmLWE3Y2YtNjIyYTcxN2M5MjY3XkEyXkFqcGc@._V1_SX300.jpg
4952,https://m.media-amazon.com/images/M/MV5BODQzOWNjZjctMzMxMC00ZTBmLWJhMjMtYWZhZjY5NDMwODVjXkEyXkFqcGdeQXVyMjUzOTY1NTc@._V1_SX300.jpg
4953,https://m.media-amazon.com/images/M/MV5BMTQyMjMxODYxM15BMl5BanBnXkFtZTcwMTUxMTM4NA@@._V1_SX300.jpg
4954,https://m.media-amazon.com/images/M/MV5BMjA5MzU1ODQzOF5BMl5BanBnXkFtZTgwNTA2MDE3MTE@._V1_SX300.jpg
4956,https://m.media-amazon.com/images/M/MV5BY2QyMjkxNTctYjc1ZS00MjliLTg0OTMtYjFhOTRmNzkyNzRjXkEyXkFqcGc@._V1_SX300.jpg
4957,https://m.media-amazon.com/images/M/MV5BZDVlNWYxODEtYzRkMi00ODk3LWE4ZTYtMjdiYTFmZGFhZDczXkEyXkFqcGc@._V1_SX300.jpg
4958,https://m.media-amazon.com/images/M/MV5BNTBjYjM3MTQtNmIxMi00MDY0LWExMGItYzY5MWI2MjU4YWNhXkEyXkFqcGc@._V1_SX300.jpg
4959,https://m.media-amazon.com/images/M/MV5BNDY4YjFmYjktN2UyZi00ZmNmLTlhYzQtYjNhYTdkNDkwNjBmXkEyXkFqcGc@._V1_SX300.jpg
4961,https://m.media-amazon.com/images/M/MV5BMTM0NjYzOTg0N15BMl5BanBnXkFtZTcwNTQyMTQyMQ@@._V1_SX300.jpg
4962,https://m.media-amazon.com/images/M/MV5BNjc4NWMxYmMtMjczYS00NmU3LWE5NzAtY2JhNTdjOWM3YmE1XkEyXkFqcGc@._V1_SX300.jpg
4963,https://m.media-amazon.com/images/M/MV5BMmNhZDkxYTgtMDM3ZC00NTQ3LWFjZTUtNzc1Y2QyNWZjNDRmXkEyXkFqcGc@._V1_SX300.jpg
4964,https://m.media-amazon.com/images/M/MV5BMDY1MDg5YWMtZTBmNy00ODExLTgyYjQtYTI5N2RmMjQxMzVhXkEyXkFqcGc@._V1_SX300.jpg
4965,https://m.media-amazon.com/images/M/MV5BODc3ODcwMTc1MV5BMl5BanBnXkFtZTcwMDQ1OTEzMQ@@._V1_SX300.jpg
4966,https://m.media-amazon.com/images/M/MV5BYzM5MjE2ZmUtODA4Yi00YTg3LTk0NTAtYzc2NzY5ZWRjNDgxXkEyXkFqcGc@._V1_SX300.jpg
4967,https://m.media-amazon.com/images/M/MV5BNTY3MzY5OWQtOWE1NC00OTVmLWExZDctNzEyMjhiYTJlZTMzXkEyXkFqcGc@._V1_SX300.jpg
4969,https://m.media-amazon.com/images/M/MV5BOGMzNWQ0NDMtYzkyMy00YjY5LWE3YTgtZDU3Yzk2NWRjYmRiXkEyXkFqcGc@._V1_SX300.jpg
4970,https://m.media-amazon.com/images/M/MV5BMzQzYTA1N2EtOTUxMy00YzI1LWFjOWEtN2NlOGZmZjZhNDYwXkEyXkFqcGc@._V1_SX300.jpg
4971,https://m.media-amazon.com/images/M/MV5BZDUzNTk2NjYtMWY2Yy00ZjM2LWJkNmItNmYzZTY0MGQ2MjBiXkEyXkFqcGc@._V1_SX300.jpg
4973,https://m.media-amazon.com/images/M/MV5BOTNmYzY0MWQtZGZmNy00Y2Y4LWFmMDQtMTZjYTdiYzEwZGQ2XkEyXkFqcGc@._V1_SX300.jpg
4974,https://m.media-amazon.com/images/M/MV5BNjllYzVjNjItYjQ2Ni00OGU4LTlkYjItMDYxOTBlM2YzNDA5XkEyXkFqcGc@._V1_SX300.jpg
4975,https://m.media-amazon.com/images/M/MV5BNTg5YmYyMzAtYmEzZi00MzA2LWIxMTMtZTc1N2ZjNTA3ZDU2XkEyXkFqcGc@._V1_SX300.jpg
4976,https://m.media-amazon.com/images/M/MV5BY2M5ZWFiYWYtZGE5NC00MGMzLTkwMTQtOTE4MjIwMjEwZTNjXkEyXkFqcGc@._V1_SX300.jpg
4977,https://m.media-amazon.com/images/M/MV5BMTc3NDM2NTE0MV5BMl5BanBnXkFtZTYwNzc0NDk5._V1_SX300.jpg
4978,https://m.media-amazon.com/images/M/MV5BMGRmMjk5ZjgtNzEzMS00NTdkLWIzMzUtMmU3NzY3ZDhiODA4XkEyXkFqcGc@._V1_SX300.jpg
4979,https://m.media-amazon.com/images/M/MV5BNTZlOWU4ZmEtZjkzMC00OWJkLTkwMTAtZTUyOTFlNGY2YTNjXkEyXkFqcGc@._V1_SX300.jpg
4980,https://m.media-amazon.com/images/M/MV5BOWQyNDNmZDYtZmMxYy00NWE1LTk2MzUtMzc1M2YyOTQ4ZjRmXkEyXkFqcGc@._V1_SX300.jpg
4981,https://m.media-amazon.com/images/M/MV5BMDFhOTRjMWMtMjQ2ZS00OTgyLWE1MDQtZDM3ODczMzJkNWM4XkEyXkFqcGc@._V1_SX300.jpg
4985,https://m.media-amazon.com/images/M/MV5BZTNkN2I1OTgtMjAyOS00YWUwLTg3NDYtOTlmZjY4ZDE1N2M5XkEyXkFqcGc@._V1_SX300.jpg
4987,https://m.media-amazon.com/images/M/MV5BOTg5NzdkMzQtNTI0Mi00Mzc1LTkzZjctNmZiMmYxNThjYzA4XkEyXkFqcGc@._V1_SX300.jpg
4988,https://m.media-amazon.com/images/M/MV5BZGEwZmUyZTctNDI0OS00OTdkLWExZjktYjExYzBhNWRjNDVhXkEyXkFqcGc@._V1_SX300.jpg
4989,https://m.media-amazon.com/images/M/MV5BYzFkMDNkMzItZTM4YS00MjAxLWI1OWItMjJjMDI3NTMwNWYwXkEyXkFqcGc@._V1_SX300.jpg
4990,https://m.media-amazon.com/images/M/MV5BOTVlOWQ0ZDctNzRjOC00ZThkLWE1OTItODg4NTJmZmE3NDUxXkEyXkFqcGc@._V1_SX300.jpg
4991,https://m.media-amazon.com/images/M/MV5BMTI0NjExNzg2MF5BMl5BanBnXkFtZTYwNjQxMzU3._V1_SX300.jpg
4992,https://m.media-amazon.com/images/M/MV5BODIxYWQ3YjgtZjg2OC00ZDgzLWE5NzgtNWNkMWFlZGNjODkyXkEyXkFqcGc@._V1_SX300.jpg
4993,https://m.media-amazon.com/images/M/MV5BNzIxMDQ2YTctNDY4MC00ZTRhLTk4ODQtMTVlOWY4NTdiYmMwXkEyXkFqcGc@._V1_SX300.jpg
4994,https://m.media-amazon.com/images/M/MV5BYzkyMDkzZTctYjZlNi00NDg2LTk3ZGQtYTA3OWQwNDNiNzJlXkEyXkFqcGc@._V1_SX300.jpg
4995,https://m.media-amazon.com/images/M/MV5BNzljZTk5ZDgtZTQ1Zi00NTM4LThlOGUtZDk2MGM4NDQ4NWQyXkEyXkFqcGc@._V1_SX300.jpg
4998,https://m.media-amazon.com/images/M/MV5BY2RlOTA0MGQtNTg3Yi00NmRkLTgxNDAtYTFlMzQ3MzZmMTBlXkEyXkFqcGc@._V1_SX300.jpg
5004,https://m.media-amazon.com/images/M/MV5BZjE4NjM3ZjYtMTllYy00YzIwLWE5YzYtZGM1ZDU3MGVjNzRmXkEyXkFqcGc@._V1_SX300.jpg
5007,https://m.media-amazon.com/images/M/MV5BMTM2MTcyNDQ4Nl5BMl5BanBnXkFtZTcwMzQxNDY3NA@@._V1_SX300.jpg
5008,https://m.media-amazon.com/images/M/MV5BNjRhNTQzMzQtMWViMi00ODQ1LTg0MTEtYWE4ZWZlYjM4YjJhXkEyXkFqcGc@._V1_SX300.jpg
5009,https://m.media-amazon.com/images/M/MV5BODVhNWUwMGItZTg1My00Njg1LTllMjctNzQzMjIzODUyZDhmXkEyXkFqcGc@._V1_SX300.jpg
5010,https://m.media-amazon.com/images/M/MV5BYTM3YTQ1M2MtNDEyNC00NzRlLWFmOTgtYjBhNDg2ODNjNTU0XkEyXkFqcGc@._V1_SX300.jpg
5011,https://m.media-amazon.com/images/M/MV5BNDQ1MTgzNTk4NV5BMl5BanBnXkFtZTYwODA5MzM3._V1_SX300.jpg
5012,https://m.media-amazon.com/images/M/MV5BNGZiMGUyZmQtYzE4My00NzFhLWEyYTgtNTBmMDQ4NDBjYmY4XkEyXkFqcGc@._V1_SX300.jpg
5013,https://m.media-amazon.com/images/M/MV5BNGRjODg5ZTEtYzZjMC00NmQ3LWFiNjUtYjhhODIxNTYyZDk2XkEyXkFqcGc@._V1_SX300.jpg
5014,https://m.media-amazon.com/images/M/MV5BZDBmMTY1YWEtMjc4Yy00YjhhLTliZjctMzBhN2U2NzRlNDQyXkEyXkFqcGc@._V1_SX300.jpg
5015,https://m.media-amazon.com/images/M/MV5BMjYxMTQxMzgtN2UyYS00Y2JkLTg1MmYtOTYwMGI4YWQxZDhmXkEyXkFqcGc@._V1_SX300.jpg
5016,https://m.media-amazon.com/images/M/MV5BMzliMTA5MDktMDYyZi00MWY2LWIxMWUtZDg0MWQyZDU5MWE5XkEyXkFqcGc@._V1_SX300.jpg
5021,https://m.media-amazon.com/images/M/MV5BMDVkZjRjZjAtMmMyMy00ZDBmLWIwNWQtNDJiOWE4NjNjOGE0XkEyXkFqcGc@._V1_SX300.jpg
5023,https://m.media-amazon.com/images/M/MV5BNGE3M2MwNTctMjhhMC00OTY0LWE4OGYtOTg5YjVmY2IxYjcxXkEyXkFqcGc@._V1_SX300.jpg
5025,https://m.media-amazon.com/images/M/MV5BMWEzNzM5MzctZGM5Yy00NjA0LTg1NDItNTg1ZWI1OWVjMzA0XkEyXkFqcGc@._V1_SX300.jpg
5026,https://m.media-amazon.com/images/M/MV5BODA2YjE5NGUtNzc1Mi00MzA3LTllN2ItM2NjZTM1NjkyMWU4XkEyXkFqcGc@._V1_SX300.jpg
5027,https://m.media-amazon.com/images/M/MV5BNTAzOTE4MzgwNV5BMl5BanBnXkFtZTgwNDgwNTg4NjE@._V1_SX300.jpg
5028,https://m.media-amazon.com/images/M/MV5BNTMzNDIzNjYyOF5BMl5BanBnXkFtZTcwODE4OTQyMQ@@._V1_SX300.jpg
5033,https://m.media-amazon.com/images/M/MV5BMTgyMTllZWEtNjlmZi00ZmFjLTg2NmMtZDE5YTQ4MTdhNjZjXkEyXkFqcGc@._V1_SX300.jpg
5034,https://m.media-amazon.com/images/M/MV5BMjlhZjRkMjAtZGM2Yi00MDNlLTgwMzktMDM3MjkzNDMwZTIyXkEyXkFqcGc@._V1_SX300.jpg
5039,https://m.media-amazon.com/images/M/MV5BY2YyZDZjNDctOWMyYS00YjYyLThiODUtZWEzZmFiZjE2YzViXkEyXkFqcGc@._V1_SX300.jpg
5040,https://m.media-amazon.com/images/M/MV5BYjhlZDAwM2UtNDE0MS00MWVkLWJhNWQtMmRkNjk4ZWNlMTcxXkEyXkFqcGc@._V1_SX300.jpg
5041,https://m.media-amazon.com/images/M/MV5BYTJkOGVjY2MtOTRkYi00Y2Q1LThjNDQtMmQ1ZWY0MzJiYTVhXkEyXkFqcGc@._V1_SX300.jpg
5046,https://m.media-amazon.com/images/M/MV5BMmY3OWMxYWEtOWVlMC00M2Y1LThiYTQtNTMxM2JlNzRmMzg3XkEyXkFqcGc@._V1_SX300.jpg
5047,https://m.media-amazon.com/images/M/MV5BMDBkMDY0MTQtMzUzMS00OTk2LTlmNmItZmQ2ODc5MmEwMDA1XkEyXkFqcGc@._V1_SX300.jpg
5048,https://m.media-amazon.com/images/M/MV5BZWNhNDg3ZjgtZmNlYS00NWJlLWI4OWQtYWVkYWE1NDk0Mzg1XkEyXkFqcGc@._V1_SX300.jpg
5049,https://m.media-amazon.com/images/M/MV5BZGQwMzQ1NjItMWU0YS00ZDc0LThlYzUtMDgzOTIzN2QwZTJmXkEyXkFqcGc@._V1_SX300.jpg
5051,https://m.media-amazon.com/images/M/MV5BZjgwZjdmNjMtNmJhNS00ZGExLTkyNTctMDU1ZDY1MzY5MWNjXkEyXkFqcGc@._V1_SX300.jpg
5053,https://m.media-amazon.com/images/M/MV5BZDE0MjIyZDItNWI1NC00NmQ5LWFlMTMtNTZiMTdkZjY2MTgwXkEyXkFqcGc@._V1_SX300.jpg
5054,https://m.media-amazon.com/images/M/MV5BYzU3MjEyOGEtNWNiZC00YjVjLTg0OWUtOTZhMTk5NTkyNGY1XkEyXkFqcGc@._V1_SX300.jpg
5055,https://m.media-amazon.com/images/M/MV5BZTM1ODJjMzgtY2I5Ny00NjBiLTg4MjItNjY2Y2FjYTQxNTViXkEyXkFqcGc@._V1_SX300.jpg
5059,https://m.media-amazon.com/images/M/MV5BZTY0ZDFjMjktOTkxMS00ZDcxLWIxOTQtYjFjYzMwODA5NTk5XkEyXkFqcGc@._V1_SX300.jpg
5060,https://m.media-amazon.com/images/M/MV5BZDI0MDNiNWMtYzc5NS00MTc2LWJlMjktM2RkZTEyMzZjOTIwXkEyXkFqcGc@._V1_SX300.jpg
5062,https://m.media-amazon.com/images/M/MV5BMTA4OTliMzItYTk1ZS00MjZhLThlMjgtNGUyNGQxNzMwOWJlXkEyXkFqcGc@._V1_SX300.jpg
5063,https://m.media-amazon.com/images/M/MV5BZjJmY2ExYmUtMmM2MS00ODY2LTk1NjItZjBkYmRhYzMxYTczXkEyXkFqcGc@._V1_SX300.jpg
5064,https://m.media-amazon.com/images/M/MV5BYjQ3NWUxNDMtNGUyYS00M2E4LThmYjgtZmQ3YTU4ZWZlNTk0XkEyXkFqcGc@._V1_SX300.jpg
5065,https://m.media-amazon.com/images/M/MV5BN2E2NGNhMzItZmQ5MC00NGM0LWE4MzYtODNjYmZkMDkyNDE4XkEyXkFqcGc@._V1_SX300.jpg
5066,https://m.media-amazon.com/images/M/MV5BYjkxZWE0YjMtYTk2OS00ZmFjLTk2YjEtY2M3MGY4MzE4MGNkXkEyXkFqcGc@._V1_SX300.jpg
5068,https://m.media-amazon.com/images/M/MV5BOTBmZThkNDgtNWE5ZC00OTIyLWE1NTAtMTE4NTU4NDNmYWJhXkEyXkFqcGc@._V1_SX300.jpg
5069,https://m.media-amazon.com/images/M/MV5BMzkyMzBmOWMtZTRhMi00N2VlLTk5YTYtNWU5ZTIyNDgwNGRhXkEyXkFqcGc@._V1_SX300.jpg
5071,https://m.media-amazon.com/images/M/MV5BMjEyODcyODIzM15BMl5BanBnXkFtZTcwMDE4MDYxMQ@@._V1_SX300.jpg
5072,https://m.media-amazon.com/images/M/MV5BYzA1YWYyNDctMDZmYS00ZGJiLTg5NzktMGE0ZTUyMjYwOTQ1XkEyXkFqcGc@._V1_SX300.jpg
5073,https://m.media-amazon.com/images/M/MV5BN2E5ZDMzMDItYzM0ZS00NzBiLWIyMWUtNGUzMmYzNDQwYTYyXkEyXkFqcGc@._V1_SX300.jpg
5074,https://m.media-amazon.com/images/M/MV5BNjA5OTcxZDItOWU5Yy00YzM5LTg0MGEtMDY5MTY3NDA4NGZhXkEyXkFqcGc@._V1_SX300.jpg
5075,https://m.media-amazon.com/images/M/MV5BMTYzOTExNTk0Ml5BMl5BanBnXkFtZTcwNjg0NjgyMQ@@._V1_SX300.jpg
5076,https://m.media-amazon.com/images/M/MV5BYjAxZjc5NTQtNGEyNy00ZmUyLTkyN2MtY2U1YzE1NDAyMjEzXkEyXkFqcGc@._V1_SX300.jpg
5077,https://m.media-amazon.com/images/M/MV5BZDhiNjhjODktMTA3ZC00NmI2LTlmZTAtOTE2ZWFhNWMzNjYxXkEyXkFqcGc@._V1_SX300.jpg
5080,https://m.media-amazon.com/images/M/MV5BNTJiYTNkNzItYTUzNy00NzYxLTlkMDMtNDk3NzBhOWUzOGMwXkEyXkFqcGc@._V1_SX300.jpg
5081,https://m.media-amazon.com/images/M/MV5BYTQzOTVlNWMtYWZhNi00ZDRlLThiODgtNmFmMWE4MjE2ZTBmXkEyXkFqcGc@._V1_SX300.jpg
5083,https://m.media-amazon.com/images/M/MV5BMjk3ZTUxMTAtZmEyNy00ZjVkLWFkMTEtZDE3OWMyZGM4MzZjXkEyXkFqcGc@._V1_SX300.jpg
5088,https://m.media-amazon.com/images/M/MV5BYzdkNGU1OWMtMzdiZi00NGMwLTgxMTctMjY3NmJjYTVmNzliXkEyXkFqcGc@._V1_SX300.jpg
5092,https://m.media-amazon.com/images/M/MV5BMzhmZmM1OWItMjgwMi00ZjQxLWFjNjktY2VkZTYyZjMwMWFlXkEyXkFqcGc@._V1_SX300.jpg
5093,https://m.media-amazon.com/images/M/MV5BYWE5NDhhZjktOTQ4ZS00ZGY5LTk5ZDUtYjk0NmE1NzQwMTc4XkEyXkFqcGc@._V1_SX300.jpg
5094,https://m.media-amazon.com/images/M/MV5BMjA3OTk4NDE1OV5BMl5BanBnXkFtZTcwODAyOTY2NA@@._V1_SX300.jpg
5095,https://m.media-amazon.com/images/M/MV5BNmFjZjJlNWEtNDVhZC00YjBhLWFhNTQtZGYyNjFkM2YzYTQxXkEyXkFqcGdeQXVyMTY5Nzc4MDY@._V1_SX300.jpg
5096,https://m.media-amazon.com/images/M/MV5BZWY5ZTI5YjUtZjQ2Ny00MzExLWEwMjUtYmUxNTE3MGJlNGQwXkEyXkFqcGc@._V1_SX300.jpg
5099,https://m.media-amazon.com/images/M/MV5BNTY0MzFiMjAtNzY0Yi00NmM4LTkyYmMtMTc1MTNjY2I2Njg0XkEyXkFqcGc@._V1_SX300.jpg
5102,https://m.media-amazon.com/images/M/MV5BNTgwMGM3NTktM2M4ZC00ZWFiLWI3NmEtNGZmMjJiOWE3ZGM0XkEyXkFqcGc@._V1_SX300.jpg
5103,https://m.media-amazon.com/images/M/MV5BNTc5YzE5OTAtMmY3YS00ODk4LTgzODItZGEzNmMxMDhhNWUwXkEyXkFqcGc@._V1_SX300.jpg
5105,https://m.media-amazon.com/images/M/MV5BMTVlYjE0MjItZTRmZC00ZGM1LWIyNzMtYTMzZTViZGFlYzMxXkEyXkFqcGc@._V1_SX300.jpg
5106,https://m.media-amazon.com/images/M/MV5BOGYwMjJmMjQtYWMzOS00YmE0LTk0NzItODVmNGYwN2U4NGVjXkEyXkFqcGc@._V1_SX300.jpg
5107,https://m.media-amazon.com/images/M/MV5BZTFhOGRhNjYtMTA3MS00MTQ0LTkwMTgtYjViYTNmYzUwOGY1XkEyXkFqcGc@._V1_SX300.jpg
5108,https://m.media-amazon.com/images/M/MV5BMTcxNTQ1MzAyOF5BMl5BanBnXkFtZTYwNDg0ODk4._V1_SX300.jpg
5109,https://m.media-amazon.com/images/M/MV5BZWE3NDk1YTUtMTllNS00OTY0LTg2YjItNWUxMTU1N2EwM2FhXkEyXkFqcGc@._V1_SX300.jpg
5110,https://m.media-amazon.com/images/M/MV5BM2ViMTkwNzItMzRiYy00MmFmLThkNzQtZTMwYWNiYzk0MzIwXkEyXkFqcGc@._V1_SX300.jpg
5111,https://m.media-amazon.com/images/M/MV5BMzFkMzg1NmEtYTE5MC00MDAyLWJhODgtZGZmMzFkZWRjOTZhXkEyXkFqcGc@._V1_SX300.jpg
5112,https://m.media-amazon.com/images/M/MV5BNTA2Zjk3MzItMmNlZS00MTRkLWJhNDYtYzZkMWEzN2EwMDk3XkEyXkFqcGc@._V1_SX300.jpg
5113,https://m.media-amazon.com/images/M/MV5BMTJmNDNjNmUtNzk5Mi00MDYzLThmOTgtNzA4NTY5ZGEwNDcxXkEyXkFqcGc@._V1_SX300.jpg
5114,https://m.media-amazon.com/images/M/MV5BYjdlY2FjNmUtZTRmZi00OWFhLWFmNjQtMGM5NDg5OTE5ZmEwXkEyXkFqcGc@._V1_SX300.jpg
5116,https://m.media-amazon.com/images/M/MV5BNDQwYzk3ZDMtOWRkZS00YmI2LTllOTMtNDIzOWZlYmNhMTFlXkEyXkFqcGc@._V1_SX300.jpg
5120,https://m.media-amazon.com/images/M/MV5BMDNjNzZiYWItOGY4OC00NjEwLWIxZjEtYzNiOTlmMWNkNWFkXkEyXkFqcGc@._V1_SX300.jpg
5121,https://m.media-amazon.com/images/M/MV5BOWE1MGI2YTAtOTdiZi00NTQ0LWEyZmItNjVhNGYzNDg2NjNiXkEyXkFqcGc@._V1_SX300.jpg
5127,https://m.media-amazon.com/images/M/MV5BM2I1ODZiNTEtODQzNC00YmVkLWIwNjktM2UzODdiZTAzMmI5XkEyXkFqcGc@._V1_SX300.jpg
5128,https://m.media-amazon.com/images/M/MV5BMTYxNDEyMzEzMV5BMl5BanBnXkFtZTYwMDM1NjA3._V1_SX300.jpg
5131,https://m.media-amazon.com/images/M/MV5BZmJiNTI5ZTQtYmRjYS00Mjg1LTk1NTItNGU1MWUxYTI1MTlhXkEyXkFqcGc@._V1_SX300.jpg
5134,https://m.media-amazon.com/images/M/MV5BOWU5NjlkOTItMWQ2OS00YTQzLWFiYmQtZDVhYjIxYzIzNjMwXkEyXkFqcGc@._V1_SX300.jpg
5135,https://m.media-amazon.com/images/M/MV5BMDM4OTRiZTQtNTYzNS00OWQ3LWI5ZDAtYTgxMTlhNDRhZWY0XkEyXkFqcGc@._V1_SX300.jpg
5136,https://m.media-amazon.com/images/M/MV5BYjRmNGY3ZjUtYWI5Mi00NjQyLThiOGMtOWYzYWMzMjY3ZTBjXkEyXkFqcGc@._V1_SX300.jpg
5137,https://m.media-amazon.com/images/M/MV5BNTQyNmMyMjAtODU0Yi00NzhhLTllYjAtZjJkMjg4MTlhMjRjXkEyXkFqcGc@._V1_SX300.jpg
5139,https://m.media-amazon.com/images/M/MV5BNDIzNTNmOGUtZGI4OC00YWMyLWExZTQtNGM2OWViODNiZjM2XkEyXkFqcGc@._V1_SX300.jpg
5146,https://m.media-amazon.com/images/M/MV5BMWE4MjMyOTQtZDI2OC00NTUxLTg3NzYtMDAxMzI2MmUzNjM4XkEyXkFqcGc@._V1_SX300.jpg
5147,https://m.media-amazon.com/images/M/MV5BZWQ5MDllM2EtZWRmNS00MmZiLWI4ZWQtMjRiY2Q5MTAxODY4XkEyXkFqcGc@._V1_SX300.jpg
5151,https://m.media-amazon.com/images/M/MV5BNjMxNmMxZmUtNTFlMy00MzFmLWFmMTItYTZkNjhhNTdiZTIyXkEyXkFqcGc@._V1_SX300.jpg
5152,https://m.media-amazon.com/images/M/MV5BOTU2ZDBmMDgtMTNiNC00ZGUyLWE3MGEtMmE5ODJmNDcxMmMyXkEyXkFqcGc@._V1_SX300.jpg
5155,https://m.media-amazon.com/images/M/MV5BOGJhZWI5YzgtM2JlYi00NDQ3LWJkNGUtMDZkMGQwYTYwYzllXkEyXkFqcGc@._V1_SX300.jpg
5156,https://m.media-amazon.com/images/M/MV5BZGZhYmVlZTUtMzgyYy00NDY5LThlNTUtMzkxMDJkZTI0NGQ4XkEyXkFqcGc@._V1_SX300.jpg
5159,https://m.media-amazon.com/images/M/MV5BOThlNjdjNjYtN2YzOC00NGI1LWI5NGYtMjNlMTY1ODhlNzM5XkEyXkFqcGc@._V1_SX300.jpg
5165,https://m.media-amazon.com/images/M/MV5BZmVhZWIxNTMtZTk1Ni00YmViLTlhZDgtNjJjMmZjYjNjNWM4XkEyXkFqcGc@._V1_SX300.jpg
5168,https://m.media-amazon.com/images/M/MV5BY2FlZmMyMjktOTAzYy00ZmYzLWJhNjMtMjljOWY1ZjVhZjM3XkEyXkFqcGdeQXVyNjc0MzMzNjA@._V1_SX300.jpg
5170,https://m.media-amazon.com/images/M/MV5BODhjNjRiMTAtNWMxMy00MTY1LWE1ZjQtNmUzNjlhY2JiMjU5XkEyXkFqcGc@._V1_SX300.jpg
5171,https://m.media-amazon.com/images/M/MV5BZjRiMTdjNmEtOGJjNy00ZjA1LTlkNzktNzc0NzMxNTY0OGE5XkEyXkFqcGc@._V1_SX300.jpg
5177,https://m.media-amazon.com/images/M/MV5BYTk5OTYxNTEtYTU5MS00NTBkLThhZWEtYTBiYzlkOTFhY2MzXkEyXkFqcGc@._V1_SX300.jpg
5178,https://m.media-amazon.com/images/M/MV5BMTYwMjU5NzM5Nl5BMl5BanBnXkFtZTcwMzQ3MTk1NA@@._V1_SX300.jpg
5181,https://m.media-amazon.com/images/M/MV5BYWQ3YjlhNjEtYzYyNy00NjExLWIzNmMtODU4NGU1YmE1OWY1XkEyXkFqcGc@._V1_SX300.jpg
5187,https://m.media-amazon.com/images/M/MV5BMjIwNWQyNDctNTdkOS00ODc1LWExMjctNGQwY2ViZDE3MmRlXkEyXkFqcGc@._V1_SX300.jpg
5189,https://m.media-amazon.com/images/M/MV5BZTZhZWVjZDQtNTljZi00MDMzLTkyMDEtODdiYzhjM2Q0OGFlXkEyXkFqcGc@._V1_SX300.jpg
5197,https://m.media-amazon.com/images/M/MV5BZDFlY2RmOWUtZGQ0Mi00MzQ0LTg3NWMtNWFjN2VkZDhiZTAxXkEyXkFqcGc@._V1_SX300.jpg
5198,https://m.media-amazon.com/images/M/MV5BNWI1MDFlZTEtMDY2My00MGIxLWFhOTEtYTdhMmU4M2UxY2RkXkEyXkFqcGc@._V1_SX300.jpg
5202,https://m.media-amazon.com/images/M/MV5BOTYwYjI5ZGEtYmNjYS00ZmMzLTllYjYtYmRjZmMzOTYzYjY4XkEyXkFqcGc@._V1_SX300.jpg
5205,https://m.media-amazon.com/images/M/MV5BOWM3MGU1NzQtODhkNS00ZTc0LTkyODctOGNjMGEzYWY5MDc3XkEyXkFqcGc@._V1_SX300.jpg
5209,https://m.media-amazon.com/images/M/MV5BNmNiMDVjYjUtOGE0NS00MzAxLTgxMDQtZTY5YTRmZDY0ZGE4XkEyXkFqcGc@._V1_SX300.jpg
5212,https://m.media-amazon.com/images/M/MV5BMjI4ZjczZGYtMzA0ZC00ZjcwLWE5MzctOTM5MzgwMzZkNTg0XkEyXkFqcGc@._V1_SX300.jpg
5213,https://m.media-amazon.com/images/M/MV5BMjAxNjcxNTAwNl5BMl5BanBnXkFtZTgwNDU4MjMyMDE@._V1_SX300.jpg
5214,https://m.media-amazon.com/images/M/MV5BNjRiYzFjMGYtNjliYy00MDVhLTlhODktMzBiZDkwOTlkNTM4XkEyXkFqcGc@._V1_SX300.jpg
5218,https://m.media-amazon.com/images/M/MV5BMDBlYzU2OGMtOGJjNi00ZGZjLWIwNjMtYzdiZjkwYWNjZDljXkEyXkFqcGc@._V1_SX300.jpg
5219,https://m.media-amazon.com/images/M/MV5BYmI3YjJkN2ItY2ZmYS00Y2JhLTk2YTQtYzE5YWU5ODI1MzJmXkEyXkFqcGc@._V1_SX300.jpg
5220,https://m.media-amazon.com/images/M/MV5BYzNlMjJiNTMtMzc3ZS00ZTBmLWIwYjAtODU4YmMzMWM3ZjlkXkEyXkFqcGc@._V1_SX300.jpg
5221,https://m.media-amazon.com/images/M/MV5BOTY1ZTcxNjAtMzViMi00ODJmLWE4ZTMtMjI4YTQxZWIwOTAyXkEyXkFqcGc@._V1_SX300.jpg
5222,https://m.media-amazon.com/images/M/MV5BZDZlNmQxYzktYzViYS00NTNjLTk0NDAtOWJjZmMxNzk3ZWUzXkEyXkFqcGc@._V1_SX300.jpg
5224,https://m.media-amazon.com/images/M/MV5BMTM4ODI4MjAzM15BMl5BanBnXkFtZTcwMzQ2MjcyMQ@@._V1_SX300.jpg
5225,https://m.media-amazon.com/images/M/MV5BNTRmZmNlMjktZDRkMi00OGNjLWJkZGUtMDljNDViMGE3MjNhXkEyXkFqcGc@._V1_SX300.jpg
5226,https://m.media-amazon.com/images/M/MV5BNTkzMjk4NTgtNjFkZi00ZGU2LWEyNDktZjY3NmM0YjU3N2UyXkEyXkFqcGc@._V1_SX300.jpg
5231,https://m.media-amazon.com/images/M/MV5BZDUyZGVhZDEtMTJlMS00N2NhLTk5NmMtZDIzY2E0MDg0YmQ1XkEyXkFqcGc@._V1_SX300.jpg
5237,https://m.media-amazon.com/images/M/MV5BZmVkYzhiNzUtODdiZS00MmY5LWEyYjktMDBiNWI1OWVkZGI5XkEyXkFqcGc@._V1_SX300.jpg
5238,https://m.media-amazon.com/images/M/MV5BOWUzNGViY2EtNzI3My00ZmZkLWFjNDEtNzcwZTU0OTg5MmJiXkEyXkFqcGdeQXVyNjc1NTYyMjg@._V1_SX300.jpg
5239,https://m.media-amazon.com/images/M/MV5BOTUxMTU1NDgtYTc1Yy00YzFmLWE0NWItMzhjODFhOTUyMTNiXkEyXkFqcGc@._V1_SX300.jpg
5240,https://m.media-amazon.com/images/M/MV5BYTE5M2RkMTAtMTllZS00Nzc3LTlhM2UtNWE0Zjk0YmUwODkxXkEyXkFqcGc@._V1_SX300.jpg
5241,https://m.media-amazon.com/images/M/MV5BNDQwODcxMTYtNGJkYy00OTgxLTk1YWItODFlNjk2YTE3ZDViXkEyXkFqcGc@._V1_SX300.jpg
5244,https://m.media-amazon.com/images/M/MV5BZjY3MzY3ZDQtN2U4YS00N2Q0LWEwOTgtZTU0NmIyNzQzNzBjXkEyXkFqcGc@._V1_SX300.jpg
5246,https://m.media-amazon.com/images/M/MV5BODIxM2FkODAtMWJiYy00YjE2LTg4MGEtNmZjYzNhNDljMTMyXkEyXkFqcGc@._V1_SX300.jpg
5247,https://m.media-amazon.com/images/M/MV5BMTU2YzUyMGQtZDc5ZC00OTE5LWJmZjUtYTQ4ZDQ4N2E0MjIxXkEyXkFqcGc@._V1_SX300.jpg
5248,https://m.media-amazon.com/images/M/MV5BOTA2OTY2MzQtNzc0Mi00YmEwLWI3MDgtZjFlMjZmMTFiYWFlXkEyXkFqcGc@._V1_SX300.jpg
5250,https://m.media-amazon.com/images/M/MV5BYTI2Yzg0ZDYtYmE3YS00NjAzLWEwZjMtMmY5YmJmNzI2MzQ3XkEyXkFqcGc@._V1_SX300.jpg
5254,https://m.media-amazon.com/images/M/MV5BMGE5ZmY2NzEtZTEyMi00MWIyLThmOWYtYzJkOTQ0Y2U3ZWU1XkEyXkFqcGc@._V1_SX300.jpg
5255,https://m.media-amazon.com/images/M/MV5BMTA1ODMxODQ1MjheQTJeQWpwZ15BbWU2MDM2MjE3Ng@@._V1_SX300.jpg
5256,https://m.media-amazon.com/images/M/MV5BMjAyMDIyMjg2Nl5BMl5BanBnXkFtZTcwNzE1MzMyMQ@@._V1_SX300.jpg
5258,https://m.media-amazon.com/images/M/MV5BNTVmNTc4OWYtMGJlZS00MTYzLWFjNmQtNzQ3ZmFjZjFlNDljXkEyXkFqcGc@._V1_SX300.jpg
5264,
5265,https://m.media-amazon.com/images/M/MV5BYjRjMWNmYjYtODdhNy00NzA5LTgyYmEtNGE4NTVlOGY2YzUwXkEyXkFqcGc@._V1_SX300.jpg
5266,https://m.media-amazon.com/images/M/MV5BODU0ZGM0MjctM2YxYy00OWY1LTk2N2YtNWE4ZWQ2ODQwMTI5XkEyXkFqcGc@._V1_SX300.jpg
5267,https://m.media-amazon.com/images/M/MV5BZDNjOWEwNGUtZGJmMi00NjhhLWEzMjEtNDYyZTRmNWJjZTlkXkEyXkFqcGc@._V1_SX300.jpg
5268,https://m.media-amazon.com/images/M/MV5BMTkxNTUzNzM0Nl5BMl5BanBnXkFtZTYwODY1NTc3._V1_SX300.jpg
5269,https://m.media-amazon.com/images/M/MV5BOGE3ZjE2NjItMGIyZi00NjMxLWJiZWItMWJmMzZjOTgzZjJhXkEyXkFqcGc@._V1_SX300.jpg
5272,https://m.media-amazon.com/images/M/MV5BZTgyOWQ0MjYtYjVlZC00M2RmLWE0YWUtYWVjZjU5OTUzZmFjXkEyXkFqcGc@._V1_SX300.jpg
5275,https://m.media-amazon.com/images/M/MV5BOGQ3NmViYzEtOTIwMS00YmRlLWI0YWQtZTFmZjVlNWI0M2JlXkEyXkFqcGc@._V1_SX300.jpg
5278,https://m.media-amazon.com/images/M/MV5BNGFiMjc1ODAtMWM0NC00Y2ExLWFjY2EtZDM3NTYyNWZjMTA3XkEyXkFqcGc@._V1_SX300.jpg
5279,https://m.media-amazon.com/images/M/MV5BMDYzMjgxY2ItNjhhZS00Yjk4LWE4MGQtYjk2MWU0MTQ1MjY4XkEyXkFqcGc@._V1_SX300.jpg
5282,https://m.media-amazon.com/images/M/MV5BNjI3ZWFiOWQtOTk3Yi00YWM5LWE0Y2EtZjhhYzBkZjc0ZGJmXkEyXkFqcGc@._V1_SX300.jpg
5283,https://m.media-amazon.com/images/M/MV5BYjAzZDgwNjQtNjY5OC00MGViLTk4ZmQtYTQ1YmE3NGUyNThlXkEyXkFqcGc@._V1_SX300.jpg
5284,https://m.media-amazon.com/images/M/MV5BMDQ2ZDhlOTUtM2E1MS00NzQwLTg4ODAtNzliNTcwNmQzODQyXkEyXkFqcGc@._V1_SX300.jpg
5285,https://m.media-amazon.com/images/M/MV5BMGRiMzFjNjctYzkzMC00ZmNjLTk4MDktZDI4ODk1YTk3ODg5XkEyXkFqcGdeQXVyMTY5Nzc4MDY@._V1_SX300.jpg
5288,https://m.media-amazon.com/images/M/MV5BNDU0NjQ1NTQtZTFjMi00MDY5LTljN2MtNDY2MDg1YTc4NmJkXkEyXkFqcGc@._V1_SX300.jpg
5291,https://m.media-amazon.com/images/M/MV5BMjEzMzA4NDE2OF5BMl5BanBnXkFtZTcwNTc5MDI2NQ@@._V1_SX300.jpg
5292,https://m.media-amazon.com/images/M/MV5BMzg3YTJlYzMtMDhkMy00MTk4LTg1NDItMGMyOGMzMmJmY2YxXkEyXkFqcGc@._V1_SX300.jpg
5293,https://m.media-amazon.com/images/M/MV5BNzhlN2ZhYmEtMmNmMi00ODg2LTlmZGMtNmYxMTg4NjA3YmNhXkEyXkFqcGc@._V1_SX300.jpg
5294,https://m.media-amazon.com/images/M/MV5BM2MyMWVjNGYtZmRkOC00ZWI4LWI2OWEtYzY3YjNiZjgwNGFkXkEyXkFqcGc@._V1_SX300.jpg
5296,https://m.media-amazon.com/images/M/MV5BNjEzNmRjZTgtYzNjYi00ZTI3LWE0MDQtMWIwMzRiYTBmNTVhXkEyXkFqcGc@._V1_SX300.jpg
5297,https://m.media-amazon.com/images/M/MV5BNWUxNmNkOGMtMTNkZS00ODkzLTg4Y2UtMjM5MzRlNTNjNDE5XkEyXkFqcGc@._V1_SX300.jpg
5298,https://m.media-amazon.com/images/M/MV5BNGM0ZmMxZDItOGE4ZS00NmFkLTkyNmYtZTJlZjI2NGZlZDJlXkEyXkFqcGc@._V1_SX300.jpg
5299,https://m.media-amazon.com/images/M/MV5BNWVmZmM3ZmUtNTU5ZS00ZmUxLTk0NDYtNWIxZjY4Zjk0MjQyXkEyXkFqcGc@._V1_SX300.jpg
5300,https://m.media-amazon.com/images/M/MV5BNjQ2OTJmNDEtOGViNi00ZjY3LTlkZDItOWQ2MzZhZTMwMWM4XkEyXkFqcGc@._V1_SX300.jpg
5303,https://m.media-amazon.com/images/M/MV5BNTVjMThjOWMtODQzYS00MzFmLTg1OWEtZTQzYTQ0YzA0N2Q1XkEyXkFqcGc@._V1_SX300.jpg
5304,https://m.media-amazon.com/images/M/MV5BZWU1NzJlYjAtZWJlMi00NzdkLWJmMjktYTY2M2E0NGQyNjEwXkEyXkFqcGc@._V1_SX300.jpg
5307,https://m.media-amazon.com/images/M/MV5BZGJjNGZhY2MtZDU4ZS00NWZlLWFjZWItMmE0MDQ1YmI4Y2Y5XkEyXkFqcGc@._V1_SX300.jpg
5308,https://m.media-amazon.com/images/M/MV5BNDBjYTQ4N2MtNGVmNS00MDNmLTkxMmUtMDU4NWFlOTE4ZDI4XkEyXkFqcGc@._V1_SX300.jpg
5309,https://m.media-amazon.com/images/M/MV5BMDUzODg4YjItYTY0Mi00NTRlLTllYWEtZGVmNmY2Mjc4YjIzXkEyXkFqcGc@._V1_SX300.jpg
5311,https://m.media-amazon.com/images/M/MV5BOTg4ZWQ4ZDEtYTgyYy00YWJkLWExOWItMDI0NzMxMDc2ZWRkXkEyXkFqcGc@._V1_SX300.jpg
5312,https://m.media-amazon.com/images/M/MV5BZjc4MjlkNWUtY2VjZC00N2IzLWIzZDMtZTQ3YjkyMzRmZGJmXkEyXkFqcGc@._V1_SX300.jpg
5313,https://m.media-amazon.com/images/M/MV5BMjkxNTAwNTQ0M15BMl5BanBnXkFtZTYwMTQwMjM3._V1_SX300.jpg
5316,https://m.media-amazon.com/images/M/MV5BNmI0MTBlMWQtODhmZi00Zjk4LTk5N2EtODgwMzMxMzExYmZmXkEyXkFqcGc@._V1_SX300.jpg
5319,https://m.media-amazon.com/images/M/MV5BMjQ5YTY1YWUtODU5OS00ZjExLTk0ZWEtOWM0Mjg4MTA1NWVjXkEyXkFqcGc@._V1_SX300.jpg
5321,https://m.media-amazon.com/images/M/MV5BZjM0NmI5NDgtNGExMC00MjY5LTliNDktYTJmNWY2YWIyZmE2XkEyXkFqcGdeQXVyMTcwOTQzOTYy._V1_SX300.jpg
5322,https://m.media-amazon.com/images/M/MV5BMTU3NzQ5NjQ0Ml5BMl5BanBnXkFtZTcwODAzNTkxMQ@@._V1_SX300.jpg
5323,https://m.media-amazon.com/images/M/MV5BMDY4NWZhZmMtNDQwZi00MmZiLTllNTItYTRjN2FkYTU1MDVmXkEyXkFqcGc@._V1_SX300.jpg
5324,https://m.media-amazon.com/images/M/MV5BM2I2OWE5ZjgtNjdhMi00NzdiLWFkYmEtMjhhOWJjODljMjc3XkEyXkFqcGc@._V1_SX300.jpg
5325,https://m.media-amazon.com/images/M/MV5BOTgzOTlmMzMtMDY0YS00M2Y1LTgyYmUtMzgwYmU5ZTM0MzYzXkEyXkFqcGc@._V1_SX300.jpg
5328,https://m.media-amazon.com/images/M/MV5BNGFlMjkzYTgtZTc4Mi00NDVhLWIwMzgtZGViNzQyOGY4ZDZiXkEyXkFqcGc@._V1_SX300.jpg
5329,https://m.media-amazon.com/images/M/MV5BZmE4NjZmMmYtNzUyOS00MGRmLTlmZDMtN2ViMTdmOWJiZDI4XkEyXkFqcGc@._V1_SX300.jpg
5333,https://m.media-amazon.com/images/M/MV5BMTQxNTUxNzM5Ml5BMl5BanBnXkFtZTgwMDMwMDkwMzE@._V1_SX300.jpg
5334,https://m.media-amazon.com/images/M/MV5BNjk0NzQyODQ0OV5BMl5BanBnXkFtZTcwNzM2NjgyNA@@._V1_SX300.jpg
5337,https://m.media-amazon.com/images/M/MV5BMTA0NTcwMjAwMzdeQTJeQWpwZ15BbWU3MDg4MTA4MzQ@._V1_SX300.jpg
5338,https://m.media-amazon.com/images/M/MV5BZDZiNmQyOTQtZjFlZi00ZmFmLWI2MGUtMjIxOGQ0Njc3YTljXkEyXkFqcGc@._V1_SX300.jpg
5339,https://m.media-amazon.com/images/M/MV5BOWYxOTFlYmUtN2U1My00YTliLWFjYjUtNjYwMmZkOThlZjhkXkEyXkFqcGc@._V1_SX300.jpg
5341,https://m.media-amazon.com/images/M/MV5BZTk4OGY3NGUtODFjZS00YzVlLWE4YzMtOWM2MTY2YWJkNzcyXkEyXkFqcGc@._V1_SX300.jpg
5345,https://m.media-amazon.com/images/M/MV5BOWIyNTgxYzQtZDlkYS00YmY2LTlmOTYtNjhiN2Y2YjEwYjM3XkEyXkFqcGc@._V1_SX300.jpg
5346,https://m.media-amazon.com/images/M/MV5BYWE0ZGMzNmMtYzE0MC00NjVkLTg3MTgtYzE4MTg3MjYxMDIwXkEyXkFqcGc@._V1_SX300.jpg
5347,https://m.media-amazon.com/images/M/MV5BOTM2MzAzMjgyMV5BMl5BanBnXkFtZTYwNzA5ODc2._V1_SX300.jpg
5348,https://m.media-amazon.com/images/M/MV5BMjExNTgwMjk4NV5BMl5BanBnXkFtZTYwMDAxODM3._V1_SX300.jpg
5349,https://m.media-amazon.com/images/M/MV5BZWM0OWVmNTEtNWVkOS00MzgyLTkyMzgtMmE2ZTZiNjY4MmFiXkEyXkFqcGc@._V1_SX300.jpg
5353,https://m.media-amazon.com/images/M/MV5BM2NkODY2ZjMtYmRmYS00ZTdhLTgxM2QtNGIyNTMyYmI1NTAzXkEyXkFqcGc@._V1_SX300.jpg
5356,https://m.media-amazon.com/images/M/MV5BMWNjOTkzM2QtMDY1ZC00ODA3LWEyZDgtZjI4YmFiYmExNTI2XkEyXkFqcGc@._V1_SX300.jpg
5357,https://m.media-amazon.com/images/M/MV5BZDQzNmY0MjctMmZiYy00NzhjLTkyNDYtZTNiN2E0MDNlOWM2XkEyXkFqcGc@._V1_SX300.jpg
5358,https://m.media-amazon.com/images/M/MV5BNzUyZDgwMjItN2VhNy00NDhiLTllYmEtM2MxNTM1ZWYyNTkxXkEyXkFqcGc@._V1_SX300.jpg
5361,https://m.media-amazon.com/images/M/MV5BM2JiNjkyM2EtM2MzZS00MDhjLWJiZWYtNDcxOGIwOWM1ZDA5XkEyXkFqcGc@._V1_SX300.jpg
5363,https://m.media-amazon.com/images/M/MV5BMGZkYjgyMmMtYjcyNi00MmU1LWE2YzktYjg5ZWJkOGIwYmZiXkEyXkFqcGc@._V1_SX300.jpg
5364,https://m.media-amazon.com/images/M/MV5BMDFlOTJhODItOTgzYi00MmRjLTkzMTktODVhYTc4NGUzNDEyXkEyXkFqcGc@._V1_SX300.jpg
5365,https://m.media-amazon.com/images/M/MV5BMzc1ODliNjYtMGI2ZC00ZGJjLTgwMzEtNzIzNzA3ZWU1OGIzXkEyXkFqcGc@._V1_SX300.jpg
5372,https://m.media-amazon.com/images/M/MV5BNDM5MzRiMjItMzUzNy00ZGQ5LWE5ZTAtZDNhODA1OTA3NGVmXkEyXkFqcGc@._V1_SX300.jpg
5373,https://m.media-amazon.com/images/M/MV5BZTVlNzJjY2QtZjM0Zi00OWIwLTlkMWEtZmU0ODliODk4OWZmXkEyXkFqcGc@._V1_SX300.jpg
5375,https://m.media-amazon.com/images/M/MV5BZTQ4MWFjOWUtMDlkMy00OWM0LTg5N2QtMzFlOGE0NDM0NjE0XkEyXkFqcGc@._V1_SX300.jpg
5377,https://m.media-amazon.com/images/M/MV5BMTQ2Mzg4MDAzNV5BMl5BanBnXkFtZTgwMjcxNTYxMTE@._V1_SX300.jpg
5378,https://m.media-amazon.com/images/M/MV5BNTgxMjY2YzUtZmVmNC00YjAwLWJlODMtNDBhNzllNzIzMjgxXkEyXkFqcGc@._V1_SX300.jpg
5379,https://m.media-amazon.com/images/M/MV5BM2UxNWE4OGMtZGYyYS00YjdhLWEzNTQtNjU2YjczOGYzY2E4XkEyXkFqcGc@._V1_SX300.jpg
5380,https://m.media-amazon.com/images/M/MV5BOGUwMDcyNDctNTY3NS00YjUzLThlYjQtOTAxNzcwMWM5OTY5XkEyXkFqcGc@._V1_SX300.jpg
5382,https://m.media-amazon.com/images/M/MV5BZDc3NGNjYjctZTVjZi00YTQ2LTgxMGMtMjBjYTVhZWE1OTk5XkEyXkFqcGc@._V1_SX300.jpg
5384,https://m.media-amazon.com/images/M/MV5BMTY2MzMwNzgzNF5BMl5BanBnXkFtZTcwOTk2MTI0NA@@._V1_SX300.jpg
5385,https://m.media-amazon.com/images/M/MV5BYWE3MjEzNjgtNzE2OC00ZTQwLWFhYjUtNDQ4ZWJhYTFmMzYzXkEyXkFqcGc@._V1_SX300.jpg
5387,https://m.media-amazon.com/images/M/MV5BMGQwY2VmNDQtN2VlNC00YzMwLTk3MjYtNGYyOGZhMDhiNDRlXkEyXkFqcGc@._V1_SX300.jpg
5388,https://m.media-amazon.com/images/M/MV5BOWUyMTY3MzUtODBiZC00ZjRmLTlkYTMtNDYyODNhODcyOTNlXkEyXkFqcGc@._V1_SX300.jpg
5389,https://m.media-amazon.com/images/M/MV5BMTgyOTUzNDA1N15BMl5BanBnXkFtZTYwNjgwMDM3._V1_SX300.jpg
5390,https://m.media-amazon.com/images/M/MV5BMjIyMzcyNDE4MV5BMl5BanBnXkFtZTcwMDgwNTIzNA@@._V1_SX300.jpg
5391,https://m.media-amazon.com/images/M/MV5BOWNjMjM3OTctNDgxYS00OWMzLTkwNDctYjMyMTFhN2JlZWJhXkEyXkFqcGc@._V1_SX300.jpg
5397,https://m.media-amazon.com/images/M/MV5BMWY1ZTgzMGYtMWQyOC00NDE5LWJiNTQtM2M1ZTdiZTI1MjhiXkEyXkFqcGc@._V1_SX300.jpg
5398,https://m.media-amazon.com/images/M/MV5BN2ZhYmNhODUtNmNjOC00NDI2LTg0NjMtZDJmYTYzZWMxOGYwXkEyXkFqcGc@._V1_SX300.jpg
5400,https://m.media-amazon.com/images/M/MV5BMDcyNGIyYWQtZDI2OS00YTU3LTg3OTItMDM2ZTIzZmFkMGYwXkEyXkFqcGc@._V1_SX300.jpg
5401,https://m.media-amazon.com/images/M/MV5BODNkMTgzMjctOWQzYy00YmE4LWE5YTctZDU2OGQ0MTI1NjNhXkEyXkFqcGc@._V1_SX300.jpg
5404,https://m.media-amazon.com/images/M/MV5BZmE0NDU0YWItZTBhZi00ZmQzLWI3NzAtZDdkZWM1YTkwYjViXkEyXkFqcGc@._V1_SX300.jpg
5409,https://m.media-amazon.com/images/M/MV5BYTc4NDE3YzYtZmJmYi00MGRkLThkM2YtM2I5MDE4ZTAxNGNjXkEyXkFqcGc@._V1_SX300.jpg
5410,https://m.media-amazon.com/images/M/MV5BMTJlYTJjMjctNzQ5Yy00YjUxLTgxNTUtOTBlMTQwMWY3ODZhXkEyXkFqcGc@._V1_SX300.jpg
5414,https://m.media-amazon.com/images/M/MV5BMjE3MTA5MTcwNl5BMl5BanBnXkFtZTYwMDMwNzI3._V1_SX300.jpg
5415,https://m.media-amazon.com/images/M/MV5BMTc1MDEyOTgxNV5BMl5BanBnXkFtZTYwMjg3ODM3._V1_SX300.jpg
5416,https://m.media-amazon.com/images/M/MV5BMTU1MTI4MDI2OF5BMl5BanBnXkFtZTYwMDEyMjY3._V1_SX300.jpg
5417,https://m.media-amazon.com/images/M/MV5BNTcxOTI3OTEtYzk1MS00NzIyLThjZDAtZWE3ZDBhZGYzMDRiXkEyXkFqcGc@._V1_SX300.jpg
5418,https://m.media-amazon.com/images/M/MV5BYTk1ZTcyMWMtMWUxYS00MmEzLTlmODYtOTk1MGRjOTg1ZjlmXkEyXkFqcGc@._V1_SX300.jpg
5419,https://m.media-amazon.com/images/M/MV5BMTg4MzMzMTY0OF5BMl5BanBnXkFtZTYwNzM3MTg2._V1_SX300.jpg
5420,https://m.media-amazon.com/images/M/MV5BMzZmNzQ5YmUtMzVmYi00ODRkLTkxMGYtYmI0M2IyZTVkYTRmXkEyXkFqcGc@._V1_SX300.jpg
5421,https://m.media-amazon.com/images/M/MV5BNmM0OWQ4NjktYjM1YS00NDk5LWFiODMtZjRhZTVkMTBhYThhXkEyXkFqcGc@._V1_SX300.jpg
5422,https://m.media-amazon.com/images/M/MV5BMzZkYWJkM2MtNzkwOS00NThiLWI3ZDEtZWViNzA1ODJlOTc4XkEyXkFqcGc@._V1_SX300.jpg
5423,https://m.media-amazon.com/images/M/MV5BNmEwNzlhNDMtNjRkNS00ZDY1LTk0ZDktZmY0Mjc5ZWVkY2I2XkEyXkFqcGc@._V1_SX300.jpg
5424,https://m.media-amazon.com/images/M/MV5BZGVlZjdkNTUtNGI5YS00ODgyLTg2YWEtYjkxNzQwZWE4YTJhXkEyXkFqcGc@._V1_SX300.jpg
5425,https://m.media-amazon.com/images/M/MV5BMzA2NTI0YzAtNzI4Yy00MmQ5LWEyNDktMzViMDNhYTE4OWU5XkEyXkFqcGc@._V1_SX300.jpg
5427,https://m.media-amazon.com/images/M/MV5BZmY3OWNhNWUtYTRkYS00OGM0LWFlOTgtZmVjNGM5MzhiNGIxXkEyXkFqcGc@._V1_SX300.jpg
5428,https://m.media-amazon.com/images/M/MV5BMDJhY2RjZmItM2FhZi00OTUwLTlkOTUtMDRkYWRhNDNiYzZjXkEyXkFqcGc@._V1_SX300.jpg
5433,https://m.media-amazon.com/images/M/MV5BMzYzOTllMGMtZjQ1Ni00ZDJhLWFhNjctYTlmYjY3NWRkZjk5XkEyXkFqcGc@._V1_SX300.jpg
5434,https://m.media-amazon.com/images/M/MV5BNzlkYmMxMGEtYzNkZC00MjcwLTllY2ItMDQ5OWFhYWJiNTk1XkEyXkFqcGc@._V1_SX300.jpg
5435,https://m.media-amazon.com/images/M/MV5BOGQ5MmJkMGItNmI2NC00YTM2LWExZmEtYWFiYWMzYmY2OWZjXkEyXkFqcGc@._V1_SX300.jpg
5437,https://m.media-amazon.com/images/M/MV5BOWUzMzZjZTktYjY5ZC00MzU5LTk2OTgtMTg3YWQ2N2QyY2MyXkEyXkFqcGc@._V1_SX300.jpg
5438,https://m.media-amazon.com/images/M/MV5BZGU3NjM5MmUtMDkwYi00NTg4LWE1MDAtYjViMTcyMWNiNTcxXkEyXkFqcGc@._V1_SX300.jpg
5440,https://m.media-amazon.com/images/M/MV5BNmNhMzcyNzktOTgxOC00OGY2LTkyZTAtYTBjN2ZiNDQ5NTJjXkEyXkFqcGc@._V1_SX300.jpg
5442,https://m.media-amazon.com/images/M/MV5BZGFlYjgyZDAtMjM1Yy00MzViLTk3ZWQtNzE5MzY3YzNlNDUzXkEyXkFqcGc@._V1_SX300.jpg
5443,https://m.media-amazon.com/images/M/MV5BMTYzNjE0NDQ0N15BMl5BanBnXkFtZTYwNjU1MDY3._V1_SX300.jpg
5444,https://m.media-amazon.com/images/M/MV5BYzRiYTA1YTEtMjYwMi00NGVhLThkOGYtZDBlYjNjZDk2NDEwXkEyXkFqcGc@._V1_SX300.jpg
5445,https://m.media-amazon.com/images/M/MV5BYTdmNzM3YzItZTRkYS00MTY5LTg4ZmItNjFmNTk2N2Q2NmNlXkEyXkFqcGc@._V1_SX300.jpg
5446,https://m.media-amazon.com/images/M/MV5BNzMwNzA3NDItMTEwZi00MGViLTg5NDYtZTlmMzcxN2ExZGU1XkEyXkFqcGc@._V1_SX300.jpg
5447,https://m.media-amazon.com/images/M/MV5BYTExMjRiYTQtZWRhNS00MjQ0LWI0NzEtZjg3OGM3MGRiOGYxXkEyXkFqcGc@._V1_SX300.jpg
5448,https://m.media-amazon.com/images/M/MV5BMGMwMjk3YWEtN2Q1OS00M2UzLWE2NjItNjFjNzEwYjVmMTcxXkEyXkFqcGc@._V1_SX300.jpg
5449,https://m.media-amazon.com/images/M/MV5BNzQwNjhjNTUtNDA3MS00MmI3LTgyMDgtNGE1ODA4YmNiZGQ3XkEyXkFqcGc@._V1_SX300.jpg
5450,https://m.media-amazon.com/images/M/MV5BMjdmN2JkZGItM2ZhMy00ZGYyLTlmMjAtYmE4ZGFiNDdkMWQ0XkEyXkFqcGc@._V1_SX300.jpg
5451,https://m.media-amazon.com/images/M/MV5BMTg2MDA3MTk1MV5BMl5BanBnXkFtZTcwMzIwMTU2NA@@._V1_SX300.jpg
5452,https://m.media-amazon.com/images/M/MV5BMDY0NjUyNzQtMGU5NS00N2ZhLTlkNGMtMjZlZjBmMzMyZTFhXkEyXkFqcGc@._V1_SX300.jpg
5454,https://m.media-amazon.com/images/M/MV5BYWQ2ZDYxYjMtYmNiNy00OGRiLTllMWEtZDVjZDJiNTZiMWE2XkEyXkFqcGc@._V1_SX300.jpg
5455,https://m.media-amazon.com/images/M/MV5BMTI2MzQ4ODQ3MV5BMl5BanBnXkFtZTcwODQyMzgyMQ@@._V1_SX300.jpg
5456,https://m.media-amazon.com/images/M/MV5BOTI3MmIzMmYtNWY4Mi00NDhlLWE3YzItZjgxZWE3NzM1NjhhXkEyXkFqcGc@._V1_SX300.jpg
5458,https://m.media-amazon.com/images/M/MV5BZjliNjlhMTAtY2ViNy00MDU2LWI4NWQtZTlmOTJmODNlMzM5XkEyXkFqcGc@._V1_SX300.jpg
5459,https://m.media-amazon.com/images/M/MV5BMTMxNDA0NTMxMV5BMl5BanBnXkFtZTYwMDE2NzY2._V1_SX300.jpg
5460,https://m.media-amazon.com/images/M/MV5BNjQ2OWU4ZDgtNjY4YS00OTZkLWIyN2UtZGM0MmI0MDljYjI2XkEyXkFqcGc@._V1_SX300.jpg
5461,https://m.media-amazon.com/images/M/MV5BMTIyNDIwNzY4Nl5BMl5BanBnXkFtZTYwNjE4NDA3._V1_SX300.jpg
5462,https://m.media-amazon.com/images/M/MV5BMjA1NTk2Mjc3N15BMl5BanBnXkFtZTYwNzU0NjY2._V1_SX300.jpg
5463,https://m.media-amazon.com/images/M/MV5BYTFkMGVmZTUtMzcyMC00ZTBkLWExNzAtNTVmYTE3MjIzOTk1XkEyXkFqcGc@._V1_SX300.jpg
5464,https://m.media-amazon.com/images/M/MV5BMjMyYjMyMzktMjlhZC00ZTZkLTkzMWQtZmEwMjdjNzJkM2RlXkEyXkFqcGc@._V1_SX300.jpg
5465,https://m.media-amazon.com/images/M/MV5BN2M1N2JkNjAtZWQ1Zi00ZDBkLTljZDMtOGQ1NjdlYmUwZjc1XkEyXkFqcGc@._V1_SX300.jpg
5466,https://m.media-amazon.com/images/M/MV5BNmY3YWE4YmItZDFhOC00OWUzLWJkZDUtYTI1N2IzY2Y4YjQ4XkEyXkFqcGc@._V1_SX300.jpg
5468,https://m.media-amazon.com/images/M/MV5BNTcyZDEwYWYtN2I2Yi00YzJhLWJiMmUtMDhmNjlhMWViZDRkXkEyXkFqcGc@._V1_SX300.jpg
5470,https://m.media-amazon.com/images/M/MV5BMTE5MDI5NTYtZjRhNC00ODNhLTk1ZDQtNzUzOGY1YzBiODZlXkEyXkFqcGc@._V1_SX300.jpg
5471,https://m.media-amazon.com/images/M/MV5BODYxMWFlNGUtMzQ0Yy00NzUxLWExNmUtMDVmZDIyZmRlNTdkXkEyXkFqcGc@._V1_SX300.jpg
5472,https://m.media-amazon.com/images/M/MV5BODQ3NmRkMjctOGU4ZS00MTEyLWE0ZDgtMGU0OGQwMThlMTQyXkEyXkFqcGc@._V1_SX300.jpg
5475,https://m.media-amazon.com/images/M/MV5BMDRkZGI0YTctNWRiNy00MTFhLWE2NTQtM2Y3YTY0MTM0MGE0XkEyXkFqcGc@._V1_SX300.jpg
5476,https://m.media-amazon.com/images/M/MV5BZTlhMTRiNDYtZjc3My00MDZmLWE4N2YtMGQ3YzE5ZTFiYTY2XkEyXkFqcGc@._V1_SX300.jpg
5477,https://m.media-amazon.com/images/M/MV5BYjJiNGY3ZTEtNDFmYi00ZGM2LTk3N2EtZjg0MTI0YzNlODE3XkEyXkFqcGc@._V1_SX300.jpg
5478,https://m.media-amazon.com/images/M/MV5BMzMzODg5MDk4OV5BMl5BanBnXkFtZTYwNTM0Nzc3._V1_SX300.jpg
5479,https://m.media-amazon.com/images/M/MV5BMjExMjZhMjUtZWRjZi00MjI3LTg1OWQtMTFhMWE1N2Y2MGVmXkEyXkFqcGc@._V1_SX300.jpg
5480,https://m.media-amazon.com/images/M/MV5BMTYyNDg0Njc2Nl5BMl5BanBnXkFtZTYwMDc3NzQ3._V1_SX300.jpg
5481,https://m.media-amazon.com/images/M/MV5BYTUwYjI0YzctMGI5Yy00NGU5LTgwMGUtMzE1OWZhYmRlMjMyXkEyXkFqcGc@._V1_SX300.jpg
5483,https://m.media-amazon.com/images/M/MV5BNTM0YmYzMTktZjk2Yy00ZjY2LWJhZjEtNzhlZGIwNTlkZDNlXkEyXkFqcGc@._V1_SX300.jpg
5485,https://m.media-amazon.com/images/M/MV5BMTM2MjMxMTUzMl5BMl5BanBnXkFtZTcwMzQ4MjcxMQ@@._V1_SX300.jpg
5486,https://m.media-amazon.com/images/M/MV5BMjFiNjY3YmUtZmE0Ni00N2I1LWIxM2EtNWZiNmIwNWZmZDk5XkEyXkFqcGc@._V1_SX300.jpg
5489,https://m.media-amazon.com/images/M/MV5BYjgzODFlMTgtNDhiMS00ZGZmLTliOTUtMjU5NjBkYmU4NGNkXkEyXkFqcGc@._V1_SX300.jpg
5490,https://m.media-amazon.com/images/M/MV5BMjIxYmJhNDgtN2EyMi00N2M4LWI4NWEtOWEyODk3ZmMyZGU2XkEyXkFqcGc@._V1_SX300.jpg
5493,https://m.media-amazon.com/images/M/MV5BNjE3MTA2NmQtMTk5MC00NTgyLWJjMTItMmE3NWVjZGU5YWNlXkEyXkFqcGc@._V1_SX300.jpg
5497,https://m.media-amazon.com/images/M/MV5BYjRiMzhhMWMtMmM1MC00ODBmLThjOGUtMDQ2Yzk5ODEwYTA3XkEyXkFqcGc@._V1_SX300.jpg
5498,https://m.media-amazon.com/images/M/MV5BMjE1MDRlMmQtYTU1Mi00YzY2LTkxNGQtZGMyZTNkN2U1M2VjXkEyXkFqcGc@._V1_SX300.jpg
5499,https://m.media-amazon.com/images/M/MV5BNjI2Mjg5ZDItMWEyZS00YjRmLWFiNTUtZDFmNDdhZDk4Mzc5XkEyXkFqcGc@._V1_SX300.jpg
5500,https://m.media-amazon.com/images/M/MV5BYWQ0ZDZjYjAtNTM3My00ZGI4LWJjNDYtMjVmM2IwOTdjMjU2XkEyXkFqcGc@._V1_SX300.jpg
5501,https://m.media-amazon.com/images/M/MV5BMzk4YjI0NmMtOTE1ZC00MDc2LTk4ZDMtZTMxZDIzMDQyZGEzXkEyXkFqcGc@._V1_SX300.jpg
5502,https://m.media-amazon.com/images/M/MV5BNDUwMDUyMDAyNF5BMl5BanBnXkFtZTYwMDQ3NzM3._V1_SX300.jpg
5503,https://m.media-amazon.com/images/M/MV5BYmUxNjk2NmYtNTdjMi00OWE1LWE4MjgtZWUxOTcyMzgxYzFjXkEyXkFqcGc@._V1_SX300.jpg
5504,https://m.media-amazon.com/images/M/MV5BY2FhMTgzNWItYjlkMC00NGFmLTllNTQtMTFlYWE0ODBhYjg5XkEyXkFqcGc@._V1_SX300.jpg
5505,https://m.media-amazon.com/images/M/MV5BZWUzODM5NjMtNGZlZi00ODhhLWJhMGQtN2U0MGUyMTdmM2FkXkEyXkFqcGc@._V1_SX300.jpg
5506,https://m.media-amazon.com/images/M/MV5BMTIxMDMzMDk1NV5BMl5BanBnXkFtZTYwNzgxNDY3._V1_SX300.jpg
5507,https://m.media-amazon.com/images/M/MV5BNjY0MTc4ZDEtY2MxYi00ODIxLWJlNzQtZTlmZDVkYTYwM2NhXkEyXkFqcGc@._V1_SX300.jpg
5508,https://m.media-amazon.com/images/M/MV5BYWFiMmE2YmMtMzY0ZC00Y2JlLThlZTktMmNkYTA1NTY2OWNhXkEyXkFqcGc@._V1_SX300.jpg
5512,https://m.media-amazon.com/images/M/MV5BMmE5NmEyNmEtZWM1Ny00Mzc4LTg5ZjctZTM0MTA1MTZjZDc1XkEyXkFqcGc@._V1_SX300.jpg
5513,https://m.media-amazon.com/images/M/MV5BNTZiNjUzNDMtMmZlZS00OWEyLTliZmYtNDkwM2MzNjE3MjNjXkEyXkFqcGdeQXVyMTQxNzMzNDI@._V1_SX300.jpg
5515,https://m.media-amazon.com/images/M/MV5BMTcyNDczMjg1MF5BMl5BanBnXkFtZTgwOTE4MjgwMzE@._V1_SX300.jpg
5521,https://m.media-amazon.com/images/M/MV5BMjY5NjE3NzQtNDJmNy00ZTg1LTk2ZTEtYTY2OWJjNTY3MTIxXkEyXkFqcGc@._V1_SX300.jpg
5522,https://m.media-amazon.com/images/M/MV5BMjhiMTc1ZDMtMjY3NC00YzliLWFkNjYtYWRmYjI2YWRmMzgwXkEyXkFqcGc@._V1_SX300.jpg
5523,https://m.media-amazon.com/images/M/MV5BMTQ4NTMwODQwNV5BMl5BanBnXkFtZTYwNTg0Nzk2._V1_SX300.jpg
5524,https://m.media-amazon.com/images/M/MV5BYzA5NTc5M2YtNTE3Yy00NjMxLWJiOGUtOTU1ZjEzNTE1NWY1XkEyXkFqcGc@._V1_SX300.jpg
5525,https://m.media-amazon.com/images/M/MV5BNTYyNzIxMTAyNl5BMl5BanBnXkFtZTYwNzQzMjg2._V1_SX300.jpg
5527,https://m.media-amazon.com/images/M/MV5BMTk2NTIzNTU2NF5BMl5BanBnXkFtZTYwNTgwMDg5._V1_SX300.jpg
5528,https://m.media-amazon.com/images/M/MV5BNzZhYTZmMjYtNTg0Yy00NDhiLWIwMmItOTU1YmZhYWFiNWEzXkEyXkFqcGc@._V1_SX300.jpg
5529,https://m.media-amazon.com/images/M/MV5BOTJkN2E4M2QtNzNhOS00NTM5LWI4MjYtM2FhNGQxOWY4MTQ4XkEyXkFqcGc@._V1_SX300.jpg
5530,https://m.media-amazon.com/images/M/MV5BZjNkOTU0YTQtNGViNi00Mzg3LWFiOWMtNTcwNWYyNmU3ZTZhXkEyXkFqcGc@._V1_SX300.jpg
5531,https://m.media-amazon.com/images/M/MV5BZTUyNjU3N2YtNDc0Ni00NmY0LTlkZjMtZGI4MjUwNmFiZDRjXkEyXkFqcGc@._V1_SX300.jpg
5532,https://m.media-amazon.com/images/M/MV5BNzI2NTQ4MzUxNl5BMl5BanBnXkFtZTcwNzQxODEzMQ@@._V1_SX300.jpg
5537,https://m.media-amazon.com/images/M/MV5BMTkxNTU0NzExOF5BMl5BanBnXkFtZTcwMzkzMzUxMQ@@._V1_SX300.jpg
5538,https://m.media-amazon.com/images/M/MV5BM2FmZjVmMTUtYzcxZi00NjQ2LTk3OTEtMTg4OTk5ZWFhYjdhXkEyXkFqcGc@._V1_SX300.jpg
5539,https://m.media-amazon.com/images/M/MV5BNDM5NjczOGQtNjQ0Ny00Y2YxLWE0ZmUtMjljYTI5ZTg2MmY4XkEyXkFqcGc@._V1_SX300.jpg
5540,https://m.media-amazon.com/images/M/MV5BMWIyN2Q2OGEtY2I3Mi00YzM0LWEyMjMtOTc2MmQxNTRjMjI5XkEyXkFqcGc@._V1_SX300.jpg
5541,https://m.media-amazon.com/images/M/MV5BYzY1OGNkZTMtNjRjYy00MWRkLTkxM2ItMTU1OWZlZTBkZTYwXkEyXkFqcGc@._V1_SX300.jpg
5543,https://m.media-amazon.com/images/M/MV5BMGRjM2JlMjgtMTAzOC00ZjRhLWI1NTEtMTcxNjc3ZmY0ZDhjXkEyXkFqcGc@._V1_SX300.jpg
5544,https://m.media-amazon.com/images/M/MV5BNzAzY2MwNmUtM2E4ZS00YWFiLWI0YzQtNjU1MTU3OWY5YTgxXkEyXkFqcGc@._V1_SX300.jpg
5548,https://m.media-amazon.com/images/M/MV5BY2U0YjY4MDctNjM4Yi00YmNkLWJlNzItNWIzNjRkMzIzNjEzXkEyXkFqcGc@._V1_SX300.jpg
5550,https://m.media-amazon.com/images/M/MV5BYTAxYjNlMmItNTMzMi00NDYwLWJkNDUtYjZkNmU1YTdjNDk0XkEyXkFqcGc@._V1_SX300.jpg
5553,https://m.media-amazon.com/images/M/MV5BMmI5NmRmYjAtMDA2Mi00M2VhLWJmNDgtYzM2NzAxMDllY2JkXkEyXkFqcGc@._V1_SX300.jpg
5556,https://m.media-amazon.com/images/M/MV5BMjEyOTkwNzI4OV5BMl5BanBnXkFtZTYwNzk0MDg5._V1_SX300.jpg
5560,https://m.media-amazon.com/images/M/MV5BYWQzYTJlYWEtZmVkMy00OTUwLWI0YzItYzg5ODk3ZWU5NDQ5XkEyXkFqcGc@._V1_SX300.jpg
5562,https://m.media-amazon.com/images/M/MV5BMWFlNTVlYzktMDk0Yi00Mjc2LThiZGEtMjg4MmJjNTUzZWZhXkEyXkFqcGc@._V1_SX300.jpg
5563,https://m.media-amazon.com/images/M/MV5BMTIwMjc1MzI3MF5BMl5BanBnXkFtZTYwMjUwMjY3._V1_SX300.jpg
5564,https://m.media-amazon.com/images/M/MV5BZjgwNWFkOGMtM2JkMC00MzY0LWE0MWQtNWI1YTI2ZTQ2NzA0XkEyXkFqcGc@._V1_SX300.jpg
5568,https://m.media-amazon.com/images/M/MV5BYzE2ZjA3ODEtNzZhYi00NzMxLWI2YjQtYTQ3MWFkYmQ5ZmFmXkEyXkFqcGc@._V1_SX300.jpg
5569,https://m.media-amazon.com/images/M/MV5BZGIxYTE2Y2QtODE5OS00YThiLThjMGYtOTI3NmY1ZDFkZThjXkEyXkFqcGc@._V1_SX300.jpg
5570,https://m.media-amazon.com/images/M/MV5BNGQwZWU4YTItMjZjYi00ZjNlLWI1ODctMjg2NzBhOGIwODAwXkEyXkFqcGc@._V1_SX300.jpg
5572,https://m.media-amazon.com/images/M/MV5BODc2MjQxMjctMzAzNS00OWRiLTkyNTAtYTA3MmRiYzdkNzA2XkEyXkFqcGc@._V1_SX300.jpg
5573,https://m.media-amazon.com/images/M/MV5BZDAzYzAwMDktMzliZi00MTljLTg3ZjUtY2EzZjQwM2Q3ZWNmXkEyXkFqcGc@._V1_SX300.jpg
5574,https://m.media-amazon.com/images/M/MV5BMTk2NDc2MDAxN15BMl5BanBnXkFtZTYwNDc1NDY2._V1_SX300.jpg
5575,https://m.media-amazon.com/images/M/MV5BNGU1MGU4M2EtODQ2NS00M2JmLWE0N2MtYjRkZTk3YzhiYmYyXkEyXkFqcGdeQXVyMjQzMzQzODY@._V1_SX300.jpg
5577,https://m.media-amazon.com/images/M/MV5BY2ExYWY0ZTEtYWNmZC00ZmYwLWE4MzQtYmNmYWU2OWI5MTY3XkEyXkFqcGc@._V1_SX300.jpg
5580,https://m.media-amazon.com/images/M/MV5BMTQwZGZmZjktNTk0Yi00NDA4LWI1MmYtZTM3NGIwNTQxMTQ3XkEyXkFqcGc@._V1_SX300.jpg
5581,https://m.media-amazon.com/images/M/MV5BZjEwZDhiOWYtZmViZi00ZGE1LWIwYjAtZmM5NzhhY2ExZWNlXkEyXkFqcGc@._V1_SX300.jpg
5582,https://m.media-amazon.com/images/M/MV5BNjRkODU5NTYtMmI5ZS00MmYwLTlkYjItMGVmNTBkZDYzODgwXkEyXkFqcGc@._V1_SX300.jpg
5584,https://m.media-amazon.com/images/M/MV5BMDNiZGYzODItYmM4ZS00Mzg5LWJlZWEtMjQyZjcyM2NlMmQ0XkEyXkFqcGc@._V1_SX300.jpg
5585,https://m.media-amazon.com/images/M/MV5BMmJhY2VhY2EtZmQzNS00ZGEwLWFiZTMtMzRmNWJiYjE1ZWQ3XkEyXkFqcGc@._V1_SX300.jpg
5588,https://m.media-amazon.com/images/M/MV5BZGExZTc5YzAtMmEyMS00NGVmLTllYzktMzU1NjA1YjU1YzViXkEyXkFqcGc@._V1_SX300.jpg
5589,https://m.media-amazon.com/images/M/MV5BN2Q1YmMzYjEtMDJhOS00ZDgxLTlhZjktYmJhYjNmYjVjNzk0XkEyXkFqcGc@._V1_SX300.jpg
5590,https://m.media-amazon.com/images/M/MV5BMzU3NWJmYWMtYTYxOS00MWQ0LTg1ZjYtMWFlZWEzZDQzMWFkXkEyXkFqcGc@._V1_SX300.jpg
5591,https://m.media-amazon.com/images/M/MV5BZTQxNjBjOGUtZGJkMS00NDE2LWE0YmMtMmI5NGZmNWI3M2RiXkEyXkFqcGc@._V1_SX300.jpg
5596,https://m.media-amazon.com/images/M/MV5BNWE0YTc4NjEtN2ViYy00ZmJjLWIyMDAtY2UzM2ZiY2M2ZGNjXkEyXkFqcGc@._V1_SX300.jpg
5597,https://m.media-amazon.com/images/M/MV5BMjg0NjgzMjYtZDM1YS00NDVkLTk1MDUtODBmZDNlNTViNTc1XkEyXkFqcGc@._V1_SX300.jpg
5601,https://m.media-amazon.com/images/M/MV5BNjM1MjVkMmUtNTY5Ny00ZTUwLTg0M2YtOWM1Zjg0NzAyZDFiXkEyXkFqcGc@._V1_SX300.jpg
5602,https://m.media-amazon.com/images/M/MV5BMjlhZWM3MjktYTIwZS00YTVmLTljZDYtZWYwYjFiOTc5NDMzXkEyXkFqcGc@._V1_SX300.jpg
5603,https://m.media-amazon.com/images/M/MV5BYjhmZDlhODgtOWE2OS00NDQyLThmYmItMTZjMGYwODYxNDcxXkEyXkFqcGc@._V1_SX300.jpg
5604,https://m.media-amazon.com/images/M/MV5BMTUxNTIzNzY4OV5BMl5BanBnXkFtZTgwODExMTI0NDE@._V1_SX300.jpg
5607,https://m.media-amazon.com/images/M/MV5BNGRhN2YyN2QtMGI5NC00ZDhlLTk4NmItNjQzZDI4ZjU4MGZlXkEyXkFqcGc@._V1_SX300.jpg
5608,https://m.media-amazon.com/images/M/MV5BMGZlYzlkMjctN2U5Zi00OTQ1LTk2ZGMtYzMzYzYwMTY4MzFkXkEyXkFqcGc@._V1_SX300.jpg
5609,https://m.media-amazon.com/images/M/MV5BMTkwMDk0OTcyMF5BMl5BanBnXkFtZTYwNzcxMDg5._V1_SX300.jpg
5610,https://m.media-amazon.com/images/M/MV5BOGY1NTM2MGEtZTI2My00NzRiLWE0NmUtYWNjODU1NzMzMzg4XkEyXkFqcGc@._V1_SX300.jpg
5611,https://m.media-amazon.com/images/M/MV5BMTYzOTMxNzg0MV5BMl5BanBnXkFtZTYwMjQwMDQ3._V1_SX300.jpg
5612,https://m.media-amazon.com/images/M/MV5BZGIxNjljMWMtZjk0ZS00NzUxLTg1NzAtNTJmMTI3MGY3NmM5XkEyXkFqcGc@._V1_SX300.jpg
5613,https://m.media-amazon.com/images/M/MV5BMDg5ZGVmNjItNDcwNi00ZGY5LThjM2MtMzJiMmRmYTljNDVlXkEyXkFqcGc@._V1_SX300.jpg
5614,https://m.media-amazon.com/images/M/MV5BODM4NGNkMDktZWQzZC00YjZlLWJmMWQtOGM1M2RiNjViNzQyXkEyXkFqcGc@._V1_SX300.jpg
5615,https://m.media-amazon.com/images/M/MV5BNjZiY2NkNWItZTE0Yi00Y2U5LTkyZjAtZTgyNzdlOTcyNWQ2XkEyXkFqcGc@._V1_SX300.jpg
5617,https://m.media-amazon.com/images/M/MV5BMjA5ODIzMTQ4M15BMl5BanBnXkFtZTYwMDgwNDA3._V1_SX300.jpg
5618,https://m.media-amazon.com/images/M/MV5BNTEyNmEwOWUtYzkyOC00ZTQ4LTllZmUtMjk0Y2YwOGUzYjRiXkEyXkFqcGc@._V1_SX300.jpg
5619,https://m.media-amazon.com/images/M/MV5BMzEyOTEwMjc5Nl5BMl5BanBnXkFtZTcwOTc3MTQyMQ@@._V1_SX300.jpg
5620,https://m.media-amazon.com/images/M/MV5BMjEwMjIwMDQ4OV5BMl5BanBnXkFtZTYwNzc3OTY3._V1_SX300.jpg
5621,https://m.media-amazon.com/images/M/MV5BMjEyNTI0NjM5M15BMl5BanBnXkFtZTYwMjQ0NTE3._V1_SX300.jpg
5625,https://m.media-amazon.com/images/M/MV5BMTY5MTA1MTgyMV5BMl5BanBnXkFtZTYwNzE5NDg3._V1_SX300.jpg
5628,https://m.media-amazon.com/images/M/MV5BOTg1MTk5YmMtOTMxMC00Yzk4LWFiMjUtZDY2NDk5YjJjNzYyXkEyXkFqcGc@._V1_SX300.jpg
5629,https://m.media-amazon.com/images/M/MV5BMjA0OTk5MTk0M15BMl5BanBnXkFtZTYwNTgxMDg5._V1_SX300.jpg
5630,https://m.media-amazon.com/images/M/MV5BNmI0MDEwZTktMzdjMy00NDhmLWI2YjMtNGI4YjY0NDc3MDZkXkEyXkFqcGc@._V1_SX300.jpg
5632,https://m.media-amazon.com/images/M/MV5BMmQ0ZGNkODYtMjYxNy00ZjkwLWE3OWItNzBiMjRmNTVkOWMwXkEyXkFqcGc@._V1_SX300.jpg
5633,https://m.media-amazon.com/images/M/MV5BNzBiODhmYzUtZWU2Ny00NDVmLTk2YmMtODYzNGExNmZlMDYzXkEyXkFqcGc@._V1_SX300.jpg
5635,https://m.media-amazon.com/images/M/MV5BNjBlZTYxZWItYjBhOC00OTdkLTg5MmEtMDVkNTNjMTViMmVkXkEyXkFqcGc@._V1_SX300.jpg
5636,https://m.media-amazon.com/images/M/MV5BMTc0NTI1MjMwMl5BMl5BanBnXkFtZTYwNTE2NzY3._V1_SX300.jpg
5637,https://m.media-amazon.com/images/M/MV5BZDY3OGU2YmYtYjdkMC00YzNiLWJiYzQtMmU2NjA0YjBiMjBjL2ltYWdlXkEyXkFqcGdeQXVyMTQxNzMzNDI@._V1_SX300.jpg
5638,https://m.media-amazon.com/images/M/MV5BYmNmMGRhNjAtMTUyNS00NTAyLTgxMzQtNzk1ZGI2MzczYWUwXkEyXkFqcGc@._V1_SX300.jpg
5640,https://m.media-amazon.com/images/M/MV5BM2M3Y2NhY2QtNjUyOC00YWFkLTg2ZGEtZjEwODgxNGZiZWM5XkEyXkFqcGc@._V1_SX300.jpg
5643,https://m.media-amazon.com/images/M/MV5BMzk1NTRhZWQtZjE2Ni00MGE1LTgxM2QtOTQxMzgzMjNhZDAyXkEyXkFqcGc@._V1_SX300.jpg
5644,https://m.media-amazon.com/images/M/MV5BNWE1OWM4MTgtNjk5MS00ZGVjLWE2N2MtYjM0ZDFhMzM0MWZjXkEyXkFqcGc@._V1_SX300.jpg
5646,https://m.media-amazon.com/images/M/MV5BNjU3Nzk0NTAyNl5BMl5BanBnXkFtZTcwMzIwMzc3NA@@._V1_SX300.jpg
5649,https://m.media-amazon.com/images/M/MV5BNTQxZTQxYjUtZDg0Zi00ZGE2LWJlMzQtYWJhMjM2MTJmYTI1XkEyXkFqcGc@._V1_SX300.jpg
5650,https://m.media-amazon.com/images/M/MV5BZDIwYmI0ZjctN2VhOS00YzU4LWI1YWEtZjM3MmFmZTllYjQ4XkEyXkFqcGc@._V1_SX300.jpg
5651,https://m.media-amazon.com/images/M/MV5BMzI1NTAxZGEtMTVjYy00YjQ2LWIzMGMtZGZlNmU1ZmM4YTQ3XkEyXkFqcGc@._V1_SX300.jpg
5657,https://m.media-amazon.com/images/M/MV5BZDg0MzRkNzMtYzJkNS00YzljLTk2NGItZWI5MzNkMjQ2OGE2XkEyXkFqcGc@._V1_SX300.jpg
5663,https://m.media-amazon.com/images/M/MV5BMzg2YzUzOTAtMjNjZi00MzY1LTk1NTgtZTQ2NjJiYzM4YzgzXkEyXkFqcGc@._V1_SX300.jpg
5664,https://m.media-amazon.com/images/M/MV5BNDU4ODk1NzM0Ml5BMl5BanBnXkFtZTYwOTcxMDg5._V1_SX300.jpg
5665,https://m.media-amazon.com/images/M/MV5BMTM0OTA1NzY2Ml5BMl5BanBnXkFtZTYwMDI4NDU3._V1_SX300.jpg
5666,https://m.media-amazon.com/images/M/MV5BMDE1ZTNmNDEtMzI3Yi00MzUyLWExMjktYmMxZDI0MmNkYjBiXkEyXkFqcGc@._V1_SX300.jpg
5667,https://m.media-amazon.com/images/M/MV5BM2I5ZmRlZmMtNWM5OC00MGQwLWFhMTUtZjkyZjJlODZjZjk2XkEyXkFqcGc@._V1_SX300.jpg
5668,https://m.media-amazon.com/images/M/MV5BMTI4NzYwOTM5MF5BMl5BanBnXkFtZTYwNDM4NDg2._V1_SX300.jpg
5669,https://m.media-amazon.com/images/M/MV5BNTNlYzY3NDEtNDk4OC00MzJjLWJmNWUtZTJjMTAzMTA1NWI1XkEyXkFqcGc@._V1_SX300.jpg
5670,https://m.media-amazon.com/images/M/MV5BMTkyMDM0MzE5Nl5BMl5BanBnXkFtZTYwMDg1NjY3._V1_SX300.jpg
5672,
5673,https://m.media-amazon.com/images/M/MV5BZTYyMTQ2MDAtMzYzYS00YjZiLWJiNDUtZjEwNzM4YzE1ZDhhXkEyXkFqcGc@._V1_SX300.jpg
5675,https://m.media-amazon.com/images/M/MV5BZGViNzk3OGUtNzc5Ny00YTIwLWE0MTAtOTM1N2IyMzMwNTNjXkEyXkFqcGc@._V1_SX300.jpg
5678,https://m.media-amazon.com/images/M/MV5BMTg5NzU4NjEwNV5BMl5BanBnXkFtZTYwNTk4NzM3._V1_SX300.jpg
5679,https://m.media-amazon.com/images/M/MV5BNDA2NTg2NjE4Ml5BMl5BanBnXkFtZTYwMjYxMDg5._V1_SX300.jpg
5680,https://m.media-amazon.com/images/M/MV5BMjgxZjNmNjgtYTQ5MC00MGNjLThmZWEtYTA5NThjODdmNmJjXkEyXkFqcGc@._V1_SX300.jpg
5682,https://m.media-amazon.com/images/M/MV5BMTgzNjQzMTQ0NF5BMl5BanBnXkFtZTYwNjA0Mjc3._V1_SX300.jpg
5684,https://m.media-amazon.com/images/M/MV5BYmVlZTkxNDQtMzdlOS00MmVlLWE2Y2QtNTgyNjkxMDIwZTc2XkEyXkFqcGc@._V1_SX300.jpg
5685,https://m.media-amazon.com/images/M/MV5BNGI5M2I4ZTktYTEyNi00OWE2LWJhZDktZTQ3YzQ0MDJjNWVmXkEyXkFqcGc@._V1_SX300.jpg
5688,https://m.media-amazon.com/images/M/MV5BMTE5ODMzMDU2OV5BMl5BanBnXkFtZTYwMTA2MTc2._V1_SX300.jpg
5689,https://m.media-amazon.com/images/M/MV5BMDY3NDNjM2ItODViYy00ZWU3LWFhYTUtZjI4YjA2ZWEyYzI4XkEyXkFqcGc@._V1_SX300.jpg
5690,https://m.media-amazon.com/images/M/MV5BNTY5MmE2OGMtN2IxNC00MDY4LTkwMGEtZDUzOTYyNWE0ZTNjXkEyXkFqcGc@._V1_SX300.jpg
5693,https://m.media-amazon.com/images/M/MV5BM2UxZGU5ZDItZmQ0NS00NzNlLTgwMGMtOGJkMzQ5N2QwZjNhXkEyXkFqcGc@._V1_SX300.jpg
5694,https://m.media-amazon.com/images/M/MV5BOWQ3N2RjN2YtNzhhNS00ZDM0LWIwMTctZjdmNzIwYTM2M2QyXkEyXkFqcGc@._V1_SX300.jpg
5696,https://m.media-amazon.com/images/M/MV5BYmU3YzI2MGUtNzMyYi00ZTY2LWIyNjAtYjU0NGIzY2Y5ODk2XkEyXkFqcGc@._V1_SX300.jpg
5699,https://m.media-amazon.com/images/M/MV5BMTk5NzkwNDUwOV5BMl5BanBnXkFtZTgwMjM2NjQzMTE@._V1_SX300.jpg
5700,https://m.media-amazon.com/images/M/MV5BODY1OTE0ODUtY2EyMy00ZjcwLWE1NDYtYjE5MjlhNTllZDk1XkEyXkFqcGc@._V1_SX300.jpg
5704,https://m.media-amazon.com/images/M/MV5BMGM0M2MwMTEtMzIyOS00MWRkLTkyMTEtYjBiYzdhMzFlMWViXkEyXkFqcGc@._V1_SX300.jpg
5706,https://m.media-amazon.com/images/M/MV5BMmJhNDQwZWQtZWQ2Mi00NWNjLWFlZWEtMDdiNWYzOGZkODkxXkEyXkFqcGc@._V1_SX300.jpg
5707,https://m.media-amazon.com/images/M/MV5BZjZlMzZiMzYtNGVjNC00M2NjLTllMTAtMTA2ZDEwMDNkMTJlXkEyXkFqcGc@._V1_SX300.jpg
5710,https://m.media-amazon.com/images/M/MV5BYzVlYWU4YjQtNjM3ZC00OTllLWFmYTUtNDhhOTQ2NzRiZTgyXkEyXkFqcGc@._V1_SX300.jpg
5712,https://m.media-amazon.com/images/M/MV5BNTc0MTY2ZWMtOTY4NC00ZDUyLWI0MTUtMmYxYjA4MzJhYTk0XkEyXkFqcGc@._V1_SX300.jpg
5720,https://m.media-amazon.com/images/M/MV5BOGE4MmY0MjAtNGI4Yi00ZTQ3LWI5OTgtYTllZTg2YzdhMTYzXkEyXkFqcGc@._V1_SX300.jpg
5721,https://m.media-amazon.com/images/M/MV5BOWNmNGZmNzAtZjY2Ni00ZmRlLThkNGMtYmY2ZWIzZDA0OGRkXkEyXkFqcGdeQXVyMTQ3Njg3MQ@@._V1_SX300.jpg
5723,https://m.media-amazon.com/images/M/MV5BOTRjOWZiNTMtZDY0MS00NjZiLWIxNDctMDQ3NGM1NDA1Yjk5XkEyXkFqcGc@._V1_SX300.jpg
5733,https://m.media-amazon.com/images/M/MV5BYTA1ZDc1NTEtZTlhNC00NjM2LWJiNGQtNjY2YWI2Mjc2NmMyXkEyXkFqcGc@._V1_SX300.jpg
5735,https://m.media-amazon.com/images/M/MV5BN2RlNThhMDEtNWI4YS00Y2MwLWIwNjItYTI1MjMxNzdlYzU1XkEyXkFqcGc@._V1_SX300.jpg
5736,https://m.media-amazon.com/images/M/MV5BNDFlZDBiY2EtYWU3Yi00NDk4LTljMzItMDk3ZWU2ZjZmZTE1XkEyXkFqcGdeQXVyMTQxNzMzNDI@._V1_SX300.jpg
5741,https://m.media-amazon.com/images/M/MV5BNjAxMGVjM2YtNDExMS00NWU1LTg4ZTItOGQ2ZGFmMGU2MGU5XkEyXkFqcGc@._V1_SX300.jpg
5742,https://m.media-amazon.com/images/M/MV5BMmFjNWZkNjctYjNiMS00YmFmLWFjZTMtYzNjZjAyZTBkOWI5XkEyXkFqcGc@._V1_SX300.jpg
5745,https://m.media-amazon.com/images/M/MV5BNmRmMjc5MWMtMzZmMy00NTYzLTgwZDQtNTAyMmNlYmIxOTg2XkEyXkFqcGc@._V1_SX300.jpg
5746,https://m.media-amazon.com/images/M/MV5BNGIzMThjMGEtNGY4NC00NmVmLWFkYzctNDJkNDYyZTNmZmNhXkEyXkFqcGc@._V1_SX300.jpg
5747,https://m.media-amazon.com/images/M/MV5BYjlmMzdiZjAtNTI5Yi00MWNlLTk4NWItOTAxZDQwN2UwZTc5XkEyXkFqcGc@._V1_SX300.jpg
5749,https://m.media-amazon.com/images/M/MV5BODhhZWU3MjAtZWE0Mi00YWFmLTlkZjAtYjcxMzk0ZGY4M2FkXkEyXkFqcGc@._V1_SX300.jpg
5752,https://m.media-amazon.com/images/M/MV5BNDI3MTU1MTc2OV5BMl5BanBnXkFtZTcwODQ0Mjk3OA@@._V1_SX300.jpg
5755,https://m.media-amazon.com/images/M/MV5BMTU5MmU3YTgtZjg0Yy00MWVhLWE3NzQtYWE4OGNmMjE1MDlkXkEyXkFqcGc@._V1_SX300.jpg
5764,https://m.media-amazon.com/images/M/MV5BYTg4YWIyNjYtMmEwMC00YzVjLThkYTUtNTE1MjEwYmM3MWY0XkEyXkFqcGc@._V1_SX300.jpg
5767,https://m.media-amazon.com/images/M/MV5BY2I4ZTU1MmYtOTE1OS00OTIwLTg5ZTAtMzA0NjU4OTkzYjZkXkEyXkFqcGc@._V1_SX300.jpg
5768,https://m.media-amazon.com/images/M/MV5BZmEzMTQyOTgtZjI1Zi00M2VkLTk0ODMtYTBhOGJlMWExYjc1XkEyXkFqcGc@._V1_SX300.jpg
5771,https://m.media-amazon.com/images/M/MV5BNDQ1MmY3YjgtZWQzNC00OWIzLTgzYTUtODhhNDI0NWI5ZjU0XkEyXkFqcGc@._V1_SX300.jpg
5772,https://m.media-amazon.com/images/M/MV5BNTVjYmFkODMtZWJiMy00NzYyLTg2ODQtMTk5Zjk4MGYzZjMzXkEyXkFqcGc@._V1_SX300.jpg
5773,https://m.media-amazon.com/images/M/MV5BZTgwOTc0OTctM2ZjMS00NzQ0LThhYzktMjkwMzQ5NjNiNDNmXkEyXkFqcGc@._V1_SX300.jpg
5779,https://m.media-amazon.com/images/M/MV5BZjZkNzBhYjEtYjNiZC00NGE4LWEzYzMtODkxNTg4MWU0NjVjXkEyXkFqcGc@._V1_SX300.jpg
5780,https://m.media-amazon.com/images/M/MV5BNjQzMzYyMzEtOTQxMS00YWRlLTljY2EtZjU2MzhiNDliOWJlXkEyXkFqcGc@._V1_SX300.jpg
5782,https://m.media-amazon.com/images/M/MV5BOWRmZTk3MWEtMDNkNS00NjFmLTgxMGYtZGE1MjdlNTNiNjNmXkEyXkFqcGc@._V1_SX300.jpg
5784,https://m.media-amazon.com/images/M/MV5BMTM3NTA4NDIwMF5BMl5BanBnXkFtZTYwNTc4NDE3._V1_SX300.jpg
5785,https://m.media-amazon.com/images/M/MV5BZDkzNmZmZDUtNjA5Mi00OTM4LTk2MDAtNmRhYTkzM2Y4MWNiXkEyXkFqcGc@._V1_SX300.jpg
5786,https://m.media-amazon.com/images/M/MV5BMThiOGVhNDctY2UyOS00NzNiLTkwNmItOWJjNDgzYjk0MmRhXkEyXkFqcGc@._V1_SX300.jpg
5787,https://m.media-amazon.com/images/M/MV5BZWQyMGQwNTYtY2MxNi00ZWZhLTlhNzMtY2FiZDYxYzBiNjk0XkEyXkFqcGc@._V1_SX300.jpg
5788,https://m.media-amazon.com/images/M/MV5BMjQ3NzM1NjA0NF5BMl5BanBnXkFtZTcwNjQ4MDQ3NA@@._V1_SX300.jpg
5791,https://m.media-amazon.com/images/M/MV5BM2ZiNjJkMmMtM2JhMC00OTEyLTkyMjMtYzcxYTU0ZGZkMWU2XkEyXkFqcGc@._V1_SX300.jpg
5792,https://m.media-amazon.com/images/M/MV5BMWVhNGY1ZjgtNGFhYi00MGFmLWEyMWUtODRjZGM3MjYzZmFmXkEyXkFqcGc@._V1_SX300.jpg
5796,https://m.media-amazon.com/images/M/MV5BYjc2OGEwM2ItZjcxOC00ZGVhLTk5MmItMmZhNDQyNmViNTY2XkEyXkFqcGc@._V1_SX300.jpg
5797,https://m.media-amazon.com/images/M/MV5BODhkYzJjODYtZjI5NS00YzE1LThiNmMtY2QzZDAzZWYyZmY0XkEyXkFqcGc@._V1_SX300.jpg
5799,https://m.media-amazon.com/images/M/MV5BMTk4NjMxNjcyOV5BMl5BanBnXkFtZTgwNDAwNTIxMDE@._V1_SX300.jpg
5801,https://m.media-amazon.com/images/M/MV5BYjFjYzViMjctZDI1ZS00ZTAwLWEyYzktMzU3NzQ0ZmFiZjA3XkEyXkFqcGc@._V1_SX300.jpg
5802,https://m.media-amazon.com/images/M/MV5BMTM4NjcwMzQzNV5BMl5BanBnXkFtZTcwODQ1Nzg0NQ@@._V1_SX300.jpg
5803,https://m.media-amazon.com/images/M/MV5BMjU5MThiYzQtYzMzMS00YWQyLWE3MDUtM2NmNWFiZmU5NDgxXkEyXkFqcGc@._V1_SX300.jpg
5804,https://m.media-amazon.com/images/M/MV5BNjU0Njk5MTA2Nl5BMl5BanBnXkFtZTYwODkzMzQ3._V1_SX300.jpg
5809,https://m.media-amazon.com/images/M/MV5BZDk1YzgxMjAtMzFmMi00NWU4LThjNDctMmIwNDY2M2FlNDNlXkEyXkFqcGc@._V1_SX300.jpg
5810,https://m.media-amazon.com/images/M/MV5BMzFhZDhjMDAtZWJlZS00ZWUyLWFlZGMtYTcwZjFlODcyMGE2XkEyXkFqcGc@._V1_SX300.jpg
5812,https://m.media-amazon.com/images/M/MV5BMTE5ODI3MTM4OV5BMl5BanBnXkFtZTYwNjE5OTg2._V1_SX300.jpg
5816,https://m.media-amazon.com/images/M/MV5BNGJhM2M2MWYtZjIzMC00MDZmLThkY2EtOWViMDhhYjRhMzk4XkEyXkFqcGc@._V1_SX300.jpg
5817,https://m.media-amazon.com/images/M/MV5BNjk2MzVmOGQtMzQ0Yy00ZmU4LTg3ZTctMjMxZmY2NmNmZjcxXkEyXkFqcGc@._V1_SX300.jpg
5818,https://m.media-amazon.com/images/M/MV5BNmQyY2NkZjQtNTRkYS00MDYyLWJiNzEtYWM4ZmUzYjNjMzhmXkEyXkFqcGc@._V1_SX300.jpg
5820,https://m.media-amazon.com/images/M/MV5BMjRmN2JjNGMtNTAzZS00ZTdhLWJiMTItZmU3N2IxODkyYTI0XkEyXkFqcGc@._V1_SX300.jpg
5826,https://m.media-amazon.com/images/M/MV5BNGUwZjc5ODAtZDhjMy00ZjY0LWJhMzctMTUzNTUyOWYxMmZiXkEyXkFqcGc@._V1_SX300.jpg
5828,https://m.media-amazon.com/images/M/MV5BMTIyMDk5NzAzMl5BMl5BanBnXkFtZTcwNzU5MTYxMQ@@._V1_SX300.jpg
5829,https://m.media-amazon.com/images/M/MV5BOGRlNmNkMmUtOGE4NC00NDBkLWE0NGItZjE3NTk0ZmZmZmEyXkEyXkFqcGc@._V1_SX300.jpg
5833,https://m.media-amazon.com/images/M/MV5BNDI3ZTk0ZjItOTMwMi00NWM1LTk4YmItMjY3NDYyZWI4ZjYxXkEyXkFqcGc@._V1_SX300.jpg
5836,https://m.media-amazon.com/images/M/MV5BY2Q3NDI1MmUtNmVhNC00ZjIwLWFkZTktZDQ0YzhiNTJjNjJjXkEyXkFqcGc@._V1_SX300.jpg
5838,https://m.media-amazon.com/images/M/MV5BYzQxYjQ1ZjQtNWYzNi00OTMzLTkyZmYtYzJhYTdmNGFlODk5XkEyXkFqcGc@._V1_SX300.jpg
5839,https://m.media-amazon.com/images/M/MV5BZGM5ODg4NTEtN2IxMC00MDgwLWExZTEtZTVlNzUwMWViMmZlXkEyXkFqcGc@._V1_SX300.jpg
5840,https://m.media-amazon.com/images/M/MV5BMjhhNmQ5NDEtNzQ2ZC00NDJiLTg3NzktZjcwNTM5NWMxOWRiXkEyXkFqcGc@._V1_SX300.jpg
5841,https://m.media-amazon.com/images/M/MV5BNWZlNDZmYWItODhlNC00MTFjLWI4NjctOWQzYjhhOTc0OTc2XkEyXkFqcGc@._V1_SX300.jpg
5843,https://m.media-amazon.com/images/M/MV5BODE1MzEyMjgtNWJlYi00ODJhLWJmMTctOTU3ZjFmMjkwNjU5XkEyXkFqcGc@._V1_SX300.jpg
5847,https://m.media-amazon.com/images/M/MV5BNzhhY2UxNWMtMjlmZi00YmUyLTkxYmUtM2UzMDcyMTU0OGJlXkEyXkFqcGc@._V1_SX300.jpg
5849,https://m.media-amazon.com/images/M/MV5BN2ZlOTY5MjUtZjRmNS00N2Y0LTkzODUtMjAyNWJlNmMzMWNhXkEyXkFqcGc@._V1_SX300.jpg
5853,https://m.media-amazon.com/images/M/MV5BYWY2OTA1NjctNmFhYS00ZGQwLTlhNGUtNjQ1M2JiNzFjNmI2XkEyXkFqcGc@._V1_SX300.jpg
5856,https://m.media-amazon.com/images/M/MV5BY2MyNmM3ZGYtYTM2ZS00ZDJjLWI2Y2MtMGMxNWYyYTcxYzdhXkEyXkFqcGdeQXVyMjc1NDA2OA@@._V1_SX300.jpg
5863,https://m.media-amazon.com/images/M/MV5BZjA3OTU0ODQtYWFiZC00MTA3LThhNWItNTAxNmUyYzQ1NjlmXkEyXkFqcGc@._V1_SX300.jpg
5867,https://m.media-amazon.com/images/M/MV5BNzk2MGQ3NjMtNDc4Yy00NzEwLTk5ZDQtNzYwMjhmMzcwN2JiXkEyXkFqcGc@._V1_SX300.jpg
5872,https://m.media-amazon.com/images/M/MV5BNDZiYWFmOTQtMTQ5Yy00MzA3LWFlNzktZTVmMGQ1MDA4MjEyXkEyXkFqcGc@._V1_SX300.jpg
5873,https://m.media-amazon.com/images/M/MV5BZmNlNzIyMDAtZDA1NC00NTU4LWIzMWUtNmZkYmYyNTcxMDBiXkEyXkFqcGc@._V1_SX300.jpg
5874,https://m.media-amazon.com/images/M/MV5BMGJkNzQ4NzItZjQ5OS00ZmJjLWFlODMtNjQzZDNhNTRjOTFlXkEyXkFqcGc@._V1_SX300.jpg
5875,https://m.media-amazon.com/images/M/MV5BM2E3ZDhhY2MtYTA2NC00YzU1LWI4NjQtOGI5MDdiZjEyNjRiXkEyXkFqcGc@._V1_SX300.jpg
5876,https://m.media-amazon.com/images/M/MV5BYmYxYjk5OTMtNjlmNy00ODI4LTgyMTMtNmY0NjdlODdlZDhlXkEyXkFqcGc@._V1_SX300.jpg
5878,https://m.media-amazon.com/images/M/MV5BM2NjMmQyYmQtMjRjMi00OGVjLWFlMDAtNDYzNDE0MmY4YjE1XkEyXkFqcGc@._V1_SX300.jpg
5879,https://m.media-amazon.com/images/M/MV5BMTk1NTU4NjE5OV5BMl5BanBnXkFtZTYwMTQ3OTY2._V1_SX300.jpg
5880,https://m.media-amazon.com/images/M/MV5BZTE3YTFkZjQtMjRkMi00MTdjLWJhYjAtOWEwMjc0MmQwZGViXkEyXkFqcGc@._V1_SX300.jpg
5881,https://m.media-amazon.com/images/M/MV5BODM3ZWM5NjMtNDE5NC00ODEwLTllZGUtMTdlNzQ5NTNiNmIwXkEyXkFqcGc@._V1_SX300.jpg
5882,https://m.media-amazon.com/images/M/MV5BN2VjNjk5MTAtNDE3Ni00NjczLWFhN2EtNGQ1ZmZmOWRjZjIyXkEyXkFqcGc@._V1_SX300.jpg
5883,https://m.media-amazon.com/images/M/MV5BMjRkOWUyN2ItZjhmMC00YTUyLTliMzQtN2EwY2IyNDQzYjViXkEyXkFqcGc@._V1_SX300.jpg
5884,https://m.media-amazon.com/images/M/MV5BMGRjZjViNWItNzI1YS00ZWZiLTg4ZWUtNTliOThiZTc2MDkzXkEyXkFqcGc@._V1_SX300.jpg
5888,https://m.media-amazon.com/images/M/MV5BNjdmMzAxNjEtNjVmOS00ZmRiLWFlYWYtMzdiZGU5OGZiNmJiXkEyXkFqcGc@._V1_SX300.jpg
5889,https://m.media-amazon.com/images/M/MV5BYjlmZmUzMWMtMzk0YS00MmJmLWIwMWMtZTMzOGY2Y2YxZTI4XkEyXkFqcGc@._V1_SX300.jpg
5890,https://m.media-amazon.com/images/M/MV5BMzczMzg1NzM3Nl5BMl5BanBnXkFtZTYwNjQ5ODc5._V1_SX300.jpg
5891,https://m.media-amazon.com/images/M/MV5BMmNiZGFlYjMtMTI3OC00NjAzLTk1ZmItZDQyOWJmNTVmZmYxXkEyXkFqcGc@._V1_SX300.jpg
5893,https://m.media-amazon.com/images/M/MV5BZjE1YmMwNmYtNDQ2MS00ZTJhLWJhNGEtN2M3ZjdmYTAzNWQ2XkEyXkFqcGc@._V1_SX300.jpg
5896,https://m.media-amazon.com/images/M/MV5BYTYwZTZjNTQtOGUzOC00NDhhLWIzZGMtYTg2NWExODg1NGQxXkEyXkFqcGc@._V1_SX300.jpg
5899,https://m.media-amazon.com/images/M/MV5BNzBkOTE1MjktMDQ4NS00YTYxLWIwZGMtNDMyN2QwMjMzZDI0XkEyXkFqcGc@._V1_SX300.jpg
5900,https://m.media-amazon.com/images/M/MV5BMTc0OTYwMzQ5OF5BMl5BanBnXkFtZTYwMzQyMDg5._V1_SX300.jpg
5901,https://m.media-amazon.com/images/M/MV5BYWZjNjYzZTgtMDNkMy00NTBlLWI2NTYtNGRmMmNmOTc4MDczXkEyXkFqcGc@._V1_SX300.jpg
5902,https://m.media-amazon.com/images/M/MV5BMmQ1MWMxZjEtNmNmYi00ZGFhLWExZDItODcwNzlmZjg0YzNlXkEyXkFqcGc@._V1_SX300.jpg
5903,https://m.media-amazon.com/images/M/MV5BMTkzMzA1OTI3N15BMl5BanBnXkFtZTYwMzUyMDg5._V1_SX300.jpg
5909,https://m.media-amazon.com/images/M/MV5BY2QzMzg3MDMtZmM4My00OWRjLThhMjAtNjRkOWQ0ZjY5NDFmXkEyXkFqcGc@._V1_SX300.jpg
5912,https://m.media-amazon.com/images/M/MV5BMDE2MDU5MDYtNDEwNC00MmIzLTg5MDItYTgzODc2NmM5ODdkXkEyXkFqcGc@._V1_SX300.jpg
5915,https://m.media-amazon.com/images/M/MV5BOWI5MGFhZmYtMDM1NC00MDUxLWEwY2EtYTk3ZWViYjk5ODdiXkEyXkFqcGc@._V1_SX300.jpg
5919,https://m.media-amazon.com/images/M/MV5BYjFiOTYzMzgtYzg5ZS00NWFkLThlOWYtY2FmMzQ0YmVjZjlhXkEyXkFqcGc@._V1_SX300.jpg
5922,https://m.media-amazon.com/images/M/MV5BNGEyNzcxYjgtNWE5Zi00OGExLWIxODAtOThlYjc2ZWZjZDA4XkEyXkFqcGdeQXVyNDUxNjc5NjY@._V1_SX300.jpg
5925,https://m.media-amazon.com/images/M/MV5BMjA2MWIyNTUtMWRjMC00MGU4LWJhZGEtMjI5OGY3MmM2ZWVmXkEyXkFqcGc@._V1_SX300.jpg
5927,https://m.media-amazon.com/images/M/MV5BNDFiZTQwNTMtYjhkYi00YzZmLWE4NTctNTMyNTQ1MGI4YWI2XkEyXkFqcGc@._V1_SX300.jpg
5929,https://m.media-amazon.com/images/M/MV5BN2QxNzBjMDQtZGZjNS00NDliLTk5MTUtNDJkMGViYzAxZmZlXkEyXkFqcGc@._V1_SX300.jpg
5932,https://m.media-amazon.com/images/M/MV5BNGM4NTFjN2QtZjQzNS00ZDhhLTkwM2EtNDJjZWMxNTRhY2E5XkEyXkFqcGc@._V1_SX300.jpg
5938,https://m.media-amazon.com/images/M/MV5BY2Q2NzVhMzctM2QzMi00MTUxLTgxMzMtNWQ1OTY4NTVmZmJjXkEyXkFqcGc@._V1_SX300.jpg
5941,https://m.media-amazon.com/images/M/MV5BNDU1NzBmZDEtYWU3Yi00NjEyLWJiMTYtN2ZjMGViZGRkMTQ5XkEyXkFqcGc@._V1_SX300.jpg
5942,https://m.media-amazon.com/images/M/MV5BMzY1NTAzNTA3Ml5BMl5BanBnXkFtZTYwMDA5Mzc3._V1_SX300.jpg
5943,https://m.media-amazon.com/images/M/MV5BZWZmNGI2Y2QtMjBmNi00ZDNhLWE2ZWMtMTAwYzdkNjMwY2NkXkEyXkFqcGc@._V1_SX300.jpg
5944,https://m.media-amazon.com/images/M/MV5BMjAxNjY2NDY3NF5BMl5BanBnXkFtZTcwMjA0MTEzMw@@._V1_SX300.jpg
5945,https://m.media-amazon.com/images/M/MV5BMTg3ODY2ODM3OF5BMl5BanBnXkFtZTYwOTQ5NTM3._V1_SX300.jpg
5947,https://m.media-amazon.com/images/M/MV5BMTYwNjUwNTkxOF5BMl5BanBnXkFtZTYwMzA1MDg5._V1_SX300.jpg
5949,https://m.media-amazon.com/images/M/MV5BMTQ3MDcxNjk5N15BMl5BanBnXkFtZTYwMzYzMDg5._V1_SX300.jpg
5951,https://m.media-amazon.com/images/M/MV5BODg5MGQyMmEtYTQzMy00ZGY2LWI4MGItNmE4NmY2YjllMDcxXkEyXkFqcGc@._V1_SX300.jpg
5952,https://m.media-amazon.com/images/M/MV5BMGQxMDdiOWUtYjc1Ni00YzM1LWE2NjMtZTg3Y2JkMjEzMTJjXkEyXkFqcGc@._V1_SX300.jpg
5953,https://m.media-amazon.com/images/M/MV5BMTMzMTUwNjQwNl5BMl5BanBnXkFtZTcwMjk2NTgyMQ@@._V1_SX300.jpg
5954,https://m.media-amazon.com/images/M/MV5BMjg0OWI0ZjktZTM0My00NmI3LTkzNDEtYzJiODE1ODM0MDk3XkEyXkFqcGc@._V1_SX300.jpg
5955,https://m.media-amazon.com/images/M/MV5BZTk4OGRlNmEtMzI0Yi00MWM0LWE1YzctZTE3NTdmZjIwZmZjXkEyXkFqcGc@._V1_SX300.jpg
5956,https://m.media-amazon.com/images/M/MV5BMTQ0MDA0MTUtYzkzMi00NDY3LThhZDEtNGM4MWUwYzMyZDk5XkEyXkFqcGc@._V1_SX300.jpg
5957,https://m.media-amazon.com/images/M/MV5BMzNlMTBiNDctOGJmYS00ZTk2LTgwY2QtNjFmNTFlODIwYzYyXkEyXkFqcGc@._V1_SX300.jpg
5959,https://m.media-amazon.com/images/M/MV5BODBjMWJmN2QtM2M1MS00MTkzLTgyNzYtYTk5ODAwODZiMGM3XkEyXkFqcGc@._V1_SX300.jpg
5961,https://m.media-amazon.com/images/M/MV5BOTljNzY4MmQtMTU4ZC00MTE3LWIxYTctZjkzMzgxNThlMWFhXkEyXkFqcGc@._V1_SX300.jpg
5962,https://m.media-amazon.com/images/M/MV5BNjcyNWNhZjQtODZlZS00N2M2LWI3NmUtYmQzOTM2NmM3ZmRkXkEyXkFqcGc@._V1_SX300.jpg
5963,https://m.media-amazon.com/images/M/MV5BYzA1MmJiMDItZWJhNC00YjQ0LTk1NWYtZWU2YWRhZmUwMWFiXkEyXkFqcGc@._V1_SX300.jpg
5965,https://m.media-amazon.com/images/M/MV5BZTgwOGZmNjItODMxOC00M2U1LTg5YjItZDJmZDA3NTVkZDQ4XkEyXkFqcGc@._V1_SX300.jpg
5968,https://m.media-amazon.com/images/M/MV5BMDljOTRkYzktYzNmMC00MGI4LWFkOTItNGFmZDRjZjdkZjk2XkEyXkFqcGc@._V1_SX300.jpg
5969,https://m.media-amazon.com/images/M/MV5BOGVkZWYyZGMtMTUwMS00NzJhLThiMDUtZjUzNzdhOWFkN2U1XkEyXkFqcGc@._V1_SX300.jpg
5970,https://m.media-amazon.com/images/M/MV5BNmI5M2EzZDUtZTBkZS00YWFmLWFhZTMtNjc3YTllZDBhODQ4XkEyXkFqcGc@._V1_SX300.jpg
5971,https://m.media-amazon.com/images/M/MV5BYWM3MDE3YjEtMzIzZC00ODE5LTgxNTItNmUyMTBkM2M2NmNiXkEyXkFqcGc@._V1_SX300.jpg
5974,https://m.media-amazon.com/images/M/MV5BYjcyOTFmOGItMzNkNC00MjFhLTk1NzEtOThkMGEzNTRmYzJkXkEyXkFqcGc@._V1_SX300.jpg
5975,https://m.media-amazon.com/images/M/MV5BM2NkMzc3YzItM2YxNy00YzQwLTlmMDUtZDVjMDNjMTlhYWIxXkEyXkFqcGc@._V1_SX300.jpg
5979,https://m.media-amazon.com/images/M/MV5BMTc2Mjg0MzI1MF5BMl5BanBnXkFtZTgwNjM1OTg5MTE@._V1_SX300.jpg
5980,https://m.media-amazon.com/images/M/MV5BZjdiMzcwNjYtMDFmMS00ZDQ4LWI2YzctZjY3ZTFjYjBhZmMxXkEyXkFqcGc@._V1_SX300.jpg
5984,https://m.media-amazon.com/images/M/MV5BMjVlMTQ0ODctYWVkYi00YzU3LWEwOWEtN2FiYWQ2NzUwYzI4XkEyXkFqcGc@._V1_SX300.jpg
5986,https://m.media-amazon.com/images/M/MV5BZDdkNzFlNzctNzA2Mi00OGI3LWE3ODAtZTYyOWM4MTBkYzMwXkEyXkFqcGc@._V1_SX300.jpg
5988,https://m.media-amazon.com/images/M/MV5BNTUzNmEwYTMtNTQ5NC00YzI1LThkN2ItYTA2M2I0ZjkxMTE5XkEyXkFqcGc@._V1_SX300.jpg
5989,https://m.media-amazon.com/images/M/MV5BMTY5MzYzNjc5NV5BMl5BanBnXkFtZTYwNTUyNTc2._V1_SX300.jpg
5990,https://m.media-amazon.com/images/M/MV5BNzMwN2RiYjYtZWRhOC00OGU2LTg3YzMtMWEzY2RiMTZhMDczXkEyXkFqcGc@._V1_SX300.jpg
5991,https://m.media-amazon.com/images/M/MV5BNmJmZDEyNTctOTM1MS00NWEwLWFkMjctMjhhODEzMjU1MjA0XkEyXkFqcGc@._V1_SX300.jpg
5992,https://m.media-amazon.com/images/M/MV5BODA0ZWVkZTktZDk3Ny00MTcwLWJhZTYtMTA3N2U2OTBiYzQ3XkEyXkFqcGc@._V1_SX300.jpg
5993,https://m.media-amazon.com/images/M/MV5BYjQzM2M4MDgtMWU3MS00Njg4LWJhODgtNTRhMDBiY2M4OGRiXkEyXkFqcGc@._V1_SX300.jpg
5994,https://m.media-amazon.com/images/M/MV5BMjQxNjMzODA3NF5BMl5BanBnXkFtZTgwMjU4MDcxMDI@._V1_SX300.jpg
5995,https://m.media-amazon.com/images/M/MV5BMjEwNmEwYjgtNTk3ZC00NjljLTg5ZDctZTY3ZGQwZjRkZmQxXkEyXkFqcGc@._V1_SX300.jpg
5999,https://m.media-amazon.com/images/M/MV5BN2EwYTZhNWUtYzVhZC00NDQ4LTljNTYtODhhNjFhZWI5NTZlXkEyXkFqcGc@._V1_SX300.jpg
6001,https://m.media-amazon.com/images/M/MV5BYTQxNGUwNmUtMDJhYy00ZjM1LWFjZjQtYmI5ZGY4YTZmZWQyXkEyXkFqcGc@._V1_SX300.jpg
6002,https://m.media-amazon.com/images/M/MV5BMTkyODI0OTY4MV5BMl5BanBnXkFtZTYwMTQwMDg2._V1_SX300.jpg
6003,
6005,https://m.media-amazon.com/images/M/MV5BZjdlYzc1M2EtNzljZi00MTRlLWI4MjAtODg2ZjJmNWE5MjU5XkEyXkFqcGc@._V1_SX300.jpg
6006,https://m.media-amazon.com/images/M/MV5BMTk1MzM4NzUzNl5BMl5BanBnXkFtZTcwMDQyMDczMw@@._V1_SX300.jpg
6009,https://m.media-amazon.com/images/M/MV5BMjhlM2YzZmEtMDhhZC00MGZiLThkOWMtNjg1MTRhMjc0MGQ4XkEyXkFqcGdeQXVyMTY5Nzc4MDY@._V1_SX300.jpg
6012,https://m.media-amazon.com/images/M/MV5BMTMxOTg3MDczMl5BMl5BanBnXkFtZTcwNzU5MTkzNA@@._V1_SX300.jpg
6013,https://m.media-amazon.com/images/M/MV5BMTk1Njg5MjAyOV5BMl5BanBnXkFtZTYwNDAxMDg5._V1_SX300.jpg
6014,https://m.media-amazon.com/images/M/MV5BMGFlOWI3MjctMjkwZi00ZGQ5LTgyYzgtNjU1ZjQwNGQ4ZDUzXkEyXkFqcGc@._V1_SX300.jpg
6016,https://m.media-amazon.com/images/M/MV5BYjY4NGI5OTUtY2ZlZS00Zjk4LTk5N2MtN2JmYWVjNGNmMGRlXkEyXkFqcGc@._V1_SX300.jpg
6020,https://m.media-amazon.com/images/M/MV5BYjdiNzA4M2ItNzI0Yi00ZTQ5LWJjNGUtN2Q2NzkzMTQ2ZGU4XkEyXkFqcGc@._V1_SX300.jpg
6021,https://m.media-amazon.com/images/M/MV5BNTZkOTY4NTktODE0My00NjQ2LWIxNWQtODcxZWJiNTgyMDE2XkEyXkFqcGc@._V1_SX300.jpg
6022,https://m.media-amazon.com/images/M/MV5BNDdkZDY0OGEtNTRiZS00NzVhLWFlZDEtYjIxMWIzMWQ0YmUxXkEyXkFqcGc@._V1_SX300.jpg
6023,https://m.media-amazon.com/images/M/MV5BMjIyOTA0Njk3Ml5BMl5BanBnXkFtZTgwMzY0NTA2ODE@._V1_SX300.jpg
6025,https://m.media-amazon.com/images/M/MV5BMTAzNmE5NzItZmNlYi00NzhmLTg1ODItMGM2ZmQxYWMwYTMyXkEyXkFqcGc@._V1_SX300.jpg
6027,https://m.media-amazon.com/images/M/MV5BOTNjZDNiZDItMTNjNi00MTE5LWI3NTktMjk4ZjBmYjU0ZDQwXkEyXkFqcGc@._V1_SX300.jpg
6030,https://m.media-amazon.com/images/M/MV5BM2RiZjNiOGMtOGNiNC00ZmI0LTk5OTAtNTcyMjlhZTkzMDRhXkEyXkFqcGc@._V1_SX300.jpg
6031,https://m.media-amazon.com/images/M/MV5BZWY3MTYwMmQtMGIzNy00YmU3LTg3ODgtYzU3ZTdiZmZmZWMyXkEyXkFqcGc@._V1_SX300.jpg
6033,https://m.media-amazon.com/images/M/MV5BMTM1ZTUzMjUtMmJiYy00NzI3LTk2NjAtMzgwNjhjZmM0Zjk5XkEyXkFqcGc@._V1_SX300.jpg
6035,https://m.media-amazon.com/images/M/MV5BOGM0ZWRkMDctZjA2My00Y2RhLWFhNmQtOGYwZmM5Y2ZlYzgxXkEyXkFqcGc@._V1_SX300.jpg
6036,https://m.media-amazon.com/images/M/MV5BNGM1N2MzYjgtODc5MC00OTE4LWIyMDItODhmOThmNmYwMzM1XkEyXkFqcGc@._V1_SX300.jpg
6039,https://m.media-amazon.com/images/M/MV5BNWVhNDgzOGEtOTU1Ni00NDRlLTg1OGYtMWRjNDRhMWU0YzVkXkEyXkFqcGc@._V1_SX300.jpg
6040,https://m.media-amazon.com/images/M/MV5BODQ2MGVmZTgtOThjYi00M2Q0LTg5NWQtOWM4Y2U0YjJhZTBiXkEyXkFqcGc@._V1_SX300.jpg
6041,https://m.media-amazon.com/images/M/MV5BNzQzYmE4NTktMjA0Ny00YWMwLWE2MzMtMjVkYjE5YmU5ZTg0XkEyXkFqcGc@._V1_SX300.jpg
6042,https://m.media-amazon.com/images/M/MV5BMzM2NDM4Njc0MV5BMl5BanBnXkFtZTYwNDM3Mzg5._V1_SX300.jpg
6044,https://m.media-amazon.com/images/M/MV5BYTI1MjM5YmYtMjlkOC00ZWRiLTg0ZGEtZmI5MmUxZjA3NWM3XkEyXkFqcGdeQXVyMTQxNzMzNDI@._V1_SX300.jpg
6049,https://m.media-amazon.com/images/M/MV5BYTRkODhkNDktY2EwMy00NWVlLWJhYWEtYzc3ZTgwNmUzMzdiXkEyXkFqcGc@._V1_SX300.jpg
6051,https://m.media-amazon.com/images/M/MV5BMTRiYjE0MmQtYjdkMi00YTFlLWJjMmItMDExMmM3OWI1MDc3XkEyXkFqcGc@._V1_SX300.jpg
6055,https://m.media-amazon.com/images/M/MV5BYmIwYzEwMjMtZGRjZi00MWEwLWIzZTktYjZmZTY0YTI5YTc5XkEyXkFqcGc@._V1_SX300.jpg
6057,https://m.media-amazon.com/images/M/MV5BMTAxNTY1NzA4MzJeQTJeQWpwZ15BbWU2MDQzMTMzNw@@._V1_SX300.jpg
6058,https://m.media-amazon.com/images/M/MV5BMjExMTMyODAzN15BMl5BanBnXkFtZTYwNjc5NDQ3._V1_SX300.jpg
6059,https://m.media-amazon.com/images/M/MV5BMjE5MDMzOTk3MV5BMl5BanBnXkFtZTYwNTE0NTg2._V1_SX300.jpg
6060,https://m.media-amazon.com/images/M/MV5BMTg4NzY2MDk0Nl5BMl5BanBnXkFtZTYwNTUxMTg5._V1_SX300.jpg
6062,https://m.media-amazon.com/images/M/MV5BMTcyMDU0MjkxOV5BMl5BanBnXkFtZTYwMjkzMjc2._V1_SX300.jpg
6063,https://m.media-amazon.com/images/M/MV5BMmVlZWE4OWQtOGUyYS00MGFiLThhMjMtYTJlOWZkNGUwMDZhXkEyXkFqcGc@._V1_SX300.jpg
6064,https://m.media-amazon.com/images/M/MV5BMDI1Mjk3NzYtNDMyYi00OTNjLTk0NWItMGE4OGExMTI3YWE5XkEyXkFqcGc@._V1_SX300.jpg
6067,https://m.media-amazon.com/images/M/MV5BY2YwZDZjYjktYTg5ZC00NTc1LTk3ZWItYTZjODhjNjM2MWE0XkEyXkFqcGc@._V1_SX300.jpg
6070,https://m.media-amazon.com/images/M/MV5BOTU5ZDdmMjItZGRhYS00NTA0LTlmMGYtYmI3ZjIwOTIwZmNhXkEyXkFqcGc@._V1_SX300.jpg
6078,https://m.media-amazon.com/images/M/MV5BOTk1MTNjMTUtYjY4Mi00OGI5LTg5ZDgtODliNTM1ZDQyZWNmXkEyXkFqcGc@._V1_SX300.jpg
6086,https://m.media-amazon.com/images/M/MV5BMzBhNWJlZjItMzM0OS00YTAxLWJjNzctZTJiZWQ0MjlkNGRiXkEyXkFqcGc@._V1_SX300.jpg
6090,https://m.media-amazon.com/images/M/MV5BMmU3OGFiZmUtMTZlMi00OTI2LTg2MzItOTFlNDMxMDAwYjM0XkEyXkFqcGdeQXVyNzc5MjA3OA@@._V1_SX300.jpg
6093,https://m.media-amazon.com/images/M/MV5BNTBlOWQyMjYtMjUyYS00MWQ0LTgyYzEtYjZmNWE0ODYwZTg2XkEyXkFqcGc@._V1_SX300.jpg
6095,https://m.media-amazon.com/images/M/MV5BYTA2ODRlYmMtM2Q3Yy00MjMyLWFhMzQtYzRhZDQ4MWE0OGQ4XkEyXkFqcGc@._V1_SX300.jpg
6100,https://m.media-amazon.com/images/M/MV5BOTMxMTM0MTk3Nl5BMl5BanBnXkFtZTcwOTEyODI1NA@@._V1_SX300.jpg
6101,https://m.media-amazon.com/images/M/MV5BYWZjMmViODItNGU2ZS00YWIxLTk0MDUtOTgxMTQ1OWUyYjYwXkEyXkFqcGc@._V1_SX300.jpg
6104,https://m.media-amazon.com/images/M/MV5BZDJjMGZlYjktNjhhMC00Mjg5LTg1MzEtMjUyYjc3NmY3MjZiXkEyXkFqcGc@._V1_SX300.jpg
6107,https://m.media-amazon.com/images/M/MV5BOWNiOTMyMWMtY2QyMy00OWIwLThjMmYtY2RiZTcyNmFkYzZhXkEyXkFqcGc@._V1_SX300.jpg
6111,https://m.media-amazon.com/images/M/MV5BMzgwMjg2MGItNDI3MC00NzI5LWI1OTctM2FhODQwZjg5ZWUyXkEyXkFqcGc@._V1_SX300.jpg
6116,https://m.media-amazon.com/images/M/MV5BYjAzYWIxZTktNDQ3MS00MjM3LWEyOTQtZTJhOTJmOTc3MDVmXkEyXkFqcGc@._V1_SX300.jpg
6119,https://m.media-amazon.com/images/M/MV5BNDZiNmViOWMtNDVkMC00MWQ5LWEzMmMtZGQ3ZjI5YTVjZmQyXkEyXkFqcGc@._V1_SX300.jpg
6122,https://m.media-amazon.com/images/M/MV5BYjM5YmIwOTEtYTYyMy00ZmVhLThjOWQtZWIwMzg0MTI2OWQ1XkEyXkFqcGc@._V1_SX300.jpg
6123,https://m.media-amazon.com/images/M/MV5BNjNhOTg4YjQtNDVkYi00MWQxLTg5NzQtNjk4MmJhZWIzMmM0XkEyXkFqcGc@._V1_SX300.jpg
6124,https://m.media-amazon.com/images/M/MV5BMjZjZTk2ZjYtNDM0NC00NDZjLThmMGYtMjQxMzcwYTZhN2I4XkEyXkFqcGc@._V1_SX300.jpg
6125,https://m.media-amazon.com/images/M/MV5BNDBhOTg4Y2UtNWQ5MS00MDZjLTkyNTktZjRlYzU3OWRmMzdkXkEyXkFqcGdeQXVyMDY4MzkyNw@@._V1_SX300.jpg
6140,https://m.media-amazon.com/images/M/MV5BM2U1YmE5YTctM2YxNC00OTg4LWI1ZjUtM2FhNzA0YTcyZGI3XkEyXkFqcGc@._V1_SX300.jpg
6141,https://m.media-amazon.com/images/M/MV5BNDUxMjQ2OWYtYzZmYi00ZWVmLTkzMGQtMjgzZDI1ZGJkZTc5XkEyXkFqcGc@._V1_SX300.jpg
6143,https://m.media-amazon.com/images/M/MV5BMTkwMDQ3NTM1N15BMl5BanBnXkFtZTcwODgyMTM4NA@@._V1_SX300.jpg
6145,https://m.media-amazon.com/images/M/MV5BMTMxZjcxYWQtMzljYy00YTM2LTllMzMtNDZiYWEzYWQxZjc1XkEyXkFqcGc@._V1_SX300.jpg
6148,https://m.media-amazon.com/images/M/MV5BMWVkNGM5ZWItZDRiOC00MjlmLTgyMjctYTQ1NmY3YjlmNjY2XkEyXkFqcGc@._V1_SX300.jpg
6153,https://m.media-amazon.com/images/M/MV5BYWIyNzQ0NzktMWE5Ni00NjE5LWE4ZDgtZWU3NTU1ZmE3MDUwXkEyXkFqcGc@._V1_SX300.jpg
6155,https://m.media-amazon.com/images/M/MV5BMjE4NTA1NzExN15BMl5BanBnXkFtZTYwNjc3MjM3._V1_SX300.jpg
6156,https://m.media-amazon.com/images/M/MV5BMDYxNzQ0ZWQtOTUxNi00ZDM5LWJhYWMtMGJlODgzMTE0NGFiXkEyXkFqcGc@._V1_SX300.jpg
6157,https://m.media-amazon.com/images/M/MV5BZGVjZjU3MmEtNDFjZS00N2ExLTk4YzktYjYzM2MzYTJjYmE0XkEyXkFqcGc@._V1_SX300.jpg
6158,https://m.media-amazon.com/images/M/MV5BNDk2NTk1NzQxN15BMl5BanBnXkFtZTYwMDMyMTg5._V1_SX300.jpg
6159,https://m.media-amazon.com/images/M/MV5BMDI1MjE4NTYtZDQ1Ni00ZmFiLWFmNzYtZTg3MjE5NTYxNGRiXkEyXkFqcGc@._V1_SX300.jpg
6162,https://m.media-amazon.com/images/M/MV5BYjUwOTQ2MzUtYzQxOC00MGNiLWJlN2MtOGYxMTYxYTlkZmI0XkEyXkFqcGc@._V1_SX300.jpg
6163,https://m.media-amazon.com/images/M/MV5BMjE0NzcwMjM4Ml5BMl5BanBnXkFtZTcwMjgyMjEyMQ@@._V1_SX300.jpg
6166,https://m.media-amazon.com/images/M/MV5BMWZhMTFmMjktNzdhYy00NmYxLWIzZDEtNzFjODIzZmM4Yjc5XkEyXkFqcGc@._V1_SX300.jpg
6169,https://m.media-amazon.com/images/M/MV5BNDI4NDU4MTExMV5BMl5BanBnXkFtZTcwNjk0NjgyNA@@._V1_SX300.jpg
6170,https://m.media-amazon.com/images/M/MV5BMzgzOTgwOTEzM15BMl5BanBnXkFtZTcwMzI2MTcyNA@@._V1_SX300.jpg
6178,https://m.media-amazon.com/images/M/MV5BMTQwYmRjMGEtY2Y4OS00YjRjLThmZjItMDAzOWZhN2QxZmRlXkEyXkFqcGc@._V1_SX300.jpg
6181,https://m.media-amazon.com/images/M/MV5BYjM3OGJlYjMtMjNkNi00ZmU1LTg4NTEtMjk2OWVkNTgwYmMyXkEyXkFqcGc@._V1_SX300.jpg
6182,https://m.media-amazon.com/images/M/MV5BN2NkYjNiNjQtYWM2My00YmY5LWE5ZTEtY2UxYmFkMWVhYzQ1XkEyXkFqcGc@._V1_SX300.jpg
6183,https://m.media-amazon.com/images/M/MV5BMTQ5NDg1NzU1OV5BMl5BanBnXkFtZTgwMDQyODgxMTE@._V1_SX300.jpg
6184,https://m.media-amazon.com/images/M/MV5BNzNlOTNiNTEtMmU2Zi00Y2M5LWE2OWMtNGRlOWJkNjZmMWExXkEyXkFqcGc@._V1_SX300.jpg
6185,https://m.media-amazon.com/images/M/MV5BMTE2YzU4MmMtZGE0Ny00NGU4LTkwNjAtNWM2YTM5MzM5ZjczXkEyXkFqcGc@._V1_SX300.jpg
6186,https://m.media-amazon.com/images/M/MV5BMTU1NzExNjU3OF5BMl5BanBnXkFtZTYwNzc0MDg5._V1_SX300.jpg
6187,https://m.media-amazon.com/images/M/MV5BMTAxMzU0NTgxNzZeQTJeQWpwZ15BbWU2MDQzNDkxNw@@._V1_SX300.jpg
6188,https://m.media-amazon.com/images/M/MV5BZGZiNGEwNjQtNTMzOS00NDI3LWI2ZWQtMGQwMjEzNjExZjNlXkEyXkFqcGc@._V1_SX300.jpg
6192,https://m.media-amazon.com/images/M/MV5BZjdmNjdjMjctOWU0Ni00OTIzLWFkODUtYzZmNDdlNjAxNTkzXkEyXkFqcGc@._V1_SX300.jpg
6193,https://m.media-amazon.com/images/M/MV5BMTY5NjE3MjkzM15BMl5BanBnXkFtZTYwMDU1NDk5._V1_SX300.jpg
6195,https://m.media-amazon.com/images/M/MV5BMTgzODUzMjIyOV5BMl5BanBnXkFtZTYwOTk4MDY3._V1_SX300.jpg
6196,https://m.media-amazon.com/images/M/MV5BMTY0NTE1MDgwMl5BMl5BanBnXkFtZTYwNjQ0MDg5._V1_SX300.jpg
6197,https://m.media-amazon.com/images/M/MV5BOTllODI2MWUtMDM2Mi00OTVkLTgyZWItOGFlZGQyZTRmZjhjXkEyXkFqcGc@._V1_SX300.jpg
6201,https://m.media-amazon.com/images/M/MV5BZTM1YzQ1NjAtYjI4ZS00MDYxLTkzYTktZjE5ZWM5ODdmMjVkXkEyXkFqcGc@._V1_SX300.jpg
6202,https://m.media-amazon.com/images/M/MV5BMTYxMjU2MjA2NF5BMl5BanBnXkFtZTcwODM5MzIyMQ@@._V1_SX300.jpg
6203,https://m.media-amazon.com/images/M/MV5BMmFjMDFkZTktZGNjNC00ZDFlLTliYjYtZDhhZjJhZDk2MDhlXkEyXkFqcGc@._V1_SX300.jpg
6204,https://m.media-amazon.com/images/M/MV5BYmE3NDYzYmUtNTc4Yi00NmY5LWI0ZGItNjg3ZjE1NmNmMjJjXkEyXkFqcGc@._V1_SX300.jpg
6210,https://m.media-amazon.com/images/M/MV5BNzM1ZWMxMDMtNjUxOC00MjE1LWFjYmMtZWVlYTZhMWQyMzZiXkEyXkFqcGc@._V1_SX300.jpg
6212,https://m.media-amazon.com/images/M/MV5BOTUyMTM2MjMwOF5BMl5BanBnXkFtZTYwOTA0Mzk2._V1_SX300.jpg
6213,https://m.media-amazon.com/images/M/MV5BMzk1NmE2YWItMmNkZi00OTEzLWJkMzctNjFlOWE3Njg2OGI0XkEyXkFqcGc@._V1_SX300.jpg
6214,https://m.media-amazon.com/images/M/MV5BZTE2MWM1NTgtMGVjMy00ZGU2LWE4YTUtNTRlNWRhZWE2NmM0XkEyXkFqcGc@._V1_SX300.jpg
6215,https://m.media-amazon.com/images/M/MV5BMmY2MzgxYzQtZjJjMi00MTcxLWEyZTAtZDkwMmZlZDY5ZWNlXkEyXkFqcGc@._V1_SX300.jpg
6216,https://m.media-amazon.com/images/M/MV5BOWYxNzcyODgtY2ZkMC00ZWE5LTkxYTEtNTQ1YjM0NjJiM2Y2XkEyXkFqcGc@._V1_SX300.jpg
6217,https://m.media-amazon.com/images/M/MV5BMTQ3OTI3NDgxMV5BMl5BanBnXkFtZTYwOTk3Njk5._V1_SX300.jpg
6218,https://m.media-amazon.com/images/M/MV5BYjI3NGNmNjktOTBmYy00MDNlLWE2NTYtNzQ2ZDcwMDNlYzY5XkEyXkFqcGc@._V1_SX300.jpg
6219,https://m.media-amazon.com/images/M/MV5BOGYyZGExZTMtNjBmNC00Y2E2LThlYmUtZTkyNDVjZjFmODljXkEyXkFqcGc@._V1_SX300.jpg
6220,https://m.media-amazon.com/images/M/MV5BOWQxZjViNzYtZDY1OS00NzNkLTlmMWMtZDBhMzMyNTdlNzBhXkEyXkFqcGc@._V1_SX300.jpg
6222,https://m.media-amazon.com/images/M/MV5BZmUxNTljZDEtMTRjZi00NmRhLWI0MmEtMmYzYTQ4Njk2YmY5XkEyXkFqcGc@._V1_SX300.jpg
6223,https://m.media-amazon.com/images/M/MV5BMTg0Mzg2NTM5OF5BMl5BanBnXkFtZTYwNjI2MjE3._V1_SX300.jpg
6225,https://m.media-amazon.com/images/M/MV5BMGU1MWYyOTktYTk4YS00MWU3LWI4YWMtNDI3OTJkYjRlNWFlXkEyXkFqcGc@._V1_SX300.jpg
6228,https://m.media-amazon.com/images/M/MV5BOWY2NmUyNTctYmE2OC00NTcxLTg4ZmEtOTA4NDNiY2UxZmU4XkEyXkFqcGc@._V1_SX300.jpg
6232,https://m.media-amazon.com/images/M/MV5BMDU3ODkxY2QtZmQzZS00NzE0LTg2OGEtZjNmMDMxODM0MGUxXkEyXkFqcGc@._V1_SX300.jpg
6234,https://m.media-amazon.com/images/M/MV5BMTk2NDA4MDkxMF5BMl5BanBnXkFtZTcwMjM5NTczNA@@._V1_SX300.jpg
6235,https://m.media-amazon.com/images/M/MV5BNTNkNzRiMTYtODBhMS00NGRiLWJjYmYtODAzZWU4YjY2OTcyXkEyXkFqcGc@._V1_SX300.jpg
6237,https://m.media-amazon.com/images/M/MV5BZWViNGE2MTgtNDJkYi00YzJkLTg0NmEtMzAwM2RiMjRhYmU2XkEyXkFqcGc@._V1_SX300.jpg
6238,https://m.media-amazon.com/images/M/MV5BZjNmZGUwZDYtMDI3My00ODI3LWIyOTAtYjhlOTg0MDJmZGRjXkEyXkFqcGc@._V1_SX300.jpg
6239,https://m.media-amazon.com/images/M/MV5BMTZmYWUzNTEtYjgzNy00YjNjLWIyMTAtMTQyZTIxYWRjOTA4XkEyXkFqcGc@._V1_SX300.jpg
6241,https://m.media-amazon.com/images/M/MV5BYjMzMmJiODgtOTY0Yi00OWVkLWI0NzgtYTRmMjllNDYwNjYyXkEyXkFqcGc@._V1_SX300.jpg
6242,https://m.media-amazon.com/images/M/MV5BZTI3ZjZlN2MtYWI1Zi00YTc3LWI4ZDQtZTdkNTBiNzVhMjY4XkEyXkFqcGc@._V1_SX300.jpg
6244,https://m.media-amazon.com/images/M/MV5BODM1OTM2ZjUtMmQ3ZS00MmYwLWJiMTgtODY0Mjg5ZjgzYjJlXkEyXkFqcGc@._V1_SX300.jpg
6245,https://m.media-amazon.com/images/M/MV5BZmQyY2M5NGYtNWQ0OS00NzAwLWFmZDItNzFjMzAxOGEzODkxXkEyXkFqcGc@._V1_SX300.jpg
6246,https://m.media-amazon.com/images/M/MV5BNDkzMTM0MzIxMl5BMl5BanBnXkFtZTcwODU0MjUyMQ@@._V1_SX300.jpg
6249,https://m.media-amazon.com/images/M/MV5BMTgxNjcwNzA0M15BMl5BanBnXkFtZTYwMzY4MDk2._V1_SX300.jpg
6250,https://m.media-amazon.com/images/M/MV5BMjQ0MTc5MDItYTFmYy00ZTkxLWJhMmQtYTJkZTkxMTczNjIxXkEyXkFqcGc@._V1_SX300.jpg
6251,https://m.media-amazon.com/images/M/MV5BMTc5MzE2ODAyOF5BMl5BanBnXkFtZTYwNTcwNDg3._V1_SX300.jpg
6252,https://m.media-amazon.com/images/M/MV5BMTg2MTk2MzkxNF5BMl5BanBnXkFtZTYwNjg0NTk5._V1_SX300.jpg
6254,https://m.media-amazon.com/images/M/MV5BNzMwMTU0MTk2Nl5BMl5BanBnXkFtZTgwMTUyMjkzMjE@._V1_SX300.jpg
6263,https://m.media-amazon.com/images/M/MV5BZTUzZjlkY2EtNWI3NC00YWI3LWI2MmQtZDlhNzNmNjU3NjU4XkEyXkFqcGc@._V1_SX300.jpg
6264,https://m.media-amazon.com/images/M/MV5BMTY3MTY3MzkzNl5BMl5BanBnXkFtZTYwNTAwNDk2._V1_SX300.jpg
6265,https://m.media-amazon.com/images/M/MV5BOWIxMTIxM2MtY2MzZi00ZDMwLTk1MTctNmIyOWQ4MDU2MmZiXkEyXkFqcGc@._V1_SX300.jpg
6266,https://m.media-amazon.com/images/M/MV5BMWY1NWYwNzItODMwMS00NWNhLWE0ZDQtOGM4MzMzYWY4NDM1XkEyXkFqcGc@._V1_SX300.jpg
6267,https://m.media-amazon.com/images/M/MV5BMjA1MzkyNDU2OV5BMl5BanBnXkFtZTYwNjM5NzM3._V1_SX300.jpg
6268,https://m.media-amazon.com/images/M/MV5BMTY1ODI4Mzg0Nl5BMl5BanBnXkFtZTgwNTA2OTUxNTE@._V1_SX300.jpg
6269,https://m.media-amazon.com/images/M/MV5BMTM5MzYwNDE1OF5BMl5BanBnXkFtZTYwMjM4MDY2._V1_SX300.jpg
6270,https://m.media-amazon.com/images/M/MV5BNjQ2NDhkZDMtNTdlMi00MDNmLWI1YzItNDZkMzA4M2YxODU4XkEyXkFqcGc@._V1_SX300.jpg
6271,https://m.media-amazon.com/images/M/MV5BYmE5MjQ1MmMtOWEyZS00MWM4LWJhNzYtYzliNzIzNTE0MmY4XkEyXkFqcGc@._V1_SX300.jpg
6273,https://m.media-amazon.com/images/M/MV5BOGEyNGMyYmYtMzExZi00ZDQzLTg2NjctY2FmMDgyY2I5YjI1XkEyXkFqcGc@._V1_SX300.jpg
6279,https://m.media-amazon.com/images/M/MV5BMzJmOWFhZWMtNjYwYS00YTE0LWFhNTMtZWRmMGIzNTBiMTYxXkEyXkFqcGc@._V1_SX300.jpg
6280,https://m.media-amazon.com/images/M/MV5BMTk4NzEwNjk1N15BMl5BanBnXkFtZTYwNTEzNTk5._V1_SX300.jpg
6281,https://m.media-amazon.com/images/M/MV5BYjJhYTNhYmEtODcyOS00ZGEwLWEwZTYtNzlkMmY0MjQ1OWQwXkEyXkFqcGc@._V1_SX300.jpg
6283,https://m.media-amazon.com/images/M/MV5BM2VhZjk2MWMtZjc2OC00YzA4LWI0NzAtZGQ1YjVkOTk5YzVlXkEyXkFqcGc@._V1_SX300.jpg
6285,https://m.media-amazon.com/images/M/MV5BYjlmOWIxZTgtMGViNi00Y2Y3LWFiNmQtODJmZDU5NzZlNzFhXkEyXkFqcGc@._V1_SX300.jpg
6286,https://m.media-amazon.com/images/M/MV5BYWRiNmQ5N2EtOWY2MC00Zjc2LTlmZGMtOTY0ZDE3ZTk2NWZmXkEyXkFqcGc@._V1_SX300.jpg
6287,https://m.media-amazon.com/images/M/MV5BYjFmNjIyNmQtMDhmNS00NDNmLTk3YTQtM2YzMmJiMTI3MDMzXkEyXkFqcGc@._V1_SX300.jpg
6288,https://m.media-amazon.com/images/M/MV5BMTk4OTYwODUyN15BMl5BanBnXkFtZTYwMDUzMTQ3._V1_SX300.jpg
6289,https://m.media-amazon.com/images/M/MV5BNDM5MzY0MjY2MF5BMl5BanBnXkFtZTYwOTc5ODU3._V1_SX300.jpg
6290,https://m.media-amazon.com/images/M/MV5BNjUyNjU0NDE0OV5BMl5BanBnXkFtZTYwNzcwMzg3._V1_SX300.jpg
6291,https://m.media-amazon.com/images/M/MV5BZDMxMDcxNmYtMGU2Ni00ZTk2LTk1MzEtZDc1ZGI5ZTliYjI2XkEyXkFqcGc@._V1_SX300.jpg
6294,https://m.media-amazon.com/images/M/MV5BMTEwODkxNzE4NzVeQTJeQWpwZ15BbWU3MDY5NDYwMzQ@._V1_SX300.jpg
6295,https://m.media-amazon.com/images/M/MV5BMTc4NTIxMTYwNF5BMl5BanBnXkFtZTYwOTEzNTk5._V1_SX300.jpg
6296,https://m.media-amazon.com/images/M/MV5BMTI5MDAwMTg1OV5BMl5BanBnXkFtZTYwMzg0MDI3._V1_SX300.jpg
6297,https://m.media-amazon.com/images/M/MV5BMTg0MTU5ODkwM15BMl5BanBnXkFtZTYwMzgxNzY3._V1_SX300.jpg
6298,https://m.media-amazon.com/images/M/MV5BODM3NzE0NTMxOF5BMl5BanBnXkFtZTYwMTIzNTk5._V1_SX300.jpg
6299,https://m.media-amazon.com/images/M/MV5BMTkwOTg5MTI5N15BMl5BanBnXkFtZTYwNTQ3Njk5._V1_SX300.jpg
6300,https://m.media-amazon.com/images/M/MV5BMzNlZGQwZGItNzUxYi00NzM5LTg2ZGUtZWE4ZDgxYzYwOGRhXkEyXkFqcGc@._V1_SX300.jpg
6301,https://m.media-amazon.com/images/M/MV5BZmNhNzhhOWQtOTU3YS00MTkyLTlhY2UtNGUyY2NhOWNkYmQyXkEyXkFqcGc@._V1_SX300.jpg
6302,https://m.media-amazon.com/images/M/MV5BOWVmMDJlNDAtOTViMC00NTFiLThiNjAtNWFjZTNlNGM0NWQ0XkEyXkFqcGc@._V1_SX300.jpg
6303,https://m.media-amazon.com/images/M/MV5BODg3NDViNDYtNzYxMC00ZWI3LWE5ZWMtMDFlNzFlODBmNDA5XkEyXkFqcGc@._V1_SX300.jpg
6305,https://m.media-amazon.com/images/M/MV5BMDA3ZjIxY2UtMzVmMS00NTkwLTljMzktNzk2ZWMxYzZkNGE3XkEyXkFqcGc@._V1_SX300.jpg
6306,https://m.media-amazon.com/images/M/MV5BMjE0NTY2NTg1MV5BMl5BanBnXkFtZTcwMzk5NzIzMQ@@._V1_SX300.jpg
6308,https://m.media-amazon.com/images/M/MV5BY2U4MzAyZjgtNGUwOC00OTE1LWFhOTMtYTk1MzcxNmU0ODQ1XkEyXkFqcGc@._V1_SX300.jpg
6310,https://m.media-amazon.com/images/M/MV5BNjg5ZGNiNDktNDZkZC00ODU4LTk4MTYtYmQ3MTIzYjViZjBiXkEyXkFqcGc@._V1_SX300.jpg
6313,https://m.media-amazon.com/images/M/MV5BMGQ3NGVlMTQtMzA3MC00NDcxLTgyMmUtNmFkYTEzM2U0MTVmXkEyXkFqcGc@._V1_SX300.jpg
6314,https://m.media-amazon.com/images/M/MV5BYzFhZDExNTAtZWI1ZC00NTk4LTg2M2ItYzI1ZWYwNjI3ZDFhXkEyXkFqcGc@._V1_SX300.jpg
6315,https://m.media-amazon.com/images/M/MV5BMDRlMDkyNDItNTE2NS00YzA5LTg4NjEtZmJmMjcyMTkyM2RjXkEyXkFqcGc@._V1_SX300.jpg
6316,https://m.media-amazon.com/images/M/MV5BNDk3MjA2ZjItN2U5Ny00YjgwLTkyN2QtMmZkZDJmYzI1NGVlXkEyXkFqcGc@._V1_SX300.jpg
6319,https://m.media-amazon.com/images/M/MV5BNTA5ZmUwZDktMWZiYi00NDM3LTk2MDktZjQ1ZGIyMjEwZGNjXkEyXkFqcGc@._V1_SX300.jpg
6320,https://m.media-amazon.com/images/M/MV5BMTllYmM0NTgtNTY5ZC00ZDA3LWIxYzctMjUzYjIwMzE2YzRkXkEyXkFqcGc@._V1_SX300.jpg
6322,https://m.media-amazon.com/images/M/MV5BNGEyOWNkMjktZTMxMS00YmUwLTliMWItMmE1MmUzNjExNzgzXkEyXkFqcGc@._V1_SX300.jpg
6323,https://m.media-amazon.com/images/M/MV5BZTg1YWUyODktMWY5MC00ZjliLTg3YmUtZDliMGZhZDZmMzU5XkEyXkFqcGc@._V1_SX300.jpg
6324,https://m.media-amazon.com/images/M/MV5BMjE3ODM4NjM5OV5BMl5BanBnXkFtZTcwMTMxODg0NA@@._V1_SX300.jpg
6327,https://m.media-amazon.com/images/M/MV5BOWNiNjBiODctNzhlYS00NTI5LWEwNzYtYTA0MzBiMTNmMmFkXkEyXkFqcGc@._V1_SX300.jpg
6329,https://m.media-amazon.com/images/M/MV5BZTVkNzllYmItNTAwYy00ZjU5LWE3NzUtOWYyYjRjZDgzMzEzXkEyXkFqcGc@._V1_SX300.jpg
6330,https://m.media-amazon.com/images/M/MV5BZWYzZWMwMWEtN2M4Mi00NWU5LTg1OWMtYmRkNjE5YjI4YjY5XkEyXkFqcGc@._V1_SX300.jpg
6331,https://m.media-amazon.com/images/M/MV5BMTc3NjA3MzUwNF5BMl5BanBnXkFtZTYwMDg0NjI3._V1_SX300.jpg
6332,https://m.media-amazon.com/images/M/MV5BYjliMzM1NzUtNTM4Yi00OTA4LWJjZjktMmE3N2U1Mzg2ZmM2XkEyXkFqcGc@._V1_SX300.jpg
6333,https://m.media-amazon.com/images/M/MV5BNDk0NjYxMzIzOF5BMl5BanBnXkFtZTYwMTc1MjU3._V1_SX300.jpg
6334,https://m.media-amazon.com/images/M/MV5BMTM1MzczOTE1Nl5BMl5BanBnXkFtZTYwMjIwMDA3._V1_SX300.jpg
6335,https://m.media-amazon.com/images/M/MV5BYjAyZDA4MTItNmE3ZC00MTcyLTkyNmQtZjZmNTBmMzIyZmVmXkEyXkFqcGc@._V1_SX300.jpg
6336,https://m.media-amazon.com/images/M/MV5BMGQ1ZmFlNDMtNjg4MC00NTVhLTk2MzMtOWY4YTkzOTBhMmNiXkEyXkFqcGdeQXVyNjkxOTM4ODY@._V1_SX300.jpg
6337,https://m.media-amazon.com/images/M/MV5BMTI1MDg5NDY4Nl5BMl5BanBnXkFtZTYwODYxNzk5._V1_SX300.jpg
6338,https://m.media-amazon.com/images/M/MV5BYWViY2MxMmQtMzEzNi00MTFmLTg5MDMtZjMyYjBiNDAxNWUyXkEyXkFqcGc@._V1_SX300.jpg
6339,https://m.media-amazon.com/images/M/MV5BZjJjNGViOWQtYzM4OS00MTFkLWE2YzItYjgwY2M4MzQ5ZmNjXkEyXkFqcGc@._V1_SX300.jpg
6341,https://m.media-amazon.com/images/M/MV5BNzk2ODYxMjAzOV5BMl5BanBnXkFtZTgwMjIwNDgxMDI@._V1_SX300.jpg
6342,https://m.media-amazon.com/images/M/MV5BMjA3MTUwMTM5Ml5BMl5BanBnXkFtZTYwNTcxMjI3._V1_SX300.jpg
6344,https://m.media-amazon.com/images/M/MV5BMTIyNTEzMDE4N15BMl5BanBnXkFtZTYwMTk1NDk5._V1_SX300.jpg
6345,https://m.media-amazon.com/images/M/MV5BNmU2NDIxZjktYmQzYS00MGEzLWE3NzktYjVmZjc4M2JkNGIwXkEyXkFqcGc@._V1_SX300.jpg
6347,https://m.media-amazon.com/images/M/MV5BMTM4NTg2NDA3N15BMl5BanBnXkFtZTcwODM0NjgyNA@@._V1_SX300.jpg
6348,https://m.media-amazon.com/images/M/MV5BNDA5ODE4NmMtYTQ1MS00YWU1LTg3YTktYTA1M2NkNGJhZjk2XkEyXkFqcGc@._V1_SX300.jpg
6349,https://m.media-amazon.com/images/M/MV5BNTczMGUzOTQtOTVhZi00NjEzLTk4MDUtZTBlZmVhMzVmNGEwXkEyXkFqcGc@._V1_SX300.jpg
6350,https://m.media-amazon.com/images/M/MV5BYTJhNWIxNmUtYThlYy00NGNmLWE4NTItZWY5MmI4ZWNhMTNkXkEyXkFqcGc@._V1_SX300.jpg
6357,https://m.media-amazon.com/images/M/MV5BZTk3YzM3M2QtYjc5Yy00ZWZkLWI0ZmItNDgwMDViNTYxZDVlXkEyXkFqcGc@._V1_SX300.jpg
6358,https://m.media-amazon.com/images/M/MV5BOGIzYTYzNzEtMTBlMi00NjY3LWE1ZDAtNDZhZTMyOGMyNDUxXkEyXkFqcGc@._V1_SX300.jpg
6365,https://m.media-amazon.com/images/M/MV5BNjAxYjkxNjktYTU0YS00NjFhLWIyMDEtMzEzMTJjMzRkMzQ1XkEyXkFqcGc@._V1_SX300.jpg
6367,https://m.media-amazon.com/images/M/MV5BNzczMGZjNjAtYTFjNS00NTNiLWI5MzAtMzI5OGRjZDAzMDRiXkEyXkFqcGc@._V1_SX300.jpg
6368,https://m.media-amazon.com/images/M/MV5BNDA1MWQyYmItODcxNi00NTJhLTkyYmItMzU1MjI2ZjI0NTU0XkEyXkFqcGdeQXVyNjY0NDIwMzY@._V1_SX300.jpg
6370,https://m.media-amazon.com/images/M/MV5BM2Q4ZjhiMmQtNTc4NS00NzAwLThkNjYtZWFlNjZhZTA5ZTU1XkEyXkFqcGc@._V1_SX300.jpg
6371,https://m.media-amazon.com/images/M/MV5BYWJlMGQxNDYtZTc5NC00MzlhLWI1MTItZmU1NjY1MTRlZjFjXkEyXkFqcGc@._V1_SX300.jpg
6373,https://m.media-amazon.com/images/M/MV5BZWM2ZjA2OTctZmRhMy00ZDIzLTkwZGQtYTRlNmQwZWZmMDBlXkEyXkFqcGc@._V1_SX300.jpg
6374,https://m.media-amazon.com/images/M/MV5BMTQ1MDQ0MTA3NV5BMl5BanBnXkFtZTYwMDQxNDA3._V1_SX300.jpg
6375,https://m.media-amazon.com/images/M/MV5BMTIyNjIwNjE2Nl5BMl5BanBnXkFtZTcwOTc3MjQyMQ@@._V1_SX300.jpg
6376,https://m.media-amazon.com/images/M/MV5BYWQ2ZGVhZDMtYTM0NS00NDlmLTlhNzMtMjM5NTVhMmI3ZGZhXkEyXkFqcGc@._V1_SX300.jpg
6377,https://m.media-amazon.com/images/M/MV5BMTc5NjExNTA5OV5BMl5BanBnXkFtZTYwMTQ0ODY2._V1_SX300.jpg
6378,https://m.media-amazon.com/images/M/MV5BMjJjNzc5YjAtZjU2Ni00ZjVkLTkzYmItM2E2NDM0NWE1YmJhXkEyXkFqcGc@._V1_SX300.jpg
6379,https://m.media-amazon.com/images/M/MV5BYTdkNWM0OWQtYTdlMy00YmVkLWE4YTQtNDgwZDIwNjg4MzBkXkEyXkFqcGc@._V1_SX300.jpg
6380,https://m.media-amazon.com/images/M/MV5BMTIwOTY2NzU3NV5BMl5BanBnXkFtZTcwOTU5MDYyMQ@@._V1_SX300.jpg
6382,https://m.media-amazon.com/images/M/MV5BMTM1NTQyOTk1M15BMl5BanBnXkFtZTcwMzgyMTM4NA@@._V1_SX300.jpg
6383,https://m.media-amazon.com/images/M/MV5BOTQzYzEwNWMtOTAwYy00YWYwLWE1NTEtZTkxOGQxZTM0M2VhXkEyXkFqcGc@._V1_SX300.jpg
6385,https://m.media-amazon.com/images/M/MV5BMjM3MzE2OTEwNF5BMl5BanBnXkFtZTcwNTkyMTg4NA@@._V1_SX300.jpg
6386,https://m.media-amazon.com/images/M/MV5BYTFkZGYwMzktOWI4OS00NmNmLWI1NGMtZDU5NTcxNGI4ZmQxXkEyXkFqcGc@._V1_SX300.jpg
6387,https://m.media-amazon.com/images/M/MV5BZGRjZTM3ZDYtYjJjMS00ZDE1LTg0YzktZDBkNjA3N2EyMmMzXkEyXkFqcGdeQXVyMjQwMjk0NjI@._V1_SX300.jpg
6390,https://m.media-amazon.com/images/M/MV5BMDVkNjI5ODItZTI3Ni00MzNiLTkyZjQtNjFmYzYxM2ExODZiXkEyXkFqcGc@._V1_SX300.jpg
6395,https://m.media-amazon.com/images/M/MV5BMjU1YjIwYTItZTQ3NS00ZWVmLWJjNzItNWJiZmQ0YmJmMzhjXkEyXkFqcGc@._V1_SX300.jpg
6400,https://m.media-amazon.com/images/M/MV5BMzc5M2Q4Y2UtZDNmYS00NTYzLTkxYzAtZjhiNjQ4Yjk0YTFjXkEyXkFqcGdeQXVyMTQxNzMzNDI@._V1_SX300.jpg
6402,https://m.media-amazon.com/images/M/MV5BMTgzMTc0MDk3NV5BMl5BanBnXkFtZTcwMDgxNTMyMQ@@._V1_SX300.jpg
6405,https://m.media-amazon.com/images/M/MV5BZTdiYWIxNjctZmMwNC00N2M3LTk0YjAtOWNiNTk0OTJjOTBhXkEyXkFqcGc@._V1_SX300.jpg
6407,https://m.media-amazon.com/images/M/MV5BMTFkNWEzYjYtNjRkNy00NjQwLTk2M2UtMWI0YWJhZTE0MjFiXkEyXkFqcGc@._V1_SX300.jpg
6408,https://m.media-amazon.com/images/M/MV5BMWQ2MTZkNzctNzQzZi00MDJkLThjY2QtMzBiM2ZiM2IwYzJjXkEyXkFqcGc@._V1_SX300.jpg
6410,https://m.media-amazon.com/images/M/MV5BYzFiYTAyOGQtNmJlYy00NTUzLTg5NDEtYmE4M2YzNTdiNTFiXkEyXkFqcGc@._V1_SX300.jpg
6412,https://m.media-amazon.com/images/M/MV5BOTQ2YWYwZmMtNWUyOC00NWRlLWEzMmUtM2FlYzY2MDQzNWEwXkEyXkFqcGc@._V1_SX300.jpg
6415,https://m.media-amazon.com/images/M/MV5BNmMxOGE2MTQtNGU4MC00NmNiLWEyYzctYjAxZWFlYzU0MzQ2XkEyXkFqcGc@._V1_SX300.jpg
6417,https://m.media-amazon.com/images/M/MV5BOWE0YmQ3NGEtOTFiOC00NDk4LTgxZjItN2NlOWUxYzExOTEzXkEyXkFqcGc@._V1_SX300.jpg
6422,https://m.media-amazon.com/images/M/MV5BNTE4YTU3MWItNDA2Ni00NjRlLWJlNDgtZTRkZTAwNzczZWEwXkEyXkFqcGc@._V1_SX300.jpg
6424,https://m.media-amazon.com/images/M/MV5BZTcwZjUwYzUtMzZhMC00MzY5LWFkZjQtYjdlODA0MThjMDQ1XkEyXkFqcGc@._V1_SX300.jpg
6425,https://m.media-amazon.com/images/M/MV5BZWUyYzI1M2MtZDhkYi00ODk1LTkyZmYtZWI2OTFiNDA2ODA1XkEyXkFqcGc@._V1_SX300.jpg
6427,https://m.media-amazon.com/images/M/MV5BMTdmYTJjY2ItMjRlNC00OTdmLWI3MWEtOTcxNTI2NmU4ZGRhXkEyXkFqcGc@._V1_SX300.jpg
6428,https://m.media-amazon.com/images/M/MV5BMmVlZjBlYTYtY2EyZi00ZjgxLWI5YWUtYjI0NjdiZDZlZTVlXkEyXkFqcGc@._V1_SX300.jpg
6429,https://m.media-amazon.com/images/M/MV5BMDViMTYxN2QtNjQwNC00NGZhLTg2NjYtMDA0YWI1MDI3NjJlXkEyXkFqcGc@._V1_SX300.jpg
6433,https://m.media-amazon.com/images/M/MV5BZDkzOTYyM2MtYzBmOC00NzIxLThkOGUtNzk5NjI0OWRjZjgzXkEyXkFqcGc@._V1_SX300.jpg
6434,https://m.media-amazon.com/images/M/MV5BZmQ4MzIxODktZjEyYy00NTNhLWI1YjUtMTU4ZjlhYjkwYWFmXkEyXkFqcGc@._V1_SX300.jpg
6436,https://m.media-amazon.com/images/M/MV5BNWRiZTk5OGMtYzY3NC00ZWZiLWJiYjQtOGViNDdhY2U4M2MzXkEyXkFqcGc@._V1_SX300.jpg
6440,https://m.media-amazon.com/images/M/MV5BNDc1YWRjODItNGZjNS00MDI4LTliYWYtNDdjZjI3ZWYzNzM4XkEyXkFqcGc@._V1_SX300.jpg
6442,https://m.media-amazon.com/images/M/MV5BOTZmNTBjOGEtNmExNC00ZDY0LTgzYTctY2MzNDgwMDljZWM1XkEyXkFqcGc@._V1_SX300.jpg
6448,https://m.media-amazon.com/images/M/MV5BYmRhMTkzNzctODAxMS00YTI0LTk1NDQtM2Y0OWU3OGNmZjBmXkEyXkFqcGc@._V1_SX300.jpg
6449,https://m.media-amazon.com/images/M/MV5BZGQ3YTE0ZWUtOWJkNC00YjVkLWE0OTMtNjU2OTkxNTg5ZjhlXkEyXkFqcGc@._V1_SX300.jpg
6452,https://m.media-amazon.com/images/M/MV5BZGNhZTlkMzAtZjY2Ny00YjlhLThlOWEtOWExYTVmMzI2OWExXkEyXkFqcGc@._V1_SX300.jpg
6453,https://m.media-amazon.com/images/M/MV5BOTk5ZjBhNDUtNGY3Ny00M2Y3LTlhZjMtYzFjNjBmNzVmMzAwXkEyXkFqcGc@._V1_SX300.jpg
6454,https://m.media-amazon.com/images/M/MV5BNmUwOTFmOTYtMzAyNy00MGQ3LThjYWEtYmY3NGQyNzNmNWQ3XkEyXkFqcGc@._V1_SX300.jpg
6460,https://m.media-amazon.com/images/M/MV5BNmJmNDM5ZmYtODIwNS00YjM4LTlkYzktZTFjNTg3ODg0NDcwXkEyXkFqcGc@._V1_SX300.jpg
6461,https://m.media-amazon.com/images/M/MV5BMmRlODk2MGEtNzZmMi00ZmQ0LWJmMWQtY2E2MDhhMDcyMGU2XkEyXkFqcGc@._V1_SX300.jpg
6464,https://m.media-amazon.com/images/M/MV5BYmZjMGM0OTktZDZhOC00MzJmLTllY2MtMjRmYTk2MGQ3ZmQ2XkEyXkFqcGc@._V1_SX300.jpg
6465,https://m.media-amazon.com/images/M/MV5BYzhhNWViZDAtZWVhZC00Yjc4LTg3NTAtMjI5MzcwY2EyYTRlXkEyXkFqcGc@._V1_SX300.jpg
6466,https://m.media-amazon.com/images/M/MV5BZDc1MjUyZTMtNDQ2Mi00ZDBhLTk4ZjktM2I3ZGQ4MTUyNDkzXkEyXkFqcGc@._V1_SX300.jpg
6476,https://m.media-amazon.com/images/M/MV5BZDNiMDU4YjMtMGRjZS00OGQ3LWFlMGMtNDQ0MmQ1ZWNhY2VjXkEyXkFqcGc@._V1_SX300.jpg
6477,https://m.media-amazon.com/images/M/MV5BZjc5NGE4ZTItNDM1Ni00MDU0LThjZmEtMzIwODBkZTlmNjQzXkEyXkFqcGc@._V1_SX300.jpg
6480,https://m.media-amazon.com/images/M/MV5BYmJiZTBmNzgtZmQ2Yy00OGVlLWJjMmQtZTcwM2RjMmFhNzRmXkEyXkFqcGc@._V1_SX300.jpg
6482,https://m.media-amazon.com/images/M/MV5BNjgzOTE0YmItODkzZi00MmVhLWE5NzAtMjExN2NmYjUxNDYwXkEyXkFqcGc@._V1_SX300.jpg
6483,https://m.media-amazon.com/images/M/MV5BOTUzM2FhYjYtNzZiMi00ZDNhLWFkYzItNTBjZGQ0ODZiZDNkXkEyXkFqcGc@._V1_SX300.jpg
6484,https://m.media-amazon.com/images/M/MV5BMmQyMzc4N2MtMTEwMy00YTAzLTllNWMtODE2YmJjZGRmY2IyXkEyXkFqcGc@._V1_SX300.jpg
6493,https://m.media-amazon.com/images/M/MV5BODEyNDgyMjc4NF5BMl5BanBnXkFtZTYwMzI5MzI3._V1_SX300.jpg
6502,https://m.media-amazon.com/images/M/MV5BM2I4NTI0ZGQtNGQ2ZC00ODIxLWI2N2QtMDBkNzI1NDhjYjE5XkEyXkFqcGc@._V1_SX300.jpg
6503,https://m.media-amazon.com/images/M/MV5BMTM0MTg3OTU5N15BMl5BanBnXkFtZTYwMDc4MzU3._V1_SX300.jpg
6506,https://m.media-amazon.com/images/M/MV5BNzY5ZGEzYTMtM2VjMy00YjBkLWIxODEtN2FmNzg0NDFmOTYyXkEyXkFqcGc@._V1_SX300.jpg
6509,https://m.media-amazon.com/images/M/MV5BYzRmNmRjNTktZGRjNC00YzkxLTgxNjEtYzY3MTI5MjgwY2ZiXkEyXkFqcGc@._V1_SX300.jpg
6510,https://m.media-amazon.com/images/M/MV5BYzEwN2U4YTYtNTE4ZS00YWE4LTgzYWYtMTE1OWMzN2NkM2E3XkEyXkFqcGc@._V1_SX300.jpg
6514,https://m.media-amazon.com/images/M/MV5BNDY4MGM3MGYtODNkOC00OWU4LTg2MGUtNWY1ZGIzNzFmNzEyXkEyXkFqcGc@._V1_SX300.jpg
6515,https://m.media-amazon.com/images/M/MV5BNGM4ZTA5MzgtNTI4Mi00MWViLTlkNDUtZTI2YzRkNDhiODVkXkEyXkFqcGc@._V1_SX300.jpg
6516,https://m.media-amazon.com/images/M/MV5BMGY2ZjliZWUtYjdlNy00ZDIwLTg1MDYtZTE3NWZjZWI2MDBkXkEyXkFqcGc@._V1_SX300.jpg
6517,https://m.media-amazon.com/images/M/MV5BMmM3ODI0YmEtNmNlYS00OGUyLWJhMzItM2E4NWMxNWFhOTY3XkEyXkFqcGc@._V1_SX300.jpg
6523,https://m.media-amazon.com/images/M/MV5BOGNkMzQ3ZjItNjNiOC00MTBkLTkxYmQtMjljODJjOTk3MGE1XkEyXkFqcGc@._V1_SX300.jpg
6527,https://m.media-amazon.com/images/M/MV5BN2Q5MTA3YWEtM2M3ZC00NDIzLWFjYWQtYTBjNGY4YjEzMGI3XkEyXkFqcGc@._V1_SX300.jpg
6528,https://m.media-amazon.com/images/M/MV5BMjE4YzNkMmItODVlNi00ODRhLTk3NjAtODIwZGQ1ZTllNzdlXkEyXkFqcGc@._V1_SX300.jpg
6530,https://m.media-amazon.com/images/M/MV5BMGJhMzIzZWItOWRhOC00NzY0LTg4N2UtNDkxNTQ4NGNmZWNkXkEyXkFqcGc@._V1_SX300.jpg
6533,https://m.media-amazon.com/images/M/MV5BNWM0YjRkNDctMDlmZi00MGFmLWFhYTMtNTIyZTc1NmMwNzAzXkEyXkFqcGc@._V1_SX300.jpg
6534,https://m.media-amazon.com/images/M/MV5BNTQxMmVlMTItMGFjYi00MTc2LWE5MzMtYjFhZWJmZGY0MTY5XkEyXkFqcGc@._V1_SX300.jpg
6535,https://m.media-amazon.com/images/M/MV5BMTkwNzExMjk0MF5BMl5BanBnXkFtZTcwOTUzNDcyMw@@._V1_SX300.jpg
6536,https://m.media-amazon.com/images/M/MV5BMTIyMzE1ODI3NF5BMl5BanBnXkFtZTYwMDE3NDc2._V1_SX300.jpg
6537,https://m.media-amazon.com/images/M/MV5BMTk5NzM1ODgyN15BMl5BanBnXkFtZTcwMzA5MjAzMw@@._V1_SX300.jpg
6538,https://m.media-amazon.com/images/M/MV5BZDNhOGIzZWUtNDMzNS00YWI5LTg4ODYtNWRhZjdiZDExMzg2XkEyXkFqcGc@._V1_SX300.jpg
6539,https://m.media-amazon.com/images/M/MV5BNDhlMzEyNzItMTA5Mi00YWRhLThlNTktYTQyMTA0MDIyNDEyXkEyXkFqcGc@._V1_SX300.jpg
6541,https://m.media-amazon.com/images/M/MV5BYWY3NjI0ODMtMGEwMy00NzVjLWJlMjYtNTc1YTJkNmY2NGRhXkEyXkFqcGc@._V1_SX300.jpg
6542,https://m.media-amazon.com/images/M/MV5BOTUxYzMzNTYtNDQxOC00YjhhLTg2MjEtOTc0ZTA3M2M0ODhiXkEyXkFqcGc@._V1_SX300.jpg
6545,https://m.media-amazon.com/images/M/MV5BMmZkOTQ5NDgtMjBmYS00Y2YzLTkwOWMtYWQ4ZWZiMmQ1ZmUyXkEyXkFqcGc@._V1_SX300.jpg
6547,https://m.media-amazon.com/images/M/MV5BNThjZjQ3ZTctMmY2Yy00M2YzLWJmOGMtNzQwNmM1NDdjYmQ3XkEyXkFqcGc@._V1_SX300.jpg
6548,https://m.media-amazon.com/images/M/MV5BMTVkM2YxODItOGNlMy00NWExLWI2NTgtODEzMmM5NThiM2E2XkEyXkFqcGc@._V1_SX300.jpg
6549,https://m.media-amazon.com/images/M/MV5BOTMzOTk0NDA4OV5BMl5BanBnXkFtZTYwNTY5NjY3._V1_SX300.jpg
6550,https://m.media-amazon.com/images/M/MV5BMTU0MGM4ZjQtNmQ3MC00NDE4LWEwYTItYWZiYzAxMGQwMDkzXkEyXkFqcGc@._V1_SX300.jpg
6551,https://m.media-amazon.com/images/M/MV5BMTI3MjkyMDU1NF5BMl5BanBnXkFtZTcwOTc1OTczMQ@@._V1_SX300.jpg
6552,https://m.media-amazon.com/images/M/MV5BY2FiZmQ3MDMtMzkyMi00ZmE5LTg3NzMtMGVhNzk2MmIwYjUxXkEyXkFqcGc@._V1_SX300.jpg
6553,https://m.media-amazon.com/images/M/MV5BZjZkYmNiZjMtNDlmMC00MDM5LWIwOWMtNTg0ZmRiOGE0NmZlXkEyXkFqcGc@._V1_SX300.jpg
6554,https://m.media-amazon.com/images/M/MV5BMTQ3NWFjYTgtOThjYS00MGQ1LTg3ZjAtNDFlYWVjMDc2NzQ3XkEyXkFqcGc@._V1_SX300.jpg
6557,https://m.media-amazon.com/images/M/MV5BMzJlYzFjOGEtNDUxMy00OWNjLThlYzItYzY4YTJiM2NjZWIzXkEyXkFqcGc@._V1_SX300.jpg
6558,https://m.media-amazon.com/images/M/MV5BMGNlMDlkMWEtMjU4OC00ZmUzLWJiMWEtMWYyNTViOWQ5MzBjXkEyXkFqcGc@._V1_SX300.jpg
6559,https://m.media-amazon.com/images/M/MV5BZjZmZDZmYTMtYzA4Ni00ZmU0LWI0OWUtZWEyM2E2Y2Y5NGMzXkEyXkFqcGc@._V1_SX300.jpg
6560,https://m.media-amazon.com/images/M/MV5BMjNlYzlkYzQtMzFjMy00ZGU3LWE0ZWYtMDliYTNiMTMzODUzXkEyXkFqcGc@._V1_SX300.jpg
6561,https://m.media-amazon.com/images/M/MV5BYzYxMDFmZjAtOGRjOC00YWJjLWI0N2EtODkwZTdkZTc4YjA4XkEyXkFqcGc@._V1_SX300.jpg
6563,https://m.media-amazon.com/images/M/MV5BNGU1ODdmYmUtODhlOS00M2Q4LTgwNDktMmJjZjFkZGU5MTU2XkEyXkFqcGc@._V1_SX300.jpg
6564,https://m.media-amazon.com/images/M/MV5BZjM4NzNiNDktOTlhMi00MjVkLTg0NGYtZTQ4MmVmMDNiY2ZlXkEyXkFqcGc@._V1_SX300.jpg
6565,https://m.media-amazon.com/images/M/MV5BMWExOWJjNmEtMjk3Ny00YjM5LWEwYTctY2ViMTgwMTZkNGM4XkEyXkFqcGc@._V1_SX300.jpg
6566,https://m.media-amazon.com/images/M/MV5BMjE1MzVhNjgtMDE5Zi00YmIyLWI4ZTQtZTBiZTRkNmFhZjUzXkEyXkFqcGc@._V1_SX300.jpg
6567,https://m.media-amazon.com/images/M/MV5BYWM4Mjk2NjItNzdiNC00YjQ1LTg1MWEtYzcwZDFkOWRkMGI3XkEyXkFqcGc@._V1_SX300.jpg
6568,https://m.media-amazon.com/images/M/MV5BMTIwNDYwMjk0N15BMl5BanBnXkFtZTcwMjY5MjAwMQ@@._V1_SX300.jpg
6571,https://m.media-amazon.com/images/M/MV5BOGU1YjNiNjEtYWM4OS00MzFiLTg4MjUtOGFjMDdiOWNiMDFiXkEyXkFqcGc@._V1_SX300.jpg
6572,https://m.media-amazon.com/images/M/MV5BMjA3NzU0OTA4NV5BMl5BanBnXkFtZTcwODY1OTQyMQ@@._V1_SX300.jpg
6573,https://m.media-amazon.com/images/M/MV5BODE3YWNkZGQtZGZjNy00NDZlLWI1MzAtZWUzYTgwM2NiZjA2XkEyXkFqcGc@._V1_SX300.jpg
6574,https://m.media-amazon.com/images/M/MV5BMzM2ZjI2ZTUtZDE3OS00ODhiLWE1NTMtNWVkN2FjNmJlZGJiXkEyXkFqcGc@._V1_SX300.jpg
6577,https://m.media-amazon.com/images/M/MV5BMTcyMjQxMDc0MV5BMl5BanBnXkFtZTgwMzY0NTkwMzE@._V1_SX300.jpg
6578,https://m.media-amazon.com/images/M/MV5BYjY3MzhjYjMtZTg2Yi00NjU5LThkNDMtNDJiNWMxNGI4NGY2XkEyXkFqcGc@._V1_SX300.jpg
6579,https://m.media-amazon.com/images/M/MV5BOGVjZTdjMzYtOTQ1NC00YTNiLWFkMjMtYmFhNWI0NTc3ZmUxXkEyXkFqcGc@._V1_SX300.jpg
6581,https://m.media-amazon.com/images/M/MV5BNDNiMzI5MWMtZDhlMy00Yzg5LWI1NDAtZDE0NGRmOTg5NmFjXkEyXkFqcGc@._V1_SX300.jpg
6582,https://m.media-amazon.com/images/M/MV5BZTYwZDQ1NTQtMGJhZC00NGI5LWFiODgtY2MzZDgyM2MzNWI4XkEyXkFqcGc@._V1_SX300.jpg
6583,https://m.media-amazon.com/images/M/MV5BYWJkNzNlNGItYTQ2Zi00MGVmLTk0NzgtYmNiM2ZhMmNlOTI3XkEyXkFqcGc@._V1_SX300.jpg
6584,https://m.media-amazon.com/images/M/MV5BYThmYmVkMTAtM2RmMC00YTYyLWJiNWEtY2E4ZTgwNjUwYzc1XkEyXkFqcGc@._V1_SX300.jpg
6586,https://m.media-amazon.com/images/M/MV5BOWZjMjdhODAtMzc3NS00ZWRiLThjMDEtMzUwMTY2MTI4ZjNmXkEyXkFqcGc@._V1_SX300.jpg
6587,https://m.media-amazon.com/images/M/MV5BMTE5MTYxMDg5NV5BMl5BanBnXkFtZTYwNjc5MzQ3._V1_SX300.jpg
6588,https://m.media-amazon.com/images/M/MV5BODZmNTY4ZDgtNjJkYy00ZjI2LTk3MDQtMjc3NGY2MjViYjBmXkEyXkFqcGc@._V1_SX300.jpg
6591,https://m.media-amazon.com/images/M/MV5BMGZkNTdhNWYtYTZmNi00NzQzLWFiMDYtOTBkOThkMzkyNGQ5XkEyXkFqcGc@._V1_SX300.jpg
6592,https://m.media-amazon.com/images/M/MV5BMjE3NTA5NDE0MF5BMl5BanBnXkFtZTcwMjk2MzAwMQ@@._V1_SX300.jpg
6593,https://m.media-amazon.com/images/M/MV5BOGNhNDAyZWUtNmU3My00ZWRlLTkwYTgtMzZiYmNjNmM0MzVkXkEyXkFqcGc@._V1_SX300.jpg
6595,https://m.media-amazon.com/images/M/MV5BNmMwYjNhYTEtNGM3ZS00ZTNjLWE1ZWItOWU0MGU4YTUwNjk0XkEyXkFqcGc@._V1_SX300.jpg
6596,https://m.media-amazon.com/images/M/MV5BMTUxMjQ0MDgzOF5BMl5BanBnXkFtZTYwNjM1MDY2._V1_SX300.jpg
6597,https://m.media-amazon.com/images/M/MV5BNzdjMzk3NTUtNzVjZi00YzI2LTk0MzAtOTQxNjg5NDVmYWQyXkEyXkFqcGc@._V1_SX300.jpg
6598,https://m.media-amazon.com/images/M/MV5BODE2ZGQyZjEtOWZiYy00YjU3LTgwZDQtNDJmZDEzMGMzNGY3XkEyXkFqcGc@._V1_SX300.jpg
6603,https://m.media-amazon.com/images/M/MV5BNDVhYmY5ZGYtODFlMS00OWJhLTk5YWQtZDIxNThiZjQzMjU3XkEyXkFqcGc@._V1_SX300.jpg
6604,https://m.media-amazon.com/images/M/MV5BNGZjYmFlM2QtOTViNy00N2QxLWFmM2EtOTk1ZjU5NTg1OWI0XkEyXkFqcGc@._V1_SX300.jpg
6609,https://m.media-amazon.com/images/M/MV5BOGY5N2Q5MDgtNGZkNi00NjNhLTg5Y2UtNmE4MDdkYTY4OWQ4XkEyXkFqcGc@._V1_SX300.jpg
6611,https://m.media-amazon.com/images/M/MV5BZWRkY2VmOTEtMTk5My00OWZmLWFmYWMtODE3ZmYyZTBhNTE0XkEyXkFqcGc@._V1_SX300.jpg
6612,https://m.media-amazon.com/images/M/MV5BMTU4ODU1NDQyNl5BMl5BanBnXkFtZTcwOTg3NzUxMQ@@._V1_SX300.jpg
6614,https://m.media-amazon.com/images/M/MV5BOTE5NWM4YjAtZDE5ZS00NWU3LWE5MDktZWY4YmRmNTE0MTdiXkEyXkFqcGc@._V1_SX300.jpg
6615,https://m.media-amazon.com/images/M/MV5BOTc4ODQ3YTAtNDJiZi00NTUzLTllOWUtYjE3NjYyNjdlNDlmXkEyXkFqcGc@._V1_SX300.jpg
6616,https://m.media-amazon.com/images/M/MV5BNTQ0MDY1NDU4Nl5BMl5BanBnXkFtZTYwMjE2NzQ3._V1_SX300.jpg
6617,https://m.media-amazon.com/images/M/MV5BMTYyNjA4NTY3N15BMl5BanBnXkFtZTYwNjc0MDM3._V1_SX300.jpg
6618,https://m.media-amazon.com/images/M/MV5BM2JhYTkzYmUtYjY1Mi00OWNjLTk4N2ItNDRkZTIyMzgyMjMyXkEyXkFqcGc@._V1_SX300.jpg
6619,https://m.media-amazon.com/images/M/MV5BODk0ODI2MTk1N15BMl5BanBnXkFtZTcwODg3Mjg3NA@@._V1_SX300.jpg
6620,https://m.media-amazon.com/images/M/MV5BMjA0MjYxNjY1MV5BMl5BanBnXkFtZTcwNDkwMjAwMQ@@._V1_SX300.jpg
6624,https://m.media-amazon.com/images/M/MV5BNzMwMjc5NzUyNF5BMl5BanBnXkFtZTcwNjA5MDcyNA@@._V1_SX300.jpg
6625,https://m.media-amazon.com/images/M/MV5BZWY4Yjk5YTgtMWY1MS00YjQ5LWEyMzItM2U1NTkxNTEyY2QxXkEyXkFqcGc@._V1_SX300.jpg
6628,https://m.media-amazon.com/images/M/MV5BODk3MzRlMDItOGFhZC00MjA5LWE5MDgtYWI5OGM4ZTllMjQ5XkEyXkFqcGc@._V1_SX300.jpg
6629,https://m.media-amazon.com/images/M/MV5BMGUyYjg0ZDQtYWJlYy00OGJmLWE3MjItZjM1YzJjMzIxYjU2XkEyXkFqcGc@._V1_SX300.jpg
6631,https://m.media-amazon.com/images/M/MV5BNmE2M2FkZmQtOWFiYy00MjU4LTg4YWItNjZkNTg3YjNkODIyXkEyXkFqcGc@._V1_SX300.jpg
6636,https://m.media-amazon.com/images/M/MV5BYWNiNjZjNjEtMjhiYy00YzJmLThkNGQtYjQxZmY5Y2Q3Y2EyXkEyXkFqcGc@._V1_SX300.jpg
6638,https://m.media-amazon.com/images/M/MV5BMjA4NzI5OTgyMV5BMl5BanBnXkFtZTgwODgwNjU1MDE@._V1_SX300.jpg
6639,https://m.media-amazon.com/images/M/MV5BMjJiMDRjNWUtZTVhYS00YTU5LWI2OTktZWI4YzY2YjY1MTc5XkEyXkFqcGc@._V1_SX300.jpg
6643,https://m.media-amazon.com/images/M/MV5BODdkNzcxZjItMDU2Yy00Y2JlLWFkYTQtNzIwM2Q4MWU5MTU2XkEyXkFqcGc@._V1_SX300.jpg
6644,https://m.media-amazon.com/images/M/MV5BZWExYTM5YjUtNmFmNy00ZWYzLWE4YzMtZjEwMmZiM2Q2NWE4XkEyXkFqcGc@._V1_SX300.jpg
6645,https://m.media-amazon.com/images/M/MV5BNjRlNjFjMTUtN2E5My00M2Y2LWE4MTQtZTdlYzQwNTMyZmU0XkEyXkFqcGc@._V1_SX300.jpg
6650,https://m.media-amazon.com/images/M/MV5BYjhjOTZmY2QtNDcyYS00Y2ViLTg3NTMtYTUyNjhlMGIwNmZlXkEyXkFqcGc@._V1_SX300.jpg
6654,https://m.media-amazon.com/images/M/MV5BMjU1NzQ3MjMtNjJmNS00OGJkLTgwNDAtYjJjNTM2ZTNiOGJjXkEyXkFqcGc@._V1_SX300.jpg
6656,https://m.media-amazon.com/images/M/MV5BY2RlZmIwNGUtYzk1My00MDdmLThhYjYtNTFhZDM5N2ZmY2U1XkEyXkFqcGc@._V1_SX300.jpg
6658,https://m.media-amazon.com/images/M/MV5BYWU0ZDZiMWMtY2RhYi00NWE5LWIwM2QtMDQ2MDhiZWE5NTU3XkEyXkFqcGc@._V1_SX300.jpg
6659,https://m.media-amazon.com/images/M/MV5BMTEzNjkwMzIyMjZeQTJeQWpwZ15BbWU4MDI2NTU5ODYx._V1_SX300.jpg
6660,https://m.media-amazon.com/images/M/MV5BMjRjMzAxMmMtMTkzNS00ZGIyLTgzM2UtODgyYjI5NGEwZDhjXkEyXkFqcGc@._V1_SX300.jpg
6662,https://m.media-amazon.com/images/M/MV5BNzg5NTYzNDI4OF5BMl5BanBnXkFtZTcwOTQxMTMyNA@@._V1_SX300.jpg
6663,https://m.media-amazon.com/images/M/MV5BMzdhZDYxYjktYjdhOS00MDAyLTk3YjgtNTc5ZmVmYmVjMjJiXkEyXkFqcGc@._V1_SX300.jpg
6664,https://m.media-amazon.com/images/M/MV5BZjAyNTRiMTEtNzNlZS00YTZhLThmNzQtZjBkOWQ4N2Y4YjQzXkEyXkFqcGc@._V1_SX300.jpg
6665,https://m.media-amazon.com/images/M/MV5BMjEwMzBkNzUtZTVkMS00MzUwLTk0YTQtMTg2ZmU1MjYzODdmXkEyXkFqcGc@._V1_SX300.jpg
6666,https://m.media-amazon.com/images/M/MV5BNmQ0MDA0YTEtZTY4Mi00N2Y5LTk0ZjktMTY2ZGQzNGVlYzViXkEyXkFqcGc@._V1_SX300.jpg
6667,https://m.media-amazon.com/images/M/MV5BMTgyODA4MjQ0OF5BMl5BanBnXkFtZTcwOTkxMzQyMQ@@._V1_SX300.jpg
6668,https://m.media-amazon.com/images/M/MV5BMDMxYjNkM2QtYjhiNi00Zjk1LTlkYzQtMTY0MTFmMWE5ZGEyXkEyXkFqcGc@._V1_SX300.jpg
6669,https://m.media-amazon.com/images/M/MV5BZTk4OGEwNDQtOGI2MC00MTU2LTk0YTEtNmU5NTIxMWNkNDhlXkEyXkFqcGc@._V1_SX300.jpg
6670,https://m.media-amazon.com/images/M/MV5BMjAxMzQxMzg3Nl5BMl5BanBnXkFtZTcwODEyMzQyMQ@@._V1_SX300.jpg
6671,https://m.media-amazon.com/images/M/MV5BNmNlNDVmNjctZTI4OC00YWZkLWJiMGItNzdkYTI5ODM0NGMyXkEyXkFqcGc@._V1_SX300.jpg
6678,https://m.media-amazon.com/images/M/MV5BNjMxYjNmOTctNWViYS00YjIyLWJlMTEtMTZjY2Q3OTYxY2IwXkEyXkFqcGc@._V1_SX300.jpg
6679,https://m.media-amazon.com/images/M/MV5BMTgyNDU0NTIwNV5BMl5BanBnXkFtZTcwNzE4MDQyMQ@@._V1_SX300.jpg
6684,https://m.media-amazon.com/images/M/MV5BYWQ3ODc3ODctZjc0Ni00MWVkLWIzZjAtNDA1OGU2N2VkNzAxXkEyXkFqcGc@._V1_SX300.jpg
6686,https://m.media-amazon.com/images/M/MV5BNTFjNzBmNjgtNjc3MC00NWViLTk4YmEtYjZlZTYxZmZiN2E2XkEyXkFqcGc@._V1_SX300.jpg
6687,https://m.media-amazon.com/images/M/MV5BMjE4MjA0MzQ5OV5BMl5BanBnXkFtZTcwNTY3MDAwMQ@@._V1_SX300.jpg
6688,https://m.media-amazon.com/images/M/MV5BZTE5NGQ1YjItMWRlNi00NTM3LWJmYmYtMjQ3ZWVmM2I2NmVjXkEyXkFqcGdeQXVyMTY5Nzc4MDY@._V1_SX300.jpg
6689,https://m.media-amazon.com/images/M/MV5BMTQwMzI0Mzk1NF5BMl5BanBnXkFtZTYwMDIzMDk2._V1_SX300.jpg
6691,https://m.media-amazon.com/images/M/MV5BY2NjY2UyNmMtM2RmMi00Y2U1LTk3MDktNjJmYWQ1MzRmMmFlXkEyXkFqcGc@._V1_SX300.jpg
6692,https://m.media-amazon.com/images/M/MV5BMTU3MzE4MzU2M15BMl5BanBnXkFtZTcwNDM3NDAwMQ@@._V1_SX300.jpg
6695,https://m.media-amazon.com/images/M/MV5BMTIxNDI2NzQyNF5BMl5BanBnXkFtZTYwMTY5MTQ3._V1_SX300.jpg
6696,https://m.media-amazon.com/images/M/MV5BZTQ2NjAyZmUtNTFlYS00YTg2LWE1ZGUtYTEyNmFlM2Y4NTE1XkEyXkFqcGc@._V1_SX300.jpg
6699,https://m.media-amazon.com/images/M/MV5BZDAwNzUwYTItN2M5OC00MTAzLTk4NmEtMzM1NjYzOWUwZTJjXkEyXkFqcGc@._V1_SX300.jpg
6702,https://m.media-amazon.com/images/M/MV5BMjU5MDJkNzMtZDY1ZS00MzlmLThhYjMtYzQzNWMwYmM1MzQ3XkEyXkFqcGc@._V1_SX300.jpg
6705,https://m.media-amazon.com/images/M/MV5BMWM4Yzk4OTYtNDRlNy00NDBmLWI1OWYtZjRhZDM2MTVmZTc4XkEyXkFqcGc@._V1_SX300.jpg
6706,https://m.media-amazon.com/images/M/MV5BYmE5MGVjMWEtZWQ4Ny00OTc0LTg4OWQtNWZhYzlkMGFjMjFlXkEyXkFqcGdeQXVyMTYwMTcxOTYy._V1_SX300.jpg
6707,https://m.media-amazon.com/images/M/MV5BMTEwNTU3NzM2NDJeQTJeQWpwZ15BbWU2MDY2ODcyNw@@._V1_SX300.jpg
6708,https://m.media-amazon.com/images/M/MV5BMjA3NjMyNjIyMF5BMl5BanBnXkFtZTYwOTgzMDI3._V1_SX300.jpg
6709,https://m.media-amazon.com/images/M/MV5BMTU5MDg5OTcwOV5BMl5BanBnXkFtZTcwMjI1MTIzMw@@._V1_SX300.jpg
6710,https://m.media-amazon.com/images/M/MV5BMTU2NTA3MTEzN15BMl5BanBnXkFtZTYwOTkwNzg2._V1_SX300.jpg
6711,https://m.media-amazon.com/images/M/MV5BMTUxMzk0NDg1MV5BMl5BanBnXkFtZTgwNDg0NjkxMDI@._V1_SX300.jpg
6713,https://m.media-amazon.com/images/M/MV5BZjcwZDFlMTgtN2Q1Ny00MTgxLTk5OGItNTllMDg3MjE0NjZlXkEyXkFqcGc@._V1_SX300.jpg
6715,https://m.media-amazon.com/images/M/MV5BZmUzZWYzOTgtZDQ4OS00ZGYzLTlmMWYtN2E5ZDJmNjM4MDFmXkEyXkFqcGdeQXVyMzU4ODM5Nw@@._V1_SX300.jpg
6718,https://m.media-amazon.com/images/M/MV5BMGY5ZWZiY2QtYTI0NC00ZjAzLTk2YjEtNzE1MTVlYTJiMWUyXkEyXkFqcGc@._V1_SX300.jpg
6720,https://m.media-amazon.com/images/M/MV5BNTFmOTY4MWQtNWU3YS00Yzg4LTgyOWYtMDFjNDYzNmEyOTQ2XkEyXkFqcGc@._V1_SX300.jpg
6721,https://m.media-amazon.com/images/M/MV5BOWEwZmU2N2ItNWVkNi00OGRhLWE1N2YtNzM1MDRiYWM4MjgyXkEyXkFqcGc@._V1_SX300.jpg
6722,https://m.media-amazon.com/images/M/MV5BYmQ1NjUzNmUtNDVjNy00ZDFmLTliMTQtYjlkYmExZjA0Y2VhXkEyXkFqcGc@._V1_SX300.jpg
6723,https://m.media-amazon.com/images/M/MV5BNDRjNjFmNTAtOTdlYy00MzkwLTk0YjgtMDZhOGNkNTA5NjFlXkEyXkFqcGc@._V1_SX300.jpg
6724,https://m.media-amazon.com/images/M/MV5BODU5MGI4ZmItYTAyYi00NmI3LWExZTQtNTYzYjM3ZDY5NGVkXkEyXkFqcGc@._V1_SX300.jpg
6731,https://m.media-amazon.com/images/M/MV5BOTg0ZTVmMDMtMTkxZC00MDY1LTliZTUtNjg5NTAzNjAxY2Y0XkEyXkFqcGc@._V1_SX300.jpg
6732,https://m.media-amazon.com/images/M/MV5BODk3MmYzOWYtNmQzZC00NTQyLWJjM2EtMDEzZjc3NDYxYWI4XkEyXkFqcGc@._V1_SX300.jpg
6734,https://m.media-amazon.com/images/M/MV5BMjBiMTQyYWUtMGU2OS00OTlhLWJlODQtYTc3NTlmNmM4YmY0XkEyXkFqcGc@._V1_SX300.jpg
6744,https://m.media-amazon.com/images/M/MV5BZjJlMDQ4MGYtNjYyZC00NWVjLWJmOGUtNTBhNDA5NTBmMDEzXkEyXkFqcGc@._V1_SX300.jpg
6746,https://m.media-amazon.com/images/M/MV5BODU3MTA5MDctNjI0OC00MmM3LWI0ZWUtZjg5ZTg0MTlkNTJjXkEyXkFqcGc@._V1_SX300.jpg
6748,https://m.media-amazon.com/images/M/MV5BMWU2MmY2N2EtMmNlNS00NjU4LTg2MDQtYTQ1MjYxY2RkNjFlXkEyXkFqcGc@._V1_SX300.jpg
6750,https://m.media-amazon.com/images/M/MV5BNjkyNjYyMzAzNV5BMl5BanBnXkFtZTYwMTMxNDU3._V1_SX300.jpg
6751,https://m.media-amazon.com/images/M/MV5BMTc4OTIwNDgzOF5BMl5BanBnXkFtZTcwNDYwNDAwMQ@@._V1_SX300.jpg
6752,https://m.media-amazon.com/images/M/MV5BODkxMzQzNzQyNl5BMl5BanBnXkFtZTYwOTE4MjI3._V1_SX300.jpg
6753,https://m.media-amazon.com/images/M/MV5BYTlmYjViMWItMDE0MS00OGFlLTg3YWUtMjUyNTQzMWI4ZGYxXkEyXkFqcGc@._V1_SX300.jpg
6754,https://m.media-amazon.com/images/M/MV5BOWIwZjFkYjktZTI3My00YzhkLWI5NmUtZDYyMTg5ZWVmODZkXkEyXkFqcGc@._V1_SX300.jpg
6755,https://m.media-amazon.com/images/M/MV5BNWZiYTA4NTctMGQ5OC00MWMzLWE0YTUtZTllZTdjOTY0ZjNmXkEyXkFqcGc@._V1_SX300.jpg
6760,https://m.media-amazon.com/images/M/MV5BNjUwOTUxNTU2OF5BMl5BanBnXkFtZTcwMjUzNTAwMQ@@._V1_SX300.jpg
6763,https://m.media-amazon.com/images/M/MV5BOTIzMmUwZDEtMjkzMS00MTAwLWJmYmEtZjM2OWExODQwNWRkXkEyXkFqcGc@._V1_SX300.jpg
6764,https://m.media-amazon.com/images/M/MV5BOWI4ODc0M2MtOTIzYi00MmQ0LTg4NDMtMTZiMjQyZTNmYTNhXkEyXkFqcGc@._V1_SX300.jpg
6765,https://m.media-amazon.com/images/M/MV5BZGIxZTY1ODktM2E3Yi00ZmQxLWI1ZjctNmVkYWQ0MTExMDBlXkEyXkFqcGc@._V1_SX300.jpg
6768,https://m.media-amazon.com/images/M/MV5BMTU5NjQ1MTQ0M15BMl5BanBnXkFtZTgwNDUwNzgwMzE@._V1_SX300.jpg
6769,https://m.media-amazon.com/images/M/MV5BNWM4NjRjMmYtY2FiMi00YjVjLWIzMjUtMzM5ZjcwMWZmMzM5XkEyXkFqcGc@._V1_SX300.jpg
6770,https://m.media-amazon.com/images/M/MV5BZGZiMDNkMzItOGU1NS00NWZlLWJkMDktYzg2OTQyOTFmZmIxXkEyXkFqcGc@._V1_SX300.jpg
6772,https://m.media-amazon.com/images/M/MV5BNjJkY2E4MzQtNDE5Yy00MDllLTkyYTItYmRmOTc4ZWY2YTIzXkEyXkFqcGc@._V1_SX300.jpg
6773,https://m.media-amazon.com/images/M/MV5BNGJhNjk2NjctZDdlOC00ZjUxLTljNGItMjI5MTBlZDc1NjViXkEyXkFqcGc@._V1_SX300.jpg
6774,https://m.media-amazon.com/images/M/MV5BOTI0NDVlMjMtNWI5Yi00ZWM0LTg4NWUtNGRkYjU5NTBkZjVkXkEyXkFqcGc@._V1_SX300.jpg
6775,https://m.media-amazon.com/images/M/MV5BMTA5MjQ2NjIyMTFeQTJeQWpwZ15BbWU3MDUwNjEzMjE@._V1_SX300.jpg
6776,
6777,https://m.media-amazon.com/images/M/MV5BNDc2ODQ5NTE2MV5BMl5BanBnXkFtZTcwODExMjUyNA@@._V1_SX300.jpg
6780,https://m.media-amazon.com/images/M/MV5BMWZjZjdjZWQtMzgxNi00MjliLWE4YjQtOWVhYWM3ODc5MTVmXkEyXkFqcGc@._V1_SX300.jpg
6782,https://m.media-amazon.com/images/M/MV5BYzFjYWQzNzktZDA2ZS00MWEzLWIwY2EtN2E5OTc5Y2M2MzhjXkEyXkFqcGc@._V1_SX300.jpg
6783,https://m.media-amazon.com/images/M/MV5BNzlmNmM0MGMtNzlkYS00OTMzLTgwMTktZTA3ZWMyYWFlYmQ3XkEyXkFqcGc@._V1_SX300.jpg
6785,https://m.media-amazon.com/images/M/MV5BYzJkODQ3OWEtYmQwZS00ZTgwLWFjYmItNmEyMmZiODA4YjgyXkEyXkFqcGc@._V1_SX300.jpg
6786,https://m.media-amazon.com/images/M/MV5BMTUzOTg0MDEwOV5BMl5BanBnXkFtZTcwNTg1OTM2MQ@@._V1_SX300.jpg
6787,https://m.media-amazon.com/images/M/MV5BZGQzMzcwMDYtMmNjNS00YzZlLTg2MjUtNTE0MThlNTFjMDQ0XkEyXkFqcGc@._V1_SX300.jpg
6788,https://m.media-amazon.com/images/M/MV5BODIwNzJlN2ItZmIzYi00MThhLWI4MDQtY2JjMmE1NmI4MjU0XkEyXkFqcGc@._V1_SX300.jpg
6789,https://m.media-amazon.com/images/M/MV5BNDFlYzI2MGItYjIwYi00MmRlLTk4ZTEtMWIzOGFhYWEyZDg5XkEyXkFqcGc@._V1_SX300.jpg
6790,https://m.media-amazon.com/images/M/MV5BMzhhMzk0ZjQtYTk5ZC00NjFhLWJkMTItOGU0Y2QwNDllYWFhXkEyXkFqcGc@._V1_SX300.jpg
6791,https://m.media-amazon.com/images/M/MV5BNWY2Yzc0OGItM2FjYi00MDU2LTgwNmYtZGYzZmI1NTc0Y2NmXkEyXkFqcGc@._V1_SX300.jpg
6793,https://m.media-amazon.com/images/M/MV5BOGI2ODdkZDItNTYwMy00NmQyLTg2ZjgtZWQ4YmU5YzllYzNiXkEyXkFqcGc@._V1_SX300.jpg
6794,https://m.media-amazon.com/images/M/MV5BMTg5OTg0MzYtZDI5ZS00MDAzLWI5ZWQtYWQ1MTE1NTNmM2IwXkEyXkFqcGc@._V1_SX300.jpg
6796,https://m.media-amazon.com/images/M/MV5BYzZhNDcyYTctOWU1My00ZmUzLWFmNmItZTIwY2JkNjVkZTdmXkEyXkFqcGc@._V1_SX300.jpg
6797,https://m.media-amazon.com/images/M/MV5BMTRhYjdjY2MtMTY4My00NzZiLTljYjMtOTg2ZTdlYTAyYzBiXkEyXkFqcGc@._V1_SX300.jpg
6798,https://m.media-amazon.com/images/M/MV5BNDgyOThhMmQtZDRjNi00ZDg0LWIyMWQtNWZiMmRkNTdlZjg1XkEyXkFqcGc@._V1_SX300.jpg
6800,https://m.media-amazon.com/images/M/MV5BODczYzNiMjgtZGU4Yi00ZmM2LWFiNzMtMjcyMTA1YzMwNTk3XkEyXkFqcGc@._V1_SX300.jpg
6803,https://m.media-amazon.com/images/M/MV5BMDFiY2NhOWMtMDU1Ni00MjA0LWIzNmMtNTQ0MzA1ZDc1OGRiXkEyXkFqcGc@._V1_SX300.jpg
6804,https://m.media-amazon.com/images/M/MV5BYzRmM2Q5NGYtYjI4Yy00MjFmLWIzMzItYzViYmFmZGUyNDI1XkEyXkFqcGc@._V1_SX300.jpg
6807,https://m.media-amazon.com/images/M/MV5BMmZjYzM5OGMtYmY2OS00YzQ3LWEzZjgtY2Q1Yjc1NTNkYTZiXkEyXkFqcGc@._V1_SX300.jpg
6808,https://m.media-amazon.com/images/M/MV5BNzY1YjdjM2EtOThhOS00YzUyLWFjODUtZTNjNmJmNTFjNWVmXkEyXkFqcGc@._V1_SX300.jpg
6809,https://m.media-amazon.com/images/M/MV5BMzE0NmM0OGItMWVjYy00ODNmLTk4NzctYmQ1NzgxNWNjOTVmXkEyXkFqcGc@._V1_SX300.jpg
6810,https://m.media-amazon.com/images/M/MV5BZWE3MmRlZGYtNWNmZC00OGUyLTgyOGQtY2ZmMzJmZDRmNzFmXkEyXkFqcGc@._V1_SX300.jpg
6811,https://m.media-amazon.com/images/M/MV5BNDZhY2ExZjYtMjQ2Zi00YWExLWIzOWQtNGZkYjJhNGQwNDQ2XkEyXkFqcGc@._V1_SX300.jpg
6812,https://m.media-amazon.com/images/M/MV5BNGE2MjI1ZmEtMzA5OC00NzE2LWE1YjgtNDQ4MTdiNjU2ZjhkXkEyXkFqcGc@._V1_SX300.jpg
6814,https://m.media-amazon.com/images/M/MV5BYzNhNTg4ZjItN2NhZS00ODI4LWI4MzAtMzU4NDM0YWEwODIyXkEyXkFqcGc@._V1_SX300.jpg
6816,https://m.media-amazon.com/images/M/MV5BMWExOTFhYjktYWU2OC00MjRmLWJmZGQtZjgyMTE3ZTljNzZmXkEyXkFqcGc@._V1_SX300.jpg
6817,https://m.media-amazon.com/images/M/MV5BNjA1MTg2MjgtYjdlYi00MWUxLTk2ZDgtNjUwYTJmMDY1ZWZmXkEyXkFqcGc@._V1_SX300.jpg
6818,https://m.media-amazon.com/images/M/MV5BNDlkZmVkZDAtZGFmMS00OWIzLWJkY2YtNWE5NjNhNjhiZGE3XkEyXkFqcGc@._V1_SX300.jpg
6820,https://m.media-amazon.com/images/M/MV5BYWVhNDMxOTUtNmMxOC00YmNiLWIxYjMtMDRmZDVkODAyZGU5XkEyXkFqcGc@._V1_SX300.jpg
6821,https://m.media-amazon.com/images/M/MV5BYTgzNjExMDgtM2M4Ny00OWJmLTllNDMtNjg3YWRlNGI1ZDAyXkEyXkFqcGc@._V1_SX300.jpg
6827,https://m.media-amazon.com/images/M/MV5BOWI5YTU1NmQtODQ0Mi00NzY4LWE0MjUtMDdkYzQxYmY1YTg3XkEyXkFqcGc@._V1_SX300.jpg
6832,https://m.media-amazon.com/images/M/MV5BNGFiYmVkMGMtZDI3Zi00YTU0LWFhYWQtZDc2ZGU0OGQ0YzkzXkEyXkFqcGc@._V1_SX300.jpg
6835,https://m.media-amazon.com/images/M/MV5BZWZiMWM4Y2UtYzIyMi00ZThjLTkyMGUtNjY1ZjExOGZiOTBmXkEyXkFqcGc@._V1_SX300.jpg
6836,https://m.media-amazon.com/images/M/MV5BODI3MjU0YTktZDFmNi00YmNlLWFmNGQtNjk4MTc2Yjc5OTA2XkEyXkFqcGc@._V1_SX300.jpg
6837,https://m.media-amazon.com/images/M/MV5BMzIwNTBhMDItNGNmZi00YzlkLTgxNDktOTkwNWE4YjkwMzVjXkEyXkFqcGc@._V1_SX300.jpg
6849,https://m.media-amazon.com/images/M/MV5BNDMxM2M1Y2QtNTVhZi00ODRhLTgxOTItMTBjNDg5ZjIyZTRkXkEyXkFqcGc@._V1_SX300.jpg
6850,https://m.media-amazon.com/images/M/MV5BZGRiNjc2ZjctZTAwMy00ZWExLThjNzctZGQ2YWJlMTBjOGY1XkEyXkFqcGc@._V1_SX300.jpg
6851,https://m.media-amazon.com/images/M/MV5BZTA4YzkzMmMtMjk4OC00YTM5LWE1NjQtYTA1ZjNkODBjYmM1XkEyXkFqcGc@._V1_SX300.jpg
6852,https://m.media-amazon.com/images/M/MV5BM2YwMjJjNDEtYTFmMS00MTQ3LTkzYWQtMzYzNjgwZGIzOGQ3XkEyXkFqcGc@._V1_SX300.jpg
6853,https://m.media-amazon.com/images/M/MV5BZjFkNDk5MDktOTZjYS00Y2FjLWJmNTYtYjNlMGU4ZDdmMTlkXkEyXkFqcGdeQXVyNzc5MjA3OA@@._V1_SX300.jpg
6856,https://m.media-amazon.com/images/M/MV5BOWRhN2Y4MWQtZDZjZC00MjYyLTliMTYtMjJhZjk1NTAwNDdiXkEyXkFqcGc@._V1_SX300.jpg
6857,https://m.media-amazon.com/images/M/MV5BZWQ2MmFjYmMtYjUwYS00MDExLWJjNDAtNDBhODM2NTk4OThiXkEyXkFqcGc@._V1_SX300.jpg
6858,https://m.media-amazon.com/images/M/MV5BZDQ1ODZkNDItNWU4MC00NDhmLTliNWItMzYxYTlmMDMyZmU5XkEyXkFqcGc@._V1_SX300.jpg
6860,https://m.media-amazon.com/images/M/MV5BODM5MGY3ZjMtMjMwMS00ZDliLWE1ZDctMGQ3ZDJlZTdlMTRlXkEyXkFqcGc@._V1_SX300.jpg
6862,https://m.media-amazon.com/images/M/MV5BMjAxMTMzNTI5Ml5BMl5BanBnXkFtZTcwNDAwMTQ2NA@@._V1_SX300.jpg
6863,https://m.media-amazon.com/images/M/MV5BOTg2NDU4Mjg2NV5BMl5BanBnXkFtZTgwNjQ0MDIyMDI@._V1_SX300.jpg
6867,https://m.media-amazon.com/images/M/MV5BMTUzNDgyMzg3Ml5BMl5BanBnXkFtZTcwMzIxNTAwMQ@@._V1_SX300.jpg
6868,https://m.media-amazon.com/images/M/MV5BNTllODAxMjctZjk0MC00MzZlLTkzMTAtODUyNGRlMzFlZjk0XkEyXkFqcGc@._V1_SX300.jpg
6869,https://m.media-amazon.com/images/M/MV5BMTI4OTM5ODkwMl5BMl5BanBnXkFtZTcwNjQyMTQyMQ@@._V1_SX300.jpg
6870,https://m.media-amazon.com/images/M/MV5BMTIzNDUyMjA4MV5BMl5BanBnXkFtZTYwNDc4ODM3._V1_SX300.jpg
6872,https://m.media-amazon.com/images/M/MV5BNTE0MGQ0YjQtZTVmYy00OGY4LTg0NTQtMDgwYzNjODMzMzA1XkEyXkFqcGc@._V1_SX300.jpg
6873,https://m.media-amazon.com/images/M/MV5BMzgwY2RlYzMtOGNhMi00NzcyLTg1M2YtMzZiYTNiNjdjYjIyXkEyXkFqcGc@._V1_SX300.jpg
6874,https://m.media-amazon.com/images/M/MV5BZmMyYzJlZmYtY2I3NC00NjAyLTkyZWItZjdjZDI1YTYyYTEwXkEyXkFqcGc@._V1_SX300.jpg
6879,https://m.media-amazon.com/images/M/MV5BOWZkZGFhZDAtNzBmYy00Mjk1LWFjYjQtYzVhMzhiNzQ0MTRlXkEyXkFqcGc@._V1_SX300.jpg
6880,https://m.media-amazon.com/images/M/MV5BNzY0MDQwMTctYzQ1Mi00ODIwLThlMWQtODQ0NzA2ZTg3ZDFhXkEyXkFqcGc@._V1_SX300.jpg
6881,https://m.media-amazon.com/images/M/MV5BNDQyMDM3MzIyMl5BMl5BanBnXkFtZTcwMzUwMDU2NA@@._V1_SX300.jpg
6882,https://m.media-amazon.com/images/M/MV5BYTA1NzEwODMtOTdhMS00NjdkLWI1MTUtMTE1YzFmMzg2YmM4XkEyXkFqcGc@._V1_SX300.jpg
6883,https://m.media-amazon.com/images/M/MV5BOGY0NWI5ZDMtNzU0NC00NmNmLThmMDAtNjdlMjgzODI0MzA2XkEyXkFqcGc@._V1_SX300.jpg
6884,https://m.media-amazon.com/images/M/MV5BMjUzNzMxMDUtNmMyNS00YTk0LTkyNjEtZDNjMmQ2NjJkZDIxXkEyXkFqcGc@._V1_SX300.jpg
6885,https://m.media-amazon.com/images/M/MV5BM2VhYTA4NzctMzUyZC00NWUwLWI3M2QtODM5OTZkMWY1ODZiXkEyXkFqcGc@._V1_SX300.jpg
6886,https://m.media-amazon.com/images/M/MV5BMTI0NDk2MzMyM15BMl5BanBnXkFtZTYwMTY3Njk2._V1_SX300.jpg
6887,https://m.media-amazon.com/images/M/MV5BMzEyOTBiNWQtODQ0OS00MmZiLWJmNTEtMGIyMTNlZTcxOThkXkEyXkFqcGc@._V1_SX300.jpg
6888,https://m.media-amazon.com/images/M/MV5BNDE2NTIyMjg2OF5BMl5BanBnXkFtZTYwNDEyMTg3._V1_SX300.jpg
6889,https://m.media-amazon.com/images/M/MV5BMTIyNTAyNDYxNF5BMl5BanBnXkFtZTYwNjYwMjg2._V1_SX300.jpg
6890,https://m.media-amazon.com/images/M/MV5BMTIwZjA2OGYtNmYyMS00MjJjLWIxYTEtOTEyMTZjMGYzMTM2XkEyXkFqcGc@._V1_SX300.jpg
6893,https://m.media-amazon.com/images/M/MV5BNTlmYmFmYWItODE2OC00MGNkLWFiZDUtNzNiZDYzOTVlOGMxXkEyXkFqcGc@._V1_SX300.jpg
6898,https://m.media-amazon.com/images/M/MV5BMjg5MjQ3NjQ5OV5BMl5BanBnXkFtZTYwNDkxNjk5._V1_SX300.jpg
6899,https://m.media-amazon.com/images/M/MV5BNDQyOWZiYzgtMTA2OC00MDBmLTg2ZmUtNzEwM2ZkYTBiYzgxXkEyXkFqcGc@._V1_SX300.jpg
6902,https://m.media-amazon.com/images/M/MV5BODczY2E0YzgtYzJhNS00ZjliLWFlZTMtMDU0OWYyMmY3ZTQ1XkEyXkFqcGc@._V1_SX300.jpg
6909,https://m.media-amazon.com/images/M/MV5BOGE3YmU1NTktMjEwZC00ZjY5LTk5N2MtNWM5YjY4NmQxNmJjXkEyXkFqcGc@._V1_SX300.jpg
6911,https://m.media-amazon.com/images/M/MV5BMDY0NDFmZjEtNjYzMy00YTc5LWExMzItMTAyYmYzZjAzNWJiXkEyXkFqcGdeQXVyMTY5Nzc4MDY@._V1_SX300.jpg
6912,https://m.media-amazon.com/images/M/MV5BOTIyMWQ3ZWMtNThkYS00NGJiLTg3MDctNGE2NzUyMjY4MDM4XkEyXkFqcGc@._V1_SX300.jpg
6918,https://m.media-amazon.com/images/M/MV5BNmViYWRlZWEtYjFhZi00Njg4LTg4YmYtMTQ2MTFkYmMwNjRmXkEyXkFqcGc@._V1_SX300.jpg
6920,https://m.media-amazon.com/images/M/MV5BZTJiZjdjM2MtYTA3My00M2E3LTlhMDgtMzc0OTNhOGY2MzVjXkEyXkFqcGc@._V1_SX300.jpg
6927,https://m.media-amazon.com/images/M/MV5BMTk5MjQyNTcxNV5BMl5BanBnXkFtZTcwMjcwNDAwMQ@@._V1_SX300.jpg
6932,https://m.media-amazon.com/images/M/MV5BMjExNDI2OTc2MF5BMl5BanBnXkFtZTYwOTA5MjM3._V1_SX300.jpg
6934,https://m.media-amazon.com/images/M/MV5BMmNmMTEzODQtNmExMS00OGUxLWFkNTItMTM3NzBlNDk0YWU5XkEyXkFqcGc@._V1_SX300.jpg
6935,https://m.media-amazon.com/images/M/MV5BMmU2ZWFlY2ItNDY0Yi00ZTUxLWExODQtMjBlMjc1ZmY5MzA5XkEyXkFqcGc@._V1_SX300.jpg
6936,https://m.media-amazon.com/images/M/MV5BNDQ0ZWE2NzgtNGNhMC00MDIwLWI1MjUtYjYxZGRiM2UyYTQzXkEyXkFqcGc@._V1_SX300.jpg
6938,https://m.media-amazon.com/images/M/MV5BM2NiOTQzZDctMDE1MS00YjM2LWFjMjktYTI4OTJhYzgzZTFhXkEyXkFqcGc@._V1_SX300.jpg
6939,https://m.media-amazon.com/images/M/MV5BYjE0NGM3NDUtZTkwOS00ZTAxLThlYTUtZDVjNzI4Yjc4N2M0XkEyXkFqcGc@._V1_SX300.jpg
6942,https://m.media-amazon.com/images/M/MV5BYWRlZjcwYTgtYWJkOS00MGYwLTk3Y2ItNmU4NTg5Nzg2YTQ2XkEyXkFqcGc@._V1_SX300.jpg
6944,https://m.media-amazon.com/images/M/MV5BOGRiZjliMTktMzhjMi00MjUyLWE0OTQtYjUzYzZmNzg2NjQ3XkEyXkFqcGc@._V1_SX300.jpg
6945,https://m.media-amazon.com/images/M/MV5BM2ZjZGU0YzItNWM3Zi00MGM2LTljZWQtNGQzNWM0NGUzNTk3XkEyXkFqcGc@._V1_SX300.jpg
6946,https://m.media-amazon.com/images/M/MV5BNDU2NmU2YzktNWFlMC00MDk1LWFhZjQtYjUxZThiMjZhNjQ2XkEyXkFqcGc@._V1_SX300.jpg
6947,https://m.media-amazon.com/images/M/MV5BZDEzYmZmOTYtMzdlYS00MWNjLWE2YjEtMzkyZTMyOWZjMjkyXkEyXkFqcGc@._V1_SX300.jpg
6948,https://m.media-amazon.com/images/M/MV5BMTY4OTY1NzI4N15BMl5BanBnXkFtZTYwNDI5MzQ3._V1_SX300.jpg
6949,https://m.media-amazon.com/images/M/MV5BMDlkOWU5NjMtNDY5NC00MTRhLWI2OWEtZjc0NGJjZjNhMjFiXkEyXkFqcGc@._V1_SX300.jpg
6950,https://m.media-amazon.com/images/M/MV5BNjFkMDY5NWYtYzMyMi00OTk4LTljOWMtNTY5MTY3Njk4MGMzXkEyXkFqcGc@._V1_SX300.jpg
6951,https://m.media-amazon.com/images/M/MV5BMTI5MDU3MTYyMF5BMl5BanBnXkFtZTYwODgyODc3._V1_SX300.jpg
6952,https://m.media-amazon.com/images/M/MV5BMTYxNDA4OTAxNF5BMl5BanBnXkFtZTcwMTI5NjQzMw@@._V1_SX300.jpg
6953,https://m.media-amazon.com/images/M/MV5BMjA4MjI2OTM5N15BMl5BanBnXkFtZTcwNDA1NjUzMw@@._V1_SX300.jpg
6954,https://m.media-amazon.com/images/M/MV5BY2FmYmZiOTYtY2EyOC00YjhhLWI2NGMtYjU1YTE1NDE2MjZjXkEyXkFqcGc@._V1_SX300.jpg
6957,https://m.media-amazon.com/images/M/MV5BMjA4Njg1MDcwN15BMl5BanBnXkFtZTYwMzAxNjM3._V1_SX300.jpg
6958,https://m.media-amazon.com/images/M/MV5BY2EwYThmZDYtZTVhMi00NGRkLTlmZDgtOTE2YmU0NTQ2MGQzXkEyXkFqcGc@._V1_SX300.jpg
6959,https://m.media-amazon.com/images/M/MV5BMTg5OTAyNDE3NV5BMl5BanBnXkFtZTYwOTkzMzE3._V1_SX300.jpg
6961,https://m.media-amazon.com/images/M/MV5BMWZiY2MyZGUtMTJiNy00YWNhLWFhNjItYWEzMzQwOTBiOTQ3XkEyXkFqcGc@._V1_SX300.jpg
6962,https://m.media-amazon.com/images/M/MV5BMTMwODcxMDM2NV5BMl5BanBnXkFtZTYwODgzMDg5._V1_SX300.jpg
6963,https://m.media-amazon.com/images/M/MV5BOWFmZmY3YzUtZWMzZS00MzA3LWE3YzctMWY3YzA0NjVhZjYzXkEyXkFqcGc@._V1_SX300.jpg
6965,https://m.media-amazon.com/images/M/MV5BMTY3MTQxMTk0Ml5BMl5BanBnXkFtZTcwMzU3MTUyMQ@@._V1_SX300.jpg
6966,https://m.media-amazon.com/images/M/MV5BMTc5MzUxMjk4NF5BMl5BanBnXkFtZTgwNTEzNDk4NjE@._V1_SX300.jpg
6967,https://m.media-amazon.com/images/M/MV5BNWVkNGM3ODktNzFmMS00NzA5LTkyNWItZTVhZDQxZjNmZDVjXkEyXkFqcGc@._V1_SX300.jpg
6969,https://m.media-amazon.com/images/M/MV5BMzRlMGUwMWQtNTYzMS00Yjg1LTgxNTYtODEwNjYxNDQxMzUxXkEyXkFqcGc@._V1_SX300.jpg
6970,https://m.media-amazon.com/images/M/MV5BZTIzMDgyZTktMTZhYi00ZDQzLWI3ZjAtZDJhNDE5MTcyNjYyXkEyXkFqcGc@._V1_SX300.jpg
6971,https://m.media-amazon.com/images/M/MV5BZWU4MDBhZTktMzEyZC00NmUzLThjZjItOGI5ZjhkOGIzZWYwXkEyXkFqcGc@._V1_SX300.jpg
6973,https://m.media-amazon.com/images/M/MV5BNTQ4OTlkMmYtY2RjMS00YjYwLTg3MDktMjFmYWJhNjVmMDI3XkEyXkFqcGc@._V1_SX300.jpg
6974,https://m.media-amazon.com/images/M/MV5BMDk1NDkzZGMtMWRkNi00Y2VkLTlhYTctNjE2MDkyYTUyYjc3XkEyXkFqcGc@._V1_SX300.jpg
6975,https://m.media-amazon.com/images/M/MV5BN2NkZWQyNzgtNGIzZC00YjFkLWFkZGQtNTU0OGI5ODYxODA1XkEyXkFqcGc@._V1_SX300.jpg
6978,https://m.media-amazon.com/images/M/MV5BMzQzNzI3MGQtZWI4OC00Y2EyLTk1ZmQtY2QzYTk3ZjVlNGQ1XkEyXkFqcGc@._V1_SX300.jpg
6979,https://m.media-amazon.com/images/M/MV5BMmM5MDlmZWUtYTE1Mi00M2JiLTk1NzYtMTg0NTdlMzM2N2RkXkEyXkFqcGc@._V1_SX300.jpg
6981,https://m.media-amazon.com/images/M/MV5BNTVjOGExYjItYzBhMS00N2I3LWI3Y2MtNmRlMzZiNTJhMTcyXkEyXkFqcGc@._V1_SX300.jpg
6982,https://m.media-amazon.com/images/M/MV5BMzE4NTc0MDc1NV5BMl5BanBnXkFtZTgwODAxMTEyNTE@._V1_SX300.jpg
6983,https://m.media-amazon.com/images/M/MV5BMjMwMzE3MTY1OV5BMl5BanBnXkFtZTgwMDgxNjAxNzE@._V1_SX300.jpg
6984,https://m.media-amazon.com/images/M/MV5BMTcxODdmNmYtNGNlNi00MDMxLWIyM2ItYThkNjdkYmQwZjBkXkEyXkFqcGc@._V1_SX300.jpg
6985,https://m.media-amazon.com/images/M/MV5BNTE1MDliZjgtYTU2Yy00YjAxLTljYTItNDE2ZGYwYTY1MGQ1XkEyXkFqcGc@._V1_SX300.jpg
6986,https://m.media-amazon.com/images/M/MV5BMjEwNzIwNDMwMl5BMl5BanBnXkFtZTgwNjExMTYxMjE@._V1_SX300.jpg
6987,https://m.media-amazon.com/images/M/MV5BNzNhY2VmYTctODhhZC00M2U1LTk4MTktMmFmNmJhY2Y1YzgxXkEyXkFqcGc@._V1_SX300.jpg
6989,https://m.media-amazon.com/images/M/MV5BY2NlZmVlM2QtYmVhNi00YmZjLTkxN2UtYjc5ZWEyOTI5MjRjXkEyXkFqcGc@._V1_SX300.jpg
6990,https://m.media-amazon.com/images/M/MV5BM2ZjODAyYjItZGQ0My00Y2ZhLTk0ZmMtM2M3OGJmN2E2NTNlXkEyXkFqcGc@._V1_SX300.jpg
6992,https://m.media-amazon.com/images/M/MV5BMjNkYTQyNTItYzFkMi00MzhjLWEwZjQtZmZkM2JhMWQ1NjEyXkEyXkFqcGc@._V1_SX300.jpg
6993,https://m.media-amazon.com/images/M/MV5BNTdmOWViYWMtMjVjNC00MDI5LTk3ZmEtM2MxMzFkMzQ5NzNjXkEyXkFqcGc@._V1_SX300.jpg
6994,https://m.media-amazon.com/images/M/MV5BN2RkM2Y3MTAtZmZjYy00ZDUzLWE3OTMtZDgyODgyM2VhM2UzXkEyXkFqcGc@._V1_SX300.jpg
6996,https://m.media-amazon.com/images/M/MV5BOTE5NzVjMmMtNTVjYS00ZGQ4LWI3M2MtNzBlNGZiNjQyNzU4XkEyXkFqcGc@._V1_SX300.jpg
6997,https://m.media-amazon.com/images/M/MV5BNTQ3OWFhM2ItM2Q2Mi00OGYxLThkZTktYzVjNjJkNzg1MjAxXkEyXkFqcGc@._V1_SX300.jpg
6998,https://m.media-amazon.com/images/M/MV5BZTA1MTdmYzgtN2VjOC00ZTFkLWI0MjctYmE1OTI5NGEzNWVkXkEyXkFqcGc@._V1_SX300.jpg
6999,https://m.media-amazon.com/images/M/MV5BZTEzM2JlODAtZGFhZi00YjM3LTg0YjQtMGU4MTAxZTI4NTFmXkEyXkFqcGc@._V1_SX300.jpg
7000,https://m.media-amazon.com/images/M/MV5BNjFjMDBkYzAtNWU4OS00YTVkLTlhYWQtYTRiZGM1MmEzMGY2XkEyXkFqcGc@._V1_SX300.jpg
7001,https://m.media-amazon.com/images/M/MV5BMzUzNDdjOTAtOThlNS00OTc0LWIyZjEtMzA3YTA4Mjk2Yjc5XkEyXkFqcGc@._V1_SX300.jpg
7004,https://m.media-amazon.com/images/M/MV5BMjMyMTIyOTc0N15BMl5BanBnXkFtZTgwODY1NTk4NjE@._V1_SX300.jpg
7005,https://m.media-amazon.com/images/M/MV5BMGNhODgzODYtN2I2Yy00Y2Q5LTk2YTQtZWQxMmFjNWE3NWExXkEyXkFqcGc@._V1_SX300.jpg
7007,https://m.media-amazon.com/images/M/MV5BNTI4MDcyZTktNTVhMC00NmQ3LWJiN2UtMzZkNDgwMzRkMzIwXkEyXkFqcGc@._V1_SX300.jpg
7008,https://m.media-amazon.com/images/M/MV5BYjkwYjdhM2ItZmVkMi00M2Y2LWJmNjEtN2Y2ZGU3MjdmZjE0XkEyXkFqcGc@._V1_SX300.jpg
7009,https://m.media-amazon.com/images/M/MV5BNTc3NDBjY2ItNDhiYS00YmJmLWE4ZDctNzNkZGMxNGY2Y2FjXkEyXkFqcGc@._V1_SX300.jpg
7010,https://m.media-amazon.com/images/M/MV5BYjVhNjMzZDItMjNkNS00MmM5LWE0MDktZjA2MjJiMDQyMWNhXkEyXkFqcGc@._V1_SX300.jpg
7012,https://m.media-amazon.com/images/M/MV5BZWFjNGVhM2UtZWJkMC00YmUwLTljZmUtOGM3ZjUyMDY5OTJiXkEyXkFqcGc@._V1_SX300.jpg
7013,https://m.media-amazon.com/images/M/MV5BZmZmOWEzYjktZWYxMi00MjlmLTlmNTAtMzI4ZDVlZmIxZGIzXkEyXkFqcGc@._V1_SX300.jpg
7015,https://m.media-amazon.com/images/M/MV5BYzY4ZmYyMDUtOTRiMS00MmJjLWJhMGItNWZiYjY5ZGYxNzZlXkEyXkFqcGc@._V1_SX300.jpg
7016,https://m.media-amazon.com/images/M/MV5BYzM3YjNmZWItZTU4ZS00MzJkLThjMjYtZGQ2MDEzN2YxZDRkXkEyXkFqcGc@._V1_SX300.jpg
7017,https://m.media-amazon.com/images/M/MV5BMGZkZGRiNmEtMjcyMC00OWVmLThhZjEtOWVmNmM3MTI2NjhmXkEyXkFqcGc@._V1_SX300.jpg
7018,https://m.media-amazon.com/images/M/MV5BMjMyODU4NjQwMV5BMl5BanBnXkFtZTgwMTkwNTg4NjE@._V1_SX300.jpg
7019,https://m.media-amazon.com/images/M/MV5BOTU3NjI4MDEtODhmYi00ZTIzLWIyMTEtNWE4N2ExZGFlNWE1XkEyXkFqcGc@._V1_SX300.jpg
7020,https://m.media-amazon.com/images/M/MV5BMTg0MTM0NzM1NF5BMl5BanBnXkFtZTgwNjc2MzgzMTE@._V1_SX300.jpg
7022,https://m.media-amazon.com/images/M/MV5BNjdlYzJlYzMtMWU3Yi00Y2FjLWJhYmUtNjM3YzdjYzZkOWMwXkEyXkFqcGc@._V1_SX300.jpg
7023,https://m.media-amazon.com/images/M/MV5BMjI1NDg2MTQxN15BMl5BanBnXkFtZTcwNTYwNTc3NA@@._V1_SX300.jpg
7024,https://m.media-amazon.com/images/M/MV5BZjJlYWQyZjItNzU4OS00YTg4LThiYzQtNjYyNjhhM2VmOTE4XkEyXkFqcGc@._V1_SX300.jpg
7025,https://m.media-amazon.com/images/M/MV5BNTA4ZjRlYWUtODkxMy00YWJiLWIxNWItOTU2NGE2OGY2ZmZhXkEyXkFqcGc@._V1_SX300.jpg
7026,https://m.media-amazon.com/images/M/MV5BYmZiYWU0Y2UtYmNkNy00MGQ1LTk1YmUtNDcxMjE3YWQzMzE3XkEyXkFqcGc@._V1_SX300.jpg
7027,https://m.media-amazon.com/images/M/MV5BZGVkZDVlNzktNzBiOC00NGIwLTgyOTktODk2NTYxNDA3MTQ3XkEyXkFqcGc@._V1_SX300.jpg
7028,https://m.media-amazon.com/images/M/MV5BNjJkZWZhN2MtNWNhOS00OGU1LTgyOWItNzQ3YmFmMmU4Y2Y3XkEyXkFqcGc@._V1_SX300.jpg
7030,https://m.media-amazon.com/images/M/MV5BOGZmOWUzMDAtZjRhZS00MDgxLTgwZDktNjA0Mzg4NzBmODk1XkEyXkFqcGc@._V1_SX300.jpg
7031,https://m.media-amazon.com/images/M/MV5BNjExN2FkZDYtOThiMS00YzJiLTk2ZDctZDc2MTlmOWJkOWZmXkEyXkFqcGc@._V1_SX300.jpg
7032,https://m.media-amazon.com/images/M/MV5BNTI4NDQzMzAtN2M5OS00MjRiLTg4NjAtNTg0YTkxZTYzZTk3XkEyXkFqcGc@._V1_SX300.jpg
7033,https://m.media-amazon.com/images/M/MV5BYzhjZjlhYjYtNjhmOS00ZDNhLWFjNzktMWQ5N2ZkMGM1NTBlXkEyXkFqcGc@._V1_SX300.jpg
7034,https://m.media-amazon.com/images/M/MV5BNDMyOTRjOWEtMTBkNS00MGI2LTg4MWYtZGY1ZTgyMDc1ZTJjXkEyXkFqcGc@._V1_SX300.jpg
7036,https://m.media-amazon.com/images/M/MV5BMzNmYWJkMzktNGUxMS00ZGY1LTllNTAtNGY3YTg1YjliM2Q3XkEyXkFqcGc@._V1_SX300.jpg
7037,https://m.media-amazon.com/images/M/MV5BOTczMmFlNTktNmRhNC00YTJjLWI1YTktYzUxZDFhOWRmMzY5XkEyXkFqcGc@._V1_SX300.jpg
7038,https://m.media-amazon.com/images/M/MV5BNDNlZTM1NTMtZjc3MS00YjUxLTk1ZTgtOGEyMDNlNzE3NzFkXkEyXkFqcGc@._V1_SX300.jpg
7040,https://m.media-amazon.com/images/M/MV5BYjk1ODQ4NTgtNjAyZi00NjMyLTg4MzktOWQ3YTU3N2MxMTdlXkEyXkFqcGc@._V1_SX300.jpg
7041,https://m.media-amazon.com/images/M/MV5BNTQ2ODEzNDktOTdhMy00NTdhLTljYmUtNTM0MmIzNWRhZGZjXkEyXkFqcGc@._V1_SX300.jpg
7044,https://m.media-amazon.com/images/M/MV5BMmUyNjMzMjEtMGFkNy00MDA1LWI0NGEtMDY5OGU1N2NmNDg1XkEyXkFqcGc@._V1_SX300.jpg
7045,https://m.media-amazon.com/images/M/MV5BMjI1MDg5NzAyMV5BMl5BanBnXkFtZTgwNzU5Mzk4NjE@._V1_SX300.jpg
7046,https://m.media-amazon.com/images/M/MV5BNzg1OTUzZDktODc3My00NjZlLTgxMTYtOGVhMTQ2ZWRjNzQ4XkEyXkFqcGc@._V1_SX300.jpg
7047,https://m.media-amazon.com/images/M/MV5BOWY1MzE0MjMtM2VlYS00Njk5LWE2ZGYtZDQ0ZjM3ODUzM2ZjXkEyXkFqcGc@._V1_SX300.jpg
7048,https://m.media-amazon.com/images/M/MV5BOWQ2NmNlYjEtOGViNC00MzA0LTgzMjQtMzU2ZTgwMDJkZDU5XkEyXkFqcGc@._V1_SX300.jpg
7049,https://m.media-amazon.com/images/M/MV5BYmI1ZWYwMTUtZmVkMy00ZDE3LWFhZDYtYmQyNWM2MmQxZTM2XkEyXkFqcGc@._V1_SX300.jpg
7050,https://m.media-amazon.com/images/M/MV5BZjk1Y2NmZDQtNmE3ZC00N2MxLWI0MmItNGI4NWZjYzdkZDkzXkEyXkFqcGc@._V1_SX300.jpg
7051,https://m.media-amazon.com/images/M/MV5BOWFmMjkwNDQtZjI3My00YmQ0LWFiOTktM2ViNTVlZTBhNWI0XkEyXkFqcGc@._V1_SX300.jpg
7052,https://m.media-amazon.com/images/M/MV5BNTVkY2MwNWYtMjY2YS00Y2E4LWIwM2EtNTkxYjczMDZmY2ZiL2ltYWdlL2ltYWdlXkEyXkFqcGdeQXVyMDI2NDg0NQ@@._V1_SX300.jpg
7053,https://m.media-amazon.com/images/M/MV5BNWU3N2MxNDEtNjI1ZS00NDgxLTg5OTgtMzlhYTZmOWU5MmJlXkEyXkFqcGc@._V1_SX300.jpg
7054,https://m.media-amazon.com/images/M/MV5BNTQzNjJkZmItYTE4Zi00NDI1LWI4MGMtZDA4NTdmZTUyYjYwXkEyXkFqcGc@._V1_SX300.jpg
7055,https://m.media-amazon.com/images/M/MV5BZjNhOTEwZGItNTU4MS00ZDAzLWJhMWYtNzkwNjQ0Yjg4YTg5XkEyXkFqcGc@._V1_SX300.jpg
7056,https://m.media-amazon.com/images/M/MV5BYThlZDRjZjYtN2FmZS00NTQxLThlY2QtY2I0MGM5OWY1OWYxXkEyXkFqcGc@._V1_SX300.jpg
7057,https://m.media-amazon.com/images/M/MV5BZjVkZjg1MjItNmRjNS00NWE4LWJlMGEtYTczMTU5ZWJiYmZmXkEyXkFqcGc@._V1_SX300.jpg
7058,https://m.media-amazon.com/images/M/MV5BMmE1NDZmZjQtNzM5MC00ZWVjLWIwNWItMDY4YzM5ZDhmYTI2XkEyXkFqcGc@._V1_SX300.jpg
7059,https://m.media-amazon.com/images/M/MV5BNWY0MGFkMzItNjc5MS00ZjhmLThlY2UtMWRiNjkxZTJjNjA2XkEyXkFqcGc@._V1_SX300.jpg
7060,https://m.media-amazon.com/images/M/MV5BMGVlYzg0YTgtNjM1NS00M2MzLTgyM2UtNjVjOThlNDllNjhiXkEyXkFqcGc@._V1_SX300.jpg
7061,https://m.media-amazon.com/images/M/MV5BYWI1ZGMzN2UtNGRiZS00MTllLTk3ODYtNmNiYzhhZGI1NjE0XkEyXkFqcGc@._V1_SX300.jpg
7062,https://m.media-amazon.com/images/M/MV5BMTc4NDc3MjIyMV5BMl5BanBnXkFtZTcwMTEyNDcyNA@@._V1_SX300.jpg
7063,https://m.media-amazon.com/images/M/MV5BNGYyMDRhYTgtMjIzNy00OGQyLTk4MTEtZTM2ODlmNjc0NTlhXkEyXkFqcGc@._V1_SX300.jpg
7064,https://m.media-amazon.com/images/M/MV5BZWJjZDNjMTMtYzJlYy00MDFhLWE0ZWQtYmNkYTQ0NmQzNDU4XkEyXkFqcGc@._V1_SX300.jpg
7065,https://m.media-amazon.com/images/M/MV5BMzg3ZDMxMzUtNTQyNi00MzdiLTg5ZmUtZmJkODcwN2Y1NGMyXkEyXkFqcGc@._V1_SX300.jpg
7067,https://m.media-amazon.com/images/M/MV5BN2VjNzQ4MmMtNzRmMC00MzhlLWJjZjEtOGEyY2NkMDc5YTg1XkEyXkFqcGc@._V1_SX300.jpg
7069,https://m.media-amazon.com/images/M/MV5BZTk2ZmEwNmYtNmY0Ny00NzAwLWI3OTEtMzkwNTZlZGJhM2Y5XkEyXkFqcGc@._V1_SX300.jpg
7070,https://m.media-amazon.com/images/M/MV5BMTM2NDA3NTQ2OF5BMl5BanBnXkFtZTcwODUzNzU2NA@@._V1_SX300.jpg
7071,https://m.media-amazon.com/images/M/MV5BODk2MWJmN2MtYmVhMi00MjZjLTlhZTMtMmM2ZWRjZDc2ZjQ2XkEyXkFqcGc@._V1_SX300.jpg
7072,https://m.media-amazon.com/images/M/MV5BZmQ5ZGIyMjYtMjczYy00N2EzLWE3ZjMtNmI4ZDc3MDVmOWEwXkEyXkFqcGc@._V1_SX300.jpg
7073,https://m.media-amazon.com/images/M/MV5BNDE5Njk1NDQ5MF5BMl5BanBnXkFtZTcwNjAyMTMyNA@@._V1_SX300.jpg
7074,https://m.media-amazon.com/images/M/MV5BM2E4Y2E2MzItMzMyOS00OWM1LWIxMDAtZTk5N2UxOGY3OWIzXkEyXkFqcGc@._V1_SX300.jpg
7075,https://m.media-amazon.com/images/M/MV5BMzI4Y2QwZTUtMTc3ZC00M2VmLWExODMtM2I5YWU5NzUwYzc3XkEyXkFqcGc@._V1_SX300.jpg
7076,https://m.media-amazon.com/images/M/MV5BYTA0ZjRhNjgtYWNlMC00Y2U4LTg1OGEtMTU4NGM1MTRjZGUyXkEyXkFqcGc@._V1_SX300.jpg
7078,https://m.media-amazon.com/images/M/MV5BZGUxZDFiNmUtM2I4Ni00Yjk5LWE3ZmUtZjQ5ZGUyY2JkMmY0XkEyXkFqcGc@._V1_SX300.jpg
7079,https://m.media-amazon.com/images/M/MV5BYzM2ZmE3MzctOWRkMC00N2JjLWEyZGYtMjc4MjU2YzlkNDk1XkEyXkFqcGc@._V1_SX300.jpg
7080,https://m.media-amazon.com/images/M/MV5BZjY2NDYwNGEtOThiZS00ZWQyLWE5OTAtMTUwMjZlOTQ4ZWFjXkEyXkFqcGc@._V1_SX300.jpg
7082,https://m.media-amazon.com/images/M/MV5BMjI4NDIwODI4NF5BMl5BanBnXkFtZTgwMDQ2NjQzMTE@._V1_SX300.jpg
7083,https://m.media-amazon.com/images/M/MV5BOTk4ZmYyMjgtMTI2My00ZjgwLWEyMDItZjM5Yjk1ZmI0OWU1XkEyXkFqcGc@._V1_SX300.jpg
7084,https://m.media-amazon.com/images/M/MV5BODQ1YWZiMjItYjU2OS00YTYzLWE1MWEtYmM4MzE2YTJiYzUxXkEyXkFqcGc@._V1_SX300.jpg
7085,https://m.media-amazon.com/images/M/MV5BMjE1ODE2MzIzOF5BMl5BanBnXkFtZTgwNzIyNjIzMTE@._V1_SX300.jpg
7086,https://m.media-amazon.com/images/M/MV5BNDJjOGE2YjItOWNlYi00MjgzLTllYjYtNzRlOTdlZTIyNmVkXkEyXkFqcGc@._V1_SX300.jpg
7087,https://m.media-amazon.com/images/M/MV5BMDg5NTFiMGQtZTBhZS00Njc5LWE4NzAtNzVkNzVlNTVlMDExXkEyXkFqcGc@._V1_SX300.jpg
7088,https://m.media-amazon.com/images/M/MV5BMWI2ZmRhNTItNzhiMC00YWIyLWJmNGItZjNjOTY1MDEyY2VmXkEyXkFqcGc@._V1_SX300.jpg
7089,https://m.media-amazon.com/images/M/MV5BMDFiMDIwMjQtNGFjYS00YTNiLTk5MjctZDYxMmRiNDUyNDZjXkEyXkFqcGc@._V1_SX300.jpg
7090,https://m.media-amazon.com/images/M/MV5BYTlkZWVjYzQtZmI1My00MGM2LTlmZjEtNjU1M2Y1MTRkNmZjXkEyXkFqcGc@._V1_SX300.jpg
7091,https://m.media-amazon.com/images/M/MV5BZWM3YjExODMtM2U0Mi00Y2Q5LTk0MjMtMjYzNmIxODUyNDA2XkEyXkFqcGc@._V1_SX300.jpg
7092,https://m.media-amazon.com/images/M/MV5BMWY0YTNiNjEtNDc4OC00Njk0LWFjMjYtNmNlYzkxZDM5ZDU5XkEyXkFqcGc@._V1_SX300.jpg
7093,https://m.media-amazon.com/images/M/MV5BNTAyNjQzZGUtNjRiZi00ZDA2LTgwMWQtZGU1YTc5MmY4MDNhXkEyXkFqcGc@._V1_SX300.jpg
7096,https://m.media-amazon.com/images/M/MV5BZmNlNTMxNGYtZGNmYy00MjZmLTlhYzUtNTcxNmUwOTMzZDM1XkEyXkFqcGc@._V1_SX300.jpg
7099,https://m.media-amazon.com/images/M/MV5BODBhMTI3YzMtNTRjYS00OTFkLWJmODUtNjJiNzcwYTVkNDhiXkEyXkFqcGc@._V1_SX300.jpg
7101,https://m.media-amazon.com/images/M/MV5BZWQ2NDk0YWQtNGNkMy00Nzc4LTgwMGEtMmFlNDVhZTI2MTEzXkEyXkFqcGc@._V1_SX300.jpg
7102,https://m.media-amazon.com/images/M/MV5BNzZmZDU0NTktNGFkYS00MmFlLTkyYjEtZGM5Njg1NjkyOWM2XkEyXkFqcGc@._V1_SX300.jpg
7103,https://m.media-amazon.com/images/M/MV5BZTAzODNjZDktNTg5YS00ZTFmLTliMDEtNTU0YTc5ZTM3ZGQ1XkEyXkFqcGc@._V1_SX300.jpg
7104,https://m.media-amazon.com/images/M/MV5BMzMzOTg0YTAtZTAxYy00MGFjLThmNDktZWQ4MjU2ZGYyYzBhXkEyXkFqcGc@._V1_SX300.jpg
7107,https://m.media-amazon.com/images/M/MV5BYWQ3NmEwN2UtMWEwOS00NzRkLTkyNDItMWFhZWI3ZGRhNmNlXkEyXkFqcGc@._V1_SX300.jpg
7108,https://m.media-amazon.com/images/M/MV5BMzY1MzE0MDYtY2ViNS00NzhiLWE5OTUtMGIwYTVhODRkMzkzXkEyXkFqcGc@._V1_SX300.jpg
7109,https://m.media-amazon.com/images/M/MV5BOTVkODZlNjQtYTkyYS00Mjk1LTkyMGQtNGE3MWZhY2M5ZjBiXkEyXkFqcGc@._V1_SX300.jpg
7114,https://m.media-amazon.com/images/M/MV5BNDZiYmRiMmEtZDcyOS00ZjU2LTlmNjUtMDMzNGIxYjA0ZjgxXkEyXkFqcGc@._V1_SX300.jpg
7115,https://m.media-amazon.com/images/M/MV5BZTU2YzAzM2UtY2U5YS00ZDRlLThlYjYtMTQ5MzE3M2FhMWRkXkEyXkFqcGc@._V1_SX300.jpg
7116,https://m.media-amazon.com/images/M/MV5BMDg5OTRmOTgtYzk0ZC00M2E5LWFmNzItMDc5NmNlMDM0MTdmXkEyXkFqcGc@._V1_SX300.jpg
7117,https://m.media-amazon.com/images/M/MV5BODg3NmFmOTgtY2I1ZC00NDBkLWEzZGQtYmY2OWIzZjlkZTcxXkEyXkFqcGc@._V1_SX300.jpg
7118,https://m.media-amazon.com/images/M/MV5BM2Y5MmM5YTgtZjk4My00ZWY0LTlmOTgtOWVjZmNlNjVhNjU0XkEyXkFqcGc@._V1_SX300.jpg
7121,https://m.media-amazon.com/images/M/MV5BYzAzODQxNTItNDUwOS00MWIwLWE5NjMtZTI2MDU4ZTFlNzg4XkEyXkFqcGc@._V1_SX300.jpg
7122,https://m.media-amazon.com/images/M/MV5BOTM4OTk1NTAyN15BMl5BanBnXkFtZTcwMjU2NjE2NA@@._V1_SX300.jpg
7123,https://m.media-amazon.com/images/M/MV5BYzBkOWM0MTYtN2QwYy00YTg3LWIwNmEtMGRlNDNhN2UyNjU3XkEyXkFqcGc@._V1_SX300.jpg
7124,https://m.media-amazon.com/images/M/MV5BMTI1MzM5Mjg4NV5BMl5BanBnXkFtZTcwNTE5MjgxMQ@@._V1_SX300.jpg
7125,https://m.media-amazon.com/images/M/MV5BMjE3NTcxNDEzOV5BMl5BanBnXkFtZTgwNDIwNDgwMzE@._V1_SX300.jpg
7127,https://m.media-amazon.com/images/M/MV5BMGY1ZGNhNWEtYWVlNy00ZGIxLWI0NWUtNGU0ZTg1MTQ3Yzg5XkEyXkFqcGc@._V1_SX300.jpg
7131,https://m.media-amazon.com/images/M/MV5BYmEwMzkzODAtYWIzZC00YzVlLWFjZDQtMThlMGRiYzZjMzQ0XkEyXkFqcGc@._V1_SX300.jpg
7132,https://m.media-amazon.com/images/M/MV5BMTYyNjgwMDg4NF5BMl5BanBnXkFtZTgwNTQ5MTM4MTE@._V1_SX300.jpg
7134,https://m.media-amazon.com/images/M/MV5BNWZhMDE0MzctZDllNC00ZmM1LWJhYTYtZmMwYjRmMDExMGVhXkEyXkFqcGc@._V1_SX300.jpg
7137,https://m.media-amazon.com/images/M/MV5BMjUwMTgyN2UtMGI2OS00NDFjLTk1MjQtYTJmMDQwNGYyYzU1XkEyXkFqcGc@._V1_SX300.jpg
7139,https://m.media-amazon.com/images/M/MV5BN2M1YTkyNTctMjkyMC00N2Q5LWFjMGEtY2UyZDcyZjZlYzE5XkEyXkFqcGc@._V1_SX300.jpg
7141,https://m.media-amazon.com/images/M/MV5BMTMyNjM0MTU2Nl5BMl5BanBnXkFtZTcwMjk0MjEzMQ@@._V1_SX300.jpg
7142,https://m.media-amazon.com/images/M/MV5BMjlmZjU2NDEtYWJjZi00ODM0LThmZjUtZWY2YmRjYTIyZmZlXkEyXkFqcGc@._V1_SX300.jpg
7143,https://m.media-amazon.com/images/M/MV5BMzkyNzQ1Mzc0NV5BMl5BanBnXkFtZTcwODg3MzUzMw@@._V1_SX300.jpg
7147,https://m.media-amazon.com/images/M/MV5BNTVlNjc4ZmItMDZjYy00YWZjLTg1OWEtOTNlZjJlN2FlMjEwXkEyXkFqcGc@._V1_SX300.jpg
7149,https://m.media-amazon.com/images/M/MV5BZWVkNmY0ODktOWE0MS00MGJkLTk4YTktMGM0NDFhODNiN2YxXkEyXkFqcGc@._V1_SX300.jpg
7150,https://m.media-amazon.com/images/M/MV5BMTYwODE1MTc3NF5BMl5BanBnXkFtZTcwMjQxMzQyMQ@@._V1_SX300.jpg
7151,https://m.media-amazon.com/images/M/MV5BYTQ0MGU5ODEtYTg5NC00N2MyLTkyMGQtOWJhYzMwNGU3MzEzXkEyXkFqcGc@._V1_SX300.jpg
7153,https://m.media-amazon.com/images/M/MV5BMTZkMjBjNWMtZGI5OC00MGU0LTk4ZTItODg2NWM3NTVmNWQ4XkEyXkFqcGc@._V1_SX300.jpg
7154,https://m.media-amazon.com/images/M/MV5BZmIyM2M5MTQtMDQ4ZS00N2E3LWFiMmQtY2RmNTdmOGNjODIxXkEyXkFqcGc@._V1_SX300.jpg
7155,https://m.media-amazon.com/images/M/MV5BMjE3NzcxMDU2MV5BMl5BanBnXkFtZTYwOTgyNTc2._V1_SX300.jpg
7156,https://m.media-amazon.com/images/M/MV5BMTc3MTA4NDgzNl5BMl5BanBnXkFtZTcwOTAxNTQyMQ@@._V1_SX300.jpg
7158,https://m.media-amazon.com/images/M/MV5BMTIzMjQ5NzM2M15BMl5BanBnXkFtZTYwMzU2NDY3._V1_SX300.jpg
7160,https://m.media-amazon.com/images/M/MV5BMTI4NzI5NzEwNl5BMl5BanBnXkFtZTcwNjc1NjQyMQ@@._V1_SX300.jpg
7161,https://m.media-amazon.com/images/M/MV5BMTg0NzYxMjY0Ml5BMl5BanBnXkFtZTcwOTU0NDczMw@@._V1_SX300.jpg
7162,https://m.media-amazon.com/images/M/MV5BMTY3NTc5NzcyOF5BMl5BanBnXkFtZTcwMDM0NjQyMQ@@._V1_SX300.jpg
7163,https://m.media-amazon.com/images/M/MV5BMTczMzU5NDk4MV5BMl5BanBnXkFtZTYwNDQxNzc3._V1_SX300.jpg
7164,https://m.media-amazon.com/images/M/MV5BMGNjYWVkZGItZTNmNS00MGNkLWI2ZjEtMTIzNzAwNmIxMDRhXkEyXkFqcGc@._V1_SX300.jpg
7165,https://m.media-amazon.com/images/M/MV5BZjdkODdhZWEtMjUzZC00NTVlLWI4ZmQtOTk3NDFkOTE4MDBlXkEyXkFqcGc@._V1_SX300.jpg
7167,https://m.media-amazon.com/images/M/MV5BYmU5NjAwY2UtMDkwNC00YjQ5LWEzN2MtZDQwMjlmMGZhYTQ2XkEyXkFqcGc@._V1_SX300.jpg
7169,https://m.media-amazon.com/images/M/MV5BMTU2MTg5NDg4N15BMl5BanBnXkFtZTYwMjQ1NDI3._V1_SX300.jpg
7171,https://m.media-amazon.com/images/M/MV5BNWFiNTQyMzYtNTZjOS00ZWJhLTkzNzktZDM0N2Q0ZDQ2YTFmXkEyXkFqcGc@._V1_SX300.jpg
7173,https://m.media-amazon.com/images/M/MV5BMTcxMDMwODg3Nl5BMl5BanBnXkFtZTYwMTM4NTY3._V1_SX300.jpg
7175,https://m.media-amazon.com/images/M/MV5BMjQzNGYzNTYtMDAxOC00ZDU0LWI4YjEtNWU5ZDJkZTliYWRlXkEyXkFqcGc@._V1_SX300.jpg
7176,https://m.media-amazon.com/images/M/MV5BZDk3MzZiZTctYjY3Zi00NzA0LWFmY2QtOTg3MzIwNjlmMTgzXkEyXkFqcGc@._V1_SX300.jpg
7177,https://m.media-amazon.com/images/M/MV5BMTg3NTM5MDAxMF5BMl5BanBnXkFtZTcwNTk0OTQyMQ@@._V1_SX300.jpg
7178,https://m.media-amazon.com/images/M/MV5BNjYyNDhkNTgtZGIxOS00MWFmLTg3OTktNTg0ZjRmMzc4ZDVkXkEyXkFqcGc@._V1_SX300.jpg
7179,https://m.media-amazon.com/images/M/MV5BNjYyOTdkZGUtZGRhYy00YTgyLTliMTYtZDQ5Y2RiYzgxNzU3XkEyXkFqcGc@._V1_SX300.jpg
7181,https://m.media-amazon.com/images/M/MV5BZDkzNzcyZmEtMWZjMy00ZmJmLThmNDItM2U1NTdkNTY4NmEzXkEyXkFqcGc@._V1_SX300.jpg
7184,https://m.media-amazon.com/images/M/MV5BYWVjNTEzYzEtODJkNi00YTRkLTllOTctN2Q3ODVhMzU2MGVjXkEyXkFqcGc@._V1_SX300.jpg
7190,https://m.media-amazon.com/images/M/MV5BMTNiNWY0NDAtMjdjMy00YjdmLTllZmYtZjlmYjdmNGY1MzI3XkEyXkFqcGdeQXVyMTY5Nzc4MDY@._V1_SX300.jpg
7191,https://m.media-amazon.com/images/M/MV5BMjNjOGQxNTMtM2IwNS00NGZmLThlNGQtMmY0NzZkYWE4Yzk1XkEyXkFqcGdeQXVyNDk3NzU2MTQ@._V1_SX300.jpg
7192,https://m.media-amazon.com/images/M/MV5BZWQ3NzljNmUtNjc2MC00ZjEyLTlhNzktYzVhNGIxZmEzZGYwXkEyXkFqcGc@._V1_SX300.jpg
7193,https://m.media-amazon.com/images/M/MV5BNzk1YzViY2EtYTc2Zi00NGYwLTg4NTYtYzE2YjQwODIwNDE3XkEyXkFqcGc@._V1_SX300.jpg
7202,https://m.media-amazon.com/images/M/MV5BNTAwZWNiODctZjkwMC00ZWU0LWI3ZDktNzAzNTkxZTRkNDBiXkEyXkFqcGc@._V1_SX300.jpg
7205,https://m.media-amazon.com/images/M/MV5BM2IzNTdhMDAtY2VjNi00MWY5LWEyYmEtYjJhZDEyNjk1YjljXkEyXkFqcGc@._V1_SX300.jpg
7206,https://m.media-amazon.com/images/M/MV5BZjdiZjAwMDUtNjBkMy00MGMzLWI4NTYtODJkNjk5OTQ3NTlkXkEyXkFqcGc@._V1_SX300.jpg
7208,https://m.media-amazon.com/images/M/MV5BZGRhYjM3NzYtNGJkZi00YjVkLTkxNTQtYTllZjMxOTIxZTQ3XkEyXkFqcGc@._V1_SX300.jpg
7209,https://m.media-amazon.com/images/M/MV5BN2YzMmY5ZTMtMjJiNC00NjI0LWI2YzMtNjBiZmJhYzk0NjU0XkEyXkFqcGc@._V1_SX300.jpg
7211,https://m.media-amazon.com/images/M/MV5BMTUyMjc2MWYtZjQyYS00NjFlLWI0ZTItMTU0ZTdhMmNlYzlkXkEyXkFqcGc@._V1_SX300.jpg
7212,https://m.media-amazon.com/images/M/MV5BOTZjZmMwMzItNDBiZC00NWY1LTliZGMtNjM5NTQyZGU3YzkxXkEyXkFqcGc@._V1_SX300.jpg
7215,https://m.media-amazon.com/images/M/MV5BZmJmNmI2NzctNDMzZi00NDI0LTkyZWQtNzczMGM5MGQ2MWEwXkEyXkFqcGc@._V1_SX300.jpg
7216,https://m.media-amazon.com/images/M/MV5BN2ZhZmY2MzctYjRlNy00ZTNjLTkxZWYtMmI3M2UzZjdjNmI5XkEyXkFqcGc@._V1_SX300.jpg
7217,https://m.media-amazon.com/images/M/MV5BZjBlYjcyYTktOTJkMy00YWRiLTg0YjgtNjQ1ZWU5ZGMxMTgzXkEyXkFqcGc@._V1_SX300.jpg
7218,https://m.media-amazon.com/images/M/MV5BZDQ2MGY2NmYtZmVmNy00ZmRiLWJjYWYtNzFhMzk4MzQ0MGQ2XkEyXkFqcGc@._V1_SX300.jpg
7219,https://m.media-amazon.com/images/M/MV5BMjExOTM1ZjMtOTZjZC00ODE1LTlhM2QtZGUwZmNhZDQzZmNhXkEyXkFqcGc@._V1_SX300.jpg
7222,https://m.media-amazon.com/images/M/MV5BNjhmYjVkN2QtODE0MS00MjlkLThjM2ItNWRiNjcxZDg5YmVjXkEyXkFqcGc@._V1_SX300.jpg
7223,https://m.media-amazon.com/images/M/MV5BNDFjMmJjNjQtMDk3MS00ZjVkLWI4ZTItZGEzYTY2NTVkNTQzXkEyXkFqcGc@._V1_SX300.jpg
7225,https://m.media-amazon.com/images/M/MV5BMzFkMDc5ZjYtMzg1My00ZDY3LThlMTYtZmQ3ZDY4YzJhZGY1XkEyXkFqcGc@._V1_SX300.jpg
7228,https://m.media-amazon.com/images/M/MV5BY2EyNWNkOGMtZDI5YS00ZmU1LTgyMTQtZDk4MTJjMGMyYTEwXkEyXkFqcGc@._V1_SX300.jpg
7234,https://m.media-amazon.com/images/M/MV5BODdhOWU0MzEtYzIxMS00ZmIxLWFkYzQtMjFhNTgzMjEyMGU4XkEyXkFqcGc@._V1_SX300.jpg
7235,https://m.media-amazon.com/images/M/MV5BMWZhMGExZGMtYThlMS00YjNjLTliN2MtNTg4N2ZiYjc5OTlmXkEyXkFqcGc@._V1_SX300.jpg
7236,https://m.media-amazon.com/images/M/MV5BN2U4YTE4MDItMDc0My00ZTc5LWI0MzktM2NjMDExNjNhMDI3XkEyXkFqcGc@._V1_SX300.jpg
7238,https://m.media-amazon.com/images/M/MV5BNjc4ZGEwMmItZGI3OS00Y2NiLWFlMDUtNmIwY2NhZGFmNjAxXkEyXkFqcGc@._V1_SX300.jpg
7243,https://m.media-amazon.com/images/M/MV5BMWU5NDUwYmItNzU5OC00ZGU2LTllNTEtYWQ4ZDdjZGFjOWJkXkEyXkFqcGc@._V1_SX300.jpg
7245,https://m.media-amazon.com/images/M/MV5BOTA5NjY5ZjAtNjNhOC00OWI2LWJlZTgtYTc4YTZmODZkYjE0XkEyXkFqcGc@._V1_SX300.jpg
7247,https://m.media-amazon.com/images/M/MV5BMzI2MTEwNTYtYWU1MS00NzkwLTk0MjktYjliNzdkYmQzYTEzXkEyXkFqcGc@._V1_SX300.jpg
7248,https://m.media-amazon.com/images/M/MV5BMTIwNzU2NDU2NF5BMl5BanBnXkFtZTcwNzk0MTAwMQ@@._V1_SX300.jpg
7251,https://m.media-amazon.com/images/M/MV5BNjUxNDliZGYtMGYzYS00OTNlLWFiYTUtMmYxMDk1MWYyMzcyXkEyXkFqcGc@._V1_SX300.jpg
7254,https://m.media-amazon.com/images/M/MV5BZDk0ZDJiODEtNWM2ZC00OWYxLWExN2YtNTFlNjI4NTVmZmZmXkEyXkFqcGc@._V1_SX300.jpg
7255,https://m.media-amazon.com/images/M/MV5BMTM0ODcyNjA4NF5BMl5BanBnXkFtZTcwMjM3NjQyMQ@@._V1_SX300.jpg
7256,https://m.media-amazon.com/images/M/MV5BMjExMzQ1NzMxOV5BMl5BanBnXkFtZTcwOTcyMDUyMQ@@._V1_SX300.jpg
7257,https://m.media-amazon.com/images/M/MV5BMTU5NDM5ODEyM15BMl5BanBnXkFtZTYwMTcyMTY3._V1_SX300.jpg
7258,https://m.media-amazon.com/images/M/MV5BMjg5NzU4NTQzNV5BMl5BanBnXkFtZTYwMDMzNjU3._V1_SX300.jpg
7259,https://m.media-amazon.com/images/M/MV5BMGQ3Y2ZjYmUtNTUxYy00MThhLTg1N2UtZTU2Yzg0NTA5ZDE5XkEyXkFqcGc@._V1_SX300.jpg
7260,https://m.media-amazon.com/images/M/MV5BMmY5NTM1YTgtMGExMC00MjAyLTk1ZTctOWNhMTUwZjM5OGE0XkEyXkFqcGc@._V1_SX300.jpg
7261,https://m.media-amazon.com/images/M/MV5BMTk4MTA2ODQ4MF5BMl5BanBnXkFtZTYwOTY1Njc3._V1_SX300.jpg
7262,https://m.media-amazon.com/images/M/MV5BMjI1NDE2ODc2NV5BMl5BanBnXkFtZTgwNTE3MDYyMDI@._V1_SX300.jpg
7263,https://m.media-amazon.com/images/M/MV5BMjEyOTk1OTcyNV5BMl5BanBnXkFtZTYwNjMzNDU3._V1_SX300.jpg
7264,https://m.media-amazon.com/images/M/MV5BYmM1MDMzNmItYjc1Yi00M2Y2LTkwNWItYmVkZDM5OTc3Mzc3XkEyXkFqcGc@._V1_SX300.jpg
7265,https://m.media-amazon.com/images/M/MV5BZmY0Y2YwZTgtZDE2Ny00ZmYzLWFhOTItNDFhZjhjMjAzNWVhXkEyXkFqcGc@._V1_SX300.jpg
7266,https://m.media-amazon.com/images/M/MV5BMjA3MDc3Mzk4OV5BMl5BanBnXkFtZTYwODM0MDg5._V1_SX300.jpg
7282,https://m.media-amazon.com/images/M/MV5BMTUwNjMyMTUzNF5BMl5BanBnXkFtZTcwMTk2MTUxMQ@@._V1_SX300.jpg
7285,https://m.media-amazon.com/images/M/MV5BOWVlOWU0NjgtOGY3Yi00MTI2LWEyNDgtNmJlNDRiM2Y2MzFhXkEyXkFqcGc@._V1_SX300.jpg
7292,https://m.media-amazon.com/images/M/MV5BZmY4NTgzYmQtNjQ2NS00YTIyLWE5MmYtOGEzMDY1OTg1YzM3XkEyXkFqcGc@._V1_SX300.jpg
7293,https://m.media-amazon.com/images/M/MV5BMjAwMzc4MDgxNF5BMl5BanBnXkFtZTYwNjUwMzE3._V1_SX300.jpg
7294,https://m.media-amazon.com/images/M/MV5BMTk1NzI1NTczM15BMl5BanBnXkFtZTYwMTYwMTk2._V1_SX300.jpg
7297,https://m.media-amazon.com/images/M/MV5BZTQyM2QxY2ItZmM1Zi00MGY4LWI0MmUtOGY5Y2Y5ZWQ0MTQ0XkEyXkFqcGc@._V1_SX300.jpg
7299,https://m.media-amazon.com/images/M/MV5BNzI0MzYyMDY4MV5BMl5BanBnXkFtZTcwNzA1MDUyMQ@@._V1_SX300.jpg
7301,https://m.media-amazon.com/images/M/MV5BMmEwNTc3NDgtNDMzNy00YmMzLWFkYzMtNzUyNWRhYjJhY2QyXkEyXkFqcGc@._V1_SX300.jpg
7302,https://m.media-amazon.com/images/M/MV5BZDg5YzZlZDgtMjdkNy00ZWFkLWE2ZmQtY2U4MDU2MWE2NGM2XkEyXkFqcGc@._V1_SX300.jpg
7303,https://m.media-amazon.com/images/M/MV5BNjVmYTIzM2UtNDY4Ny00MzJmLWJhODMtMDVmZGQ0NWI3ZDNhXkEyXkFqcGc@._V1_SX300.jpg
7304,https://m.media-amazon.com/images/M/MV5BOTA5Mzk5NWYtM2FlMi00YmRjLTgwMmQtY2ZkMmQ3NzBlYTlmXkEyXkFqcGc@._V1_SX300.jpg
7305,https://m.media-amazon.com/images/M/MV5BOTFjOGViZjYtOWE4Mi00NTQyLTkyOTMtNjFmMzhjZWM5NzQ3XkEyXkFqcGc@._V1_SX300.jpg
7306,https://m.media-amazon.com/images/M/MV5BMWM0NmM0MGQtZTk4NC00N2VmLWJiNmUtMDJjYzMwZmMzMDQxXkEyXkFqcGc@._V1_SX300.jpg
7307,https://m.media-amazon.com/images/M/MV5BMTU3NTQ1OTA4NF5BMl5BanBnXkFtZTcwNTM4NjczNA@@._V1_SX300.jpg
7308,https://m.media-amazon.com/images/M/MV5BZGFlZTllMjgtZWRlMC00MDY3LWFhODEtZGNiNTY3ZjE0YzdlXkEyXkFqcGc@._V1_SX300.jpg
7310,https://m.media-amazon.com/images/M/MV5BYTA4NDFlZmYtNTU4Mi00NDdiLTg2NTEtNDhlNjkxNWMxYzg5XkEyXkFqcGc@._V1_SX300.jpg
7311,https://m.media-amazon.com/images/M/MV5BZDVlMDM4M2QtNzZhZS00NWYwLTk1OTctYTUxZTgxNDkxMWI3XkEyXkFqcGc@._V1_SX300.jpg
7312,https://m.media-amazon.com/images/M/MV5BNTYwMzVlMDMtZDk4Mi00OWQyLTk2YTEtMzZkYjc4OTkyMzI4XkEyXkFqcGc@._V1_SX300.jpg
7315,https://m.media-amazon.com/images/M/MV5BMjY5MDBhYmEtYTZjYS00MzFiLWJlY2EtZTYyMzQxNGQ2MTBmXkEyXkFqcGc@._V1_SX300.jpg
7316,https://m.media-amazon.com/images/M/MV5BMTIzMDE0MDQ5Ml5BMl5BanBnXkFtZTcwNTUwMDUyMQ@@._V1_SX300.jpg
7317,https://m.media-amazon.com/images/M/MV5BYzgzNWMyYjgtYjFmNi00MDdmLTk4MjAtYzMxMjI3MWU2MzcxXkEyXkFqcGc@._V1_SX300.jpg
7318,https://m.media-amazon.com/images/M/MV5BNzMxY2Y4MzktMGNkNC00ODFjLWI3MGMtMzM2M2ExNmQxMGFmXkEyXkFqcGc@._V1_SX300.jpg
7319,https://m.media-amazon.com/images/M/MV5BMjExNDgxMjEwNl5BMl5BanBnXkFtZTcwMTYzNzQyMQ@@._V1_SX300.jpg
7320,https://m.media-amazon.com/images/M/MV5BMTAyMjUyNTk5MzNeQTJeQWpwZ15BbWU2MDI0NTYyNw@@._V1_SX300.jpg
7321,https://m.media-amazon.com/images/M/MV5BMGJhNjA5OTEtMjQ5OS00ZDZiLWE3M2MtM2E5NTQzYzE0ZTEyXkEyXkFqcGc@._V1_SX300.jpg
7323,https://m.media-amazon.com/images/M/MV5BMjhlNTY2YzUtOWIwYS00MjIwLThjZGUtMDNiNTQzZmM1MTdjXkEyXkFqcGc@._V1_SX300.jpg
7324,https://m.media-amazon.com/images/M/MV5BMTgyNjg5MjcxMl5BMl5BanBnXkFtZTcwNDQxMzQyMQ@@._V1_SX300.jpg
7325,https://m.media-amazon.com/images/M/MV5BYWMwZTUzODktMmYyNS00ZTYxLWIzYWMtMzMwMWEyMTRkNzJlXkEyXkFqcGc@._V1_SX300.jpg
7326,https://m.media-amazon.com/images/M/MV5BMTI3NTY5Mzk0N15BMl5BanBnXkFtZTcwOTA1MDUyMQ@@._V1_SX300.jpg
7327,https://m.media-amazon.com/images/M/MV5BYTRhNzkzMDktZDNlNi00MDIwLWFiNjAtNTlmYjZjYWZlMTEzXkEyXkFqcGc@._V1_SX300.jpg
7328,https://m.media-amazon.com/images/M/MV5BMWU1NTI5OTAtZjg4NC00ZDI3LTlmMjAtNWMzY2JlYjJlNDI0XkEyXkFqcGc@._V1_SX300.jpg
7333,https://m.media-amazon.com/images/M/MV5BOTdkNDQzMmItMTUwYS00NzQyLWI0OWEtZTc4YmFkNzlmZTlhXkEyXkFqcGc@._V1_SX300.jpg
7335,https://m.media-amazon.com/images/M/MV5BOTNlMjVlNTEtOGViNC00M2Q4LWJkOWUtYzBiMWYwYmQ4OGZjXkEyXkFqcGc@._V1_SX300.jpg
7336,https://m.media-amazon.com/images/M/MV5BZGVhZDhmZjAtYTg5MC00ODhlLWIyNjktOWJjOWY5ZDE0N2JiXkEyXkFqcGc@._V1_SX300.jpg
7340,https://m.media-amazon.com/images/M/MV5BNWY5MWZiZWMtOGZiYi00Yjk0LTlkMTQtODlhMDFlNzEwOWJmXkEyXkFqcGc@._V1_SX300.jpg
7344,https://m.media-amazon.com/images/M/MV5BZTBhMTcxNjYtZTY5MS00MTE1LWJiM2QtM2E0ZmU2Y2YyYmYyXkEyXkFqcGc@._V1_SX300.jpg
7345,https://m.media-amazon.com/images/M/MV5BMjE4NDg4MDgxNF5BMl5BanBnXkFtZTcwMTc3NTQyMQ@@._V1_SX300.jpg
7346,https://m.media-amazon.com/images/M/MV5BMTQ0ODIyMzE1N15BMl5BanBnXkFtZTcwODEwODczMw@@._V1_SX300.jpg
7347,https://m.media-amazon.com/images/M/MV5BZjI0ZDBiM2MtZDdhMy00ZWQzLWIwNjAtZDAyNmMxZWJhMzA4XkEyXkFqcGc@._V1_SX300.jpg
7348,https://m.media-amazon.com/images/M/MV5BMTI2NzcyMzIzM15BMl5BanBnXkFtZTYwNDU3NTQ3._V1_SX300.jpg
7349,https://m.media-amazon.com/images/M/MV5BMjJjZmU4ZTAtYjUzNy00YjMwLTgzZTktZWVjZjI5ZWQ5ZjM3XkEyXkFqcGc@._V1_SX300.jpg
7352,https://m.media-amazon.com/images/M/MV5BMTk0MjA0MTc2OF5BMl5BanBnXkFtZTcwNjg0MzUyMQ@@._V1_SX300.jpg
7354,https://m.media-amazon.com/images/M/MV5BNjQwZTFiZDYtYTg1Ny00YWVmLTgzNzctYzU0YmYzNjQ4ZTQ0XkEyXkFqcGc@._V1_SX300.jpg
7357,https://m.media-amazon.com/images/M/MV5BYTIxMWRiZDctZjVjMi00NGQ2LTlhOTUtOTAxNTZjZmNlNmQyXkEyXkFqcGc@._V1_SX300.jpg
7360,https://m.media-amazon.com/images/M/MV5BM2ZiYjNlMWYtNTc2My00ZTM4LWJhMjQtM2FlOWM0ZmE0Yjg1XkEyXkFqcGc@._V1_SX300.jpg
7361,https://m.media-amazon.com/images/M/MV5BMTY4NzcwODg3Nl5BMl5BanBnXkFtZTcwNTEwOTMyMw@@._V1_SX300.jpg
7362,https://m.media-amazon.com/images/M/MV5BMTA3NDMyNzI5NTdeQTJeQWpwZ15BbWU3MDQxNDEyMzM@._V1_SX300.jpg
7364,https://m.media-amazon.com/images/M/MV5BMTUyNjQzNzYyMF5BMl5BanBnXkFtZTcwNDg0MzUyMQ@@._V1_SX300.jpg
7366,https://m.media-amazon.com/images/M/MV5BNWQ0MmNiMTktMTRiNi00NzM3LThjYmQtYjE3YmNiNjg3NDI2XkEyXkFqcGc@._V1_SX300.jpg
7367,https://m.media-amazon.com/images/M/MV5BMTYwNjUxMTYzM15BMl5BanBnXkFtZTYwNjgwMjY3._V1_SX300.jpg
7368,https://m.media-amazon.com/images/M/MV5BMTQzMDE4MzM2NF5BMl5BanBnXkFtZTYwMDM1MDA3._V1_SX300.jpg
7369,https://m.media-amazon.com/images/M/MV5BMjEzNzk3NTE1Ml5BMl5BanBnXkFtZTYwODM1MTU3._V1_SX300.jpg
7371,https://m.media-amazon.com/images/M/MV5BMTkwNTg2MTI1NF5BMl5BanBnXkFtZTcwMDM1MzUyMQ@@._V1_SX300.jpg
7372,https://m.media-amazon.com/images/M/MV5BOGE4MzgxMzMtYzUzMy00N2M0LTlkNjItNzE2ZmQ5ZTc1NzVkXkEyXkFqcGc@._V1_SX300.jpg
7373,https://m.media-amazon.com/images/M/MV5BMWZhODhmZjktNmIzNC00NGRmLTkyMDEtODVmMzVmNGQwYWU0XkEyXkFqcGc@._V1_SX300.jpg
7375,https://m.media-amazon.com/images/M/MV5BZWQ4YTlkMTctNGQyYi00ZDYyLTg4MzItMmQ0MzJhYWQ3MTk2XkEyXkFqcGc@._V1_SX300.jpg
7376,https://m.media-amazon.com/images/M/MV5BMTM0MjYzNzM1N15BMl5BanBnXkFtZTcwMDcwNDc3NA@@._V1_SX300.jpg
7377,https://m.media-amazon.com/images/M/MV5BNjM1YmM2MzItYWJlYS00YjM4LThhZGItNWVlMGQ0OTdjZDE1XkEyXkFqcGc@._V1_SX300.jpg
7379,https://m.media-amazon.com/images/M/MV5BMTAzOTQ5Nzg4MzheQTJeQWpwZ15BbWU2MDQwODAxNw@@._V1_SX300.jpg
7380,https://m.media-amazon.com/images/M/MV5BMDhiYWE2YTQtYjgzNy00ZjlmLWFiZTctODBkNGIxZTJjOGNlXkEyXkFqcGc@._V1_SX300.jpg
7381,https://m.media-amazon.com/images/M/MV5BMTcwMDE5NDcwNl5BMl5BanBnXkFtZTcwMjg1MzUyMQ@@._V1_SX300.jpg
7382,https://m.media-amazon.com/images/M/MV5BOWM4NzYzZTctOTEzMS00OTY4LThlNmEtYzcwZDgzM2U3ODIzXkEyXkFqcGc@._V1_SX300.jpg
7386,https://m.media-amazon.com/images/M/MV5BMDRiZmNjZDAtN2I0Ny00YjIyLTk3NTUtODUyYTJlMTJhY2U0XkEyXkFqcGc@._V1_SX300.jpg
7387,https://m.media-amazon.com/images/M/MV5BYmVkMmU4ZjItY2FiYS00MmRhLWIzNmYtODMwODFmZGY4ZjNhXkEyXkFqcGc@._V1_SX300.jpg
7390,https://m.media-amazon.com/images/M/MV5BMTE4MTJlMTEtODRhNS00MWMyLTgzODYtMTMzYjBkZGI4MzRjXkEyXkFqcGc@._V1_SX300.jpg
7394,https://m.media-amazon.com/images/M/MV5BM2VmYmJiOTQtMTU1Mi00MTAyLTkyOTAtMmI4NjU1ODQ0MGNjXkEyXkFqcGc@._V1_SX300.jpg
7395,https://m.media-amazon.com/images/M/MV5BNjNiODVjYmUtZmJjNy00NTQ4LWFlYTItMDZiOTg5ZjdhZTJjXkEyXkFqcGc@._V1_SX300.jpg
7396,https://m.media-amazon.com/images/M/MV5BOGU4Mzg1ODMtMDBjOS00NzM3LTkzMjAtNGQ3MDY4YTVhNWY5XkEyXkFqcGc@._V1_SX300.jpg
7411,https://m.media-amazon.com/images/M/MV5BMDQyNDYzYTQtOTI5Yy00NTU3LTgzZDEtZTQxYjhhM2YzN2QzXkEyXkFqcGc@._V1_SX300.jpg
7414,https://m.media-amazon.com/images/M/MV5BYmI4NjlhZjgtMDFiNS00ZWM1LTk5NDEtYzYxNmYzYzRmZjQxXkEyXkFqcGc@._V1_SX300.jpg
7419,https://m.media-amazon.com/images/M/MV5BMTUxMjEzMzI2MV5BMl5BanBnXkFtZTgwNTU3ODAxMDE@._V1_SX300.jpg
7438,https://m.media-amazon.com/images/M/MV5BY2FiNzhiZTctNzU1Mi00NDkwLWExNDMtZTg0MjYyNzhkNWNkXkEyXkFqcGc@._V1_SX300.jpg
7439,https://m.media-amazon.com/images/M/MV5BMjI5NjcwMTQxMV5BMl5BanBnXkFtZTcwODg5ODkwNQ@@._V1_SX300.jpg
7440,https://m.media-amazon.com/images/M/MV5BNzZkYmJkM2YtZTllZi00OTQ3LTlkZGMtMWEyMDNhNzkzMzhjXkEyXkFqcGdeQXVyMTY5Nzc4MDY@._V1_SX300.jpg
7443,https://m.media-amazon.com/images/M/MV5BMTI4NDU0NTgxMl5BMl5BanBnXkFtZTcwOTg2MjcyMQ@@._V1_SX300.jpg
7444,https://m.media-amazon.com/images/M/MV5BMjE1NzI5NTkwMF5BMl5BanBnXkFtZTYwOTA4NzY2._V1_SX300.jpg
7445,https://m.media-amazon.com/images/M/MV5BMGMzNjg3ZDgtOGNlNy00NTdjLWI2NDEtMjI1MmEwMTBmMjMxXkEyXkFqcGc@._V1_SX300.jpg
7448,https://m.media-amazon.com/images/M/MV5BYjk3NjhjNTMtZmM5Mi00ODlhLThmZjAtYmNmZjUxY2EyMmZmXkEyXkFqcGc@._V1_SX300.jpg
7449,https://m.media-amazon.com/images/M/MV5BMTYzNzE3MTg5Ml5BMl5BanBnXkFtZTcwMTIxNDYwNQ@@._V1_SX300.jpg
7450,https://m.media-amazon.com/images/M/MV5BNmQ4MjFiYjktOTYzNy00MTdhLTkzNTktNDFkMThmMTdkMzEzXkEyXkFqcGc@._V1_SX300.jpg
7451,https://m.media-amazon.com/images/M/MV5BMjE1MDQ4MjI1OV5BMl5BanBnXkFtZTcwNzcwODAzMw@@._V1_SX300.jpg
7454,https://m.media-amazon.com/images/M/MV5BNDk3NTdlYzQtMjhiMy00MWJkLWFjNDctMzE4ZGEwZWExNGViXkEyXkFqcGc@._V1_SX300.jpg
7455,https://m.media-amazon.com/images/M/MV5BMDk3ZmQyZmEtN2Y5YS00NmMxLThhY2EtNGZlNThhNmJhZjg0XkEyXkFqcGc@._V1_SX300.jpg
7457,https://m.media-amazon.com/images/M/MV5BMTg5MjA2OTU4MV5BMl5BanBnXkFtZTYwMjI4NDY3._V1_SX300.jpg
7458,https://m.media-amazon.com/images/M/MV5BMTk5MzU1MDMwMF5BMl5BanBnXkFtZTcwNjczODMzMw@@._V1_SX300.jpg
7459,https://m.media-amazon.com/images/M/MV5BY2E3NzI1NGItNzVhNy00Njk5LTllZDMtNmExMDY3NzViZDY2XkEyXkFqcGc@._V1_SX300.jpg
7460,https://m.media-amazon.com/images/M/MV5BZGQ2MmE1ZDItOTk0Zi00ZDVlLTg4MzUtYTdlMTQyNmE3OTI2XkEyXkFqcGc@._V1_SX300.jpg
7477,https://m.media-amazon.com/images/M/MV5BY2U2M2RjODctY2QxZC00ZDYzLWIwMDYtMTg5YzhjYWRhZDMyXkEyXkFqcGc@._V1_SX300.jpg
7479,https://m.media-amazon.com/images/M/MV5BNTQwMWI4MjItNGZmNi00OTM5LThlNzktYTIzNDVmNThhMDUwXkEyXkFqcGc@._V1_SX300.jpg
7481,https://m.media-amazon.com/images/M/MV5BYjBjYzc3MTgtNTI2YS00YzNjLWEzM2YtMDQxYTU3YzE0OTkxXkEyXkFqcGc@._V1_SX300.jpg
7482,https://m.media-amazon.com/images/M/MV5BZDAyYjAwNmMtMjM5OC00NTc5LThmNjAtOTUxODQxOWYwOTE5XkEyXkFqcGc@._V1_SX300.jpg
7486,https://m.media-amazon.com/images/M/MV5BNzQ2YWYyMzUtMTAyZC00NDg1LWJjZmUtYWRjNzQxYzA4MWUwXkEyXkFqcGc@._V1_SX300.jpg
7487,https://m.media-amazon.com/images/M/MV5BNDUzNzQ1OTI3Ml5BMl5BanBnXkFtZTgwMjY5Mzk4NjE@._V1_SX300.jpg
7492,https://m.media-amazon.com/images/M/MV5BOTkyNGUxOWMtNmUyNy00ZDgxLTgyNjctNDVjNzBkMDQyZTUzXkEyXkFqcGc@._V1_SX300.jpg
7493,https://m.media-amazon.com/images/M/MV5BZmNiMDhlNzMtMDBmOS00Nzg4LTkzNzYtNDAzNTE1NGFhNmVkXkEyXkFqcGc@._V1_SX300.jpg
7541,https://m.media-amazon.com/images/M/MV5BMTA0MjA5MjM3NDFeQTJeQWpwZ15BbWU4MDMxODU4ODkx._V1_SX300.jpg
7560,https://m.media-amazon.com/images/M/MV5BMDFhNjQ3NjUtMDUwZS00ZjkzLTljYjMtYmMzNzZiYTc1NDdmXkEyXkFqcGc@._V1_SX300.jpg
7561,https://m.media-amazon.com/images/M/MV5BYjAxMDllODUtNmZhYi00ZTU4LTliMTItMDBiYmYyYjcwZDliXkEyXkFqcGc@._V1_SX300.jpg
7562,https://m.media-amazon.com/images/M/MV5BYzQwZDljMmMtYTk3Ny00OWYzLWI0OTItMWMzMTNjNTdhNWQ5XkEyXkFqcGc@._V1_SX300.jpg
7564,https://m.media-amazon.com/images/M/MV5BYTYwYmVkNzktMzA0My00NmYyLTg3ZjktYjFlMDVlNzEwN2I0XkEyXkFqcGc@._V1_SX300.jpg
7566,https://m.media-amazon.com/images/M/MV5BOTQxMmVjYzYtYmEyMi00ZjlmLWI1YTgtZTVkZTQ2MmY0MWFhXkEyXkFqcGc@._V1_SX300.jpg
7569,https://m.media-amazon.com/images/M/MV5BMjhlMjg3NDctN2QzNC00N2ViLWJjYjYtMzcyZDdlMmI1MmU4XkEyXkFqcGc@._V1_SX300.jpg
7570,https://m.media-amazon.com/images/M/MV5BOWZkNWVhMDItOTQwYy00ZDgwLTg3MGItMTcyOTk3OWZkMWIwXkEyXkFqcGc@._V1_SX300.jpg
7572,https://m.media-amazon.com/images/M/MV5BNjQ5ZGUzZDYtZTU0NS00M2VjLThlMWUtMDEzYTg0NmFmYTJhXkEyXkFqcGc@._V1_SX300.jpg
7573,https://m.media-amazon.com/images/M/MV5BM2ZkMzg5ZmQtYzhjMy00ZGM0LWJkNTgtZDMwMzljZGMyZDc0XkEyXkFqcGc@._V1_SX300.jpg
7579,https://m.media-amazon.com/images/M/MV5BNzc4Y2YzMjQtM2YwMS00NzU2LThkNmItZGZmMDMyZTVkYjdmXkEyXkFqcGc@._V1_SX300.jpg
7581,https://m.media-amazon.com/images/M/MV5BZTJlY2Y1ZjMtZDMzNy00OTBkLWJmYjYtZTYxYTM4NmRlOWUxXkEyXkFqcGc@._V1_SX300.jpg
7584,https://m.media-amazon.com/images/M/MV5BMzY5MDdlZjUtMWZjYS00NzY4LWJjZTEtNjMxOTgxYTYyZjY0XkEyXkFqcGc@._V1_SX300.jpg
7587,https://m.media-amazon.com/images/M/MV5BYjM2ZjhkNmUtZTNlMi00YTc1LThlN2MtZDc3NDIyZTk4OGIwXkEyXkFqcGc@._V1_SX300.jpg
7614,https://m.media-amazon.com/images/M/MV5BNjQ2NmE1YmItNjM0MS00OTA1LWE5NWItNWUwZThmOGMxMzA2XkEyXkFqcGc@._V1_SX300.jpg
7615,https://m.media-amazon.com/images/M/MV5BZTg3N2UwYmMtNmRjYi00NDEzLWIwYTctY2FmMTFiZDJmYTJlXkEyXkFqcGc@._V1_SX300.jpg
7616,https://m.media-amazon.com/images/M/MV5BYjhkM2Q4MWUtOGY1OC00MDgxLTgxYzMtMjdhOTdlNDUxYzlhXkEyXkFqcGc@._V1_SX300.jpg
7618,https://m.media-amazon.com/images/M/MV5BM2IyZmJiOTUtYTY4ZC00MDFiLWI4YTctYzAyOTVhNzJiZDJkXkEyXkFqcGc@._V1_SX300.jpg
7619,https://m.media-amazon.com/images/M/MV5BMTQzODc4MTE1MF5BMl5BanBnXkFtZTcwMjYyODI1NA@@._V1_SX300.jpg
7620,https://m.media-amazon.com/images/M/MV5BYThjMWQwY2QtYmRiMi00MjJiLWI2ODMtZDk5MmZjYTAxYTY3XkEyXkFqcGdeQXVyNjMwMjk0MTQ@._V1_SX300.jpg
7624,https://m.media-amazon.com/images/M/MV5BMmFiMGQxODktMGM2YS00NGRmLWJlMDItYTc0ZjIxMzJjMzM0XkEyXkFqcGc@._V1_SX300.jpg
7636,https://m.media-amazon.com/images/M/MV5BYzNmZWEwM2MtMjYzMC00NTUzLThjN2YtZGJjYmViZjUwMjYxXkEyXkFqcGc@._V1_SX300.jpg
7646,https://m.media-amazon.com/images/M/MV5BODg1ZGM4ZGItMTkwMi00YmMyLWFlMjEtMDgwMTFiMGMxYTFmXkEyXkFqcGc@._V1_SX300.jpg
7647,https://m.media-amazon.com/images/M/MV5BZjBkODJkMzEtZjkxZC00Y2VlLTg5NTgtZTg1MzgzNmM5ZDA1XkEyXkFqcGc@._V1_SX300.jpg
7649,https://m.media-amazon.com/images/M/MV5BMmJkNmEyYzAtMTMwOS00MmZkLThhOTQtY2VhNzYxNTI1MDQ1XkEyXkFqcGc@._V1_SX300.jpg
7650,https://m.media-amazon.com/images/M/MV5BZGQ2YjQwM2YtZjhlNi00YzMxLWIxNDItN2Y5NGUxNDlkZmZiXkEyXkFqcGc@._V1_SX300.jpg
7657,https://m.media-amazon.com/images/M/MV5BMzAxZWU0MWYtYmE4Ny00MWY3LWE3MTQtY2Q4ZDFiMWE2N2U1XkEyXkFqcGc@._V1_SX300.jpg
7669,https://m.media-amazon.com/images/M/MV5BYzNkMjRmZGMtODg1Ni00MjIxLWI4MTYtOGEwM2YyMmZiMjUzXkEyXkFqcGc@._V1_SX300.jpg
7698,https://m.media-amazon.com/images/M/MV5BYjg5OTc5ODEtYjI0Yy00OGE3LWJhMzMtMmM1M2MyYmIwZTNmXkEyXkFqcGc@._V1_SX300.jpg
7700,https://m.media-amazon.com/images/M/MV5BMDdhOGMwODQtZGM2MS00NGQxLWEyZDMtOTkzMjFjYjI3ZmM2XkEyXkFqcGc@._V1_SX300.jpg
7701,https://m.media-amazon.com/images/M/MV5BZjBkZWViODktNGNhMy00MmJjLWE0ZDUtNDcwOWMzMTFjZDU5XkEyXkFqcGc@._V1_SX300.jpg
7702,https://m.media-amazon.com/images/M/MV5BYzBkYzQ3ZjgtMTE5Mi00MzY0LTg2NGItZWU2YzFjNWMxMzZkXkEyXkFqcGc@._V1_SX300.jpg
7704,https://m.media-amazon.com/images/M/MV5BMjdhODFhMTUtMjZmNS00ODY1LWI5ZTAtM2NlYTllYWYwYzQ4XkEyXkFqcGc@._V1_SX300.jpg
7705,https://m.media-amazon.com/images/M/MV5BODEzNGM2OGMtMzhlNC00YzRlLWI3ZTMtYmMxOGRlY2UxOTc5XkEyXkFqcGc@._V1_SX300.jpg
7706,https://m.media-amazon.com/images/M/MV5BM2E2YmUyNTktM2Q3Yy00M2ViLWJlNzAtMjEwZDgzZTI0YzI1XkEyXkFqcGc@._V1_SX300.jpg
7707,https://m.media-amazon.com/images/M/MV5BYTYxMGQxN2QtZThhMy00ODY5LTk1NjQtN2Y5NzI5YWY2NDU1XkEyXkFqcGc@._V1_SX300.jpg
7708,https://m.media-amazon.com/images/M/MV5BZTUxOTA4YWEtOGFjMC00ZmRjLWE0NTUtMWU3MWE5ZTM3MmQ5XkEyXkFqcGc@._V1_SX300.jpg
7713,https://m.media-amazon.com/images/M/MV5BNDMzMjc3NmQtNjhjYS00Y2MyLWE4NTUtODVmYTU2Y2JjMGU4XkEyXkFqcGc@._V1_SX300.jpg
7714,https://m.media-amazon.com/images/M/MV5BZjQ4NTkwNDEtZGFjMy00M2FmLTk0NjUtMjM2MjNkYTEwOTFmXkEyXkFqcGc@._V1_SX300.jpg
7716,https://m.media-amazon.com/images/M/MV5BM2FmMDU1NGYtYjY2NC00YzMzLTk0MzktMzgzNjZmOGYwZWI1XkEyXkFqcGc@._V1_SX300.jpg
7720,https://m.media-amazon.com/images/M/MV5BOGNhNDRlODMtYzhkZS00OTQyLWIyMGUtN2M2Nzk1OTdkZmE3XkEyXkFqcGc@._V1_SX300.jpg
7727,https://m.media-amazon.com/images/M/MV5BMjFhYWRiYTEtZDIyMC00ZmJhLTkzOWEtYzg1Y2E5YjU1MDM4XkEyXkFqcGc@._V1_SX300.jpg
7728,https://m.media-amazon.com/images/M/MV5BYzJmNjVlMTQtYWIyYy00NDc0LWI0NjAtNTJjYTAxMDE2ZWYyXkEyXkFqcGc@._V1_SX300.jpg
7730,https://m.media-amazon.com/images/M/MV5BZGE5NzBmMDEtZjI0YS00MThkLTgyMjgtZjJjMzM4ZmYwY2EwXkEyXkFqcGc@._V1_SX300.jpg
7742,https://m.media-amazon.com/images/M/MV5BZDZmYWU1NGYtMzY5Yi00MmI0LWE2NDEtYTExNWYzNjAyYTNiXkEyXkFqcGc@._V1_SX300.jpg
7743,https://m.media-amazon.com/images/M/MV5BMzhkMmViYjQtMDNmYy00MTM0LWJjNDQtMmI4Yzc5MjgxNThjXkEyXkFqcGc@._V1_SX300.jpg
7745,https://m.media-amazon.com/images/M/MV5BOGQ1ODBmMzQtNTg3ZC00N2ZjLTk1MGEtYzgwNzYwZjdhNTFjXkEyXkFqcGc@._V1_SX300.jpg
7748,https://m.media-amazon.com/images/M/MV5BMTQ0OTc4MDcxMl5BMl5BanBnXkFtZTgwNjIzMjA0NzE@._V1_SX300.jpg
7749,https://m.media-amazon.com/images/M/MV5BYWUwZjVjOTYtYTVlNy00MzM4LTkyMjktNDdkZDM5ODQwYjU0XkEyXkFqcGc@._V1_SX300.jpg
7753,https://m.media-amazon.com/images/M/MV5BMTczMTE0MjQ2MF5BMl5BanBnXkFtZTcwNTQ1MDQyMQ@@._V1_SX300.jpg
7756,https://m.media-amazon.com/images/M/MV5BNjI4YWY4MGEtMGM3OS00YTI0LTk2N2UtMmFkZDMwZDBjNDEwXkEyXkFqcGc@._V1_SX300.jpg
7757,https://m.media-amazon.com/images/M/MV5BY2YzZmFhNDgtOTE0MS00NTA1LTgzZDYtMGZiZWJiNTQxMGM3XkEyXkFqcGc@._V1_SX300.jpg
7762,https://m.media-amazon.com/images/M/MV5BYTVjMTBmMGEtYjYwMy00YzhkLThmMGMtNDgyMWNmOWRiMzExXkEyXkFqcGc@._V1_SX300.jpg
7766,https://m.media-amazon.com/images/M/MV5BYTdlYjFlZTAtMTA5Yy00Y2UzLWI0ZjEtYWI2Njk0NTI4OGZlXkEyXkFqcGc@._V1_SX300.jpg
7767,https://m.media-amazon.com/images/M/MV5BYzcxMTE2YjUtMzIyMy00NDNjLWE3ZWYtODQzYmNhNDVhNDZmXkEyXkFqcGc@._V1_SX300.jpg
7772,https://m.media-amazon.com/images/M/MV5BYTU3ZTViNjMtNTI2ZS00NDNkLThlMDYtODUwZjdjZGY5NzJmXkEyXkFqcGdeQXVyMjUxODE0MDY@._V1_SX300.jpg
7773,https://m.media-amazon.com/images/M/MV5BOTE2ZDBiMmMtZmQ0MC00MTExLWI2YjUtNWY3M2YzYTg5YjYyXkEyXkFqcGc@._V1_SX300.jpg
7781,https://m.media-amazon.com/images/M/MV5BYTBhNzdiNjgtMzBmZS00MzhkLTlkODktMjNlN2FkZDkzZDIzXkEyXkFqcGc@._V1_SX300.jpg
7782,https://m.media-amazon.com/images/M/MV5BMWE1Y2M0OTAtMDkzMy00Zjk0LTgwYjYtZjExNjVmZjQ3NmE5XkEyXkFqcGc@._V1_SX300.jpg
7786,https://m.media-amazon.com/images/M/MV5BZTkyNmU2MmEtMmNkNC00NzY4LWIwMDEtMjc0MGVmYmFiZDJkXkEyXkFqcGdeQXVyNjMwMjk0MTQ@._V1_SX300.jpg
7789,https://m.media-amazon.com/images/M/MV5BMTBlNzI3MjgtODJlMC00YmRiLWIyNjUtYzQyY2Y5MDFhNWYwXkEyXkFqcGc@._V1_SX300.jpg
7792,https://m.media-amazon.com/images/M/MV5BZTk0ODI4MjctNmY5Mi00ZTFhLTgxMTQtNWIyN2YwODE3ZGYxXkEyXkFqcGc@._V1_SX300.jpg
7802,https://m.media-amazon.com/images/M/MV5BYjAzNTNlMTgtYzdlYi00NGViLWIwNzUtNjc3MDg1ZTAxNjc3XkEyXkFqcGc@._V1_SX300.jpg
7810,https://m.media-amazon.com/images/M/MV5BYjg5ODQ3YTgtMDgyOC00OWY0LTk5YWEtYjFkODEzNjg0Yzc0XkEyXkFqcGc@._V1_SX300.jpg
7811,https://m.media-amazon.com/images/M/MV5BMTcxMTYwNTAzM15BMl5BanBnXkFtZTcwMjc0ODAyMQ@@._V1_SX300.jpg
7812,https://m.media-amazon.com/images/M/MV5BMTIwODAxNTM2MV5BMl5BanBnXkFtZTYwNjY4NDE5._V1_SX300.jpg
7815,https://m.media-amazon.com/images/M/MV5BMTdhNmU3ODYtY2IwOS00MDkwLWJkNjMtMjMwYTkzYzlkZTMyXkEyXkFqcGc@._V1_SX300.jpg
7820,https://m.media-amazon.com/images/M/MV5BZWM2NzYyOGItZTU1Ni00MWY1LTlkZTMtZmI4MzZlYjdjNzc5XkEyXkFqcGc@._V1_SX300.jpg
7822,https://m.media-amazon.com/images/M/MV5BMWViMTliMjItOTBmMy00YzIwLWJjZWEtYzNmY2RlZGRiOGNlXkEyXkFqcGc@._V1_SX300.jpg
7826,https://m.media-amazon.com/images/M/MV5BMTQzOTUwNjk3NV5BMl5BanBnXkFtZTgwODk0MDgyMTE@._V1_SX300.jpg
7831,https://m.media-amazon.com/images/M/MV5BMjA1Mjc5NDA1NF5BMl5BanBnXkFtZTgwNjg5ODgwMzE@._V1_SX300.jpg
7832,https://m.media-amazon.com/images/M/MV5BMjkzOWEzYTgtYzIxNC00OTA0LWI2YzQtOWNmMTM1ZmQ5N2YwXkEyXkFqcGc@._V1_SX300.jpg
7833,https://m.media-amazon.com/images/M/MV5BODUwYzA0NTktNDRjOS00MWIxLTg4OTktZGZlMzFlZjc1NGZkXkEyXkFqcGc@._V1_SX300.jpg
7834,https://m.media-amazon.com/images/M/MV5BNGYwMzUwOTEtMzEzMy00NjZmLWEzMjEtNWI2M2E5YTM1MjU5XkEyXkFqcGc@._V1_SX300.jpg
7835,https://m.media-amazon.com/images/M/MV5BMzFkZjNkNDMtNWY4YS00OTQyLTk0NGUtZWM1ZWQwMmU0NmU1XkEyXkFqcGc@._V1_SX300.jpg
7839,https://m.media-amazon.com/images/M/MV5BZmM5MTQ1MTMtYTNiZS00OWE3LWIyMGItNzViZmQwZjI3YzUzXkEyXkFqcGdeQXVyMjgxMTkzOQ@@._V1_SX300.jpg
7840,https://m.media-amazon.com/images/M/MV5BNjI5OGViOTMtN2EwMy00N2ExLWI5YWYtMjgxOWVkNDM2MTZiXkEyXkFqcGc@._V1_SX300.jpg
7841,https://m.media-amazon.com/images/M/MV5BMTI3ODIwMTQ5OF5BMl5BanBnXkFtZTYwNTkwNDk5._V1_SX300.jpg
7842,https://m.media-amazon.com/images/M/MV5BMTU4MjMyMTkxN15BMl5BanBnXkFtZTYwODA5OTU5._V1_SX300.jpg
7843,https://m.media-amazon.com/images/M/MV5BMTI3Mzk0MDIxMF5BMl5BanBnXkFtZTcwMTUxNTQyMQ@@._V1_SX300.jpg
7844,https://m.media-amazon.com/images/M/MV5BMWZiMzFhODUtYmZhNi00ZTc4LThkZjktNjIwNjJkMjJkZTAxXkEyXkFqcGc@._V1_SX300.jpg
7845,https://m.media-amazon.com/images/M/MV5BNWI0MjY1NjgtYzI0MS00Yzg4LWIyNzgtZmY4YmJmOTNjYTg4XkEyXkFqcGdeQXVyMTQxNzMzNDI@._V1_SX300.jpg
7846,https://m.media-amazon.com/images/M/MV5BZjg2MjNlMWEtZjMwZS00ZDc4LTkxNGQtOGRlMGI2ZDA5ZDRkXkEyXkFqcGdeQXVyMTQxNzMzNDI@._V1_SX300.jpg
7879,https://m.media-amazon.com/images/M/MV5BMTk1OTQ4OTA3NV5BMl5BanBnXkFtZTcwOTQyNTEyMQ@@._V1_SX300.jpg
7882,https://m.media-amazon.com/images/M/MV5BMTM2ODQzMGQtOWQ2Ny00NjU3LWI0ZGItNjI5NmI2YWFlY2U0XkEyXkFqcGc@._V1_SX300.jpg
7883,https://m.media-amazon.com/images/M/MV5BMmU3Mjg1ZTMtOTMwMi00ZGQzLTk4ZGItYzMxMTI4MGU2NDNjXkEyXkFqcGc@._V1_SX300.jpg
7884,https://m.media-amazon.com/images/M/MV5BMjk1ZmU0NWMtYmVlMC00OTEzLThlZTItNTQ4MjA3YTIyMzNjXkEyXkFqcGc@._V1_SX300.jpg
7888,https://m.media-amazon.com/images/M/MV5BMTc3MDI1ODIwNV5BMl5BanBnXkFtZTcwNjk0ODE0NA@@._V1_SX300.jpg
7889,https://m.media-amazon.com/images/M/MV5BYTRkZWQyMGEtOGMzZi00MWE0LTgyNGEtM2IyYzMxYzY0MzVjXkEyXkFqcGc@._V1_SX300.jpg
7891,https://m.media-amazon.com/images/M/MV5BNmYzYWQxNmQtMDg0ZS00MTQyLTk3YmEtNzA2NTQwMTJkYmZlXkEyXkFqcGc@._V1_SX300.jpg
7894,https://m.media-amazon.com/images/M/MV5BNzA5YjI3ZGMtY2IxMC00ZTFiLWJjNDgtMGRmNWVlOTgwOTc2XkEyXkFqcGc@._V1_SX300.jpg
7895,https://m.media-amazon.com/images/M/MV5BZTc5MTQ4YTAtOTI2Yi00ZWRkLWFhYjItMTg3MTliMGY5YWZjXkEyXkFqcGc@._V1_SX300.jpg
7896,https://m.media-amazon.com/images/M/MV5BNDlhNzFjMTItZTM3My00NzQ2LWJiNmItYTFlZGRlMjlhZDQyXkEyXkFqcGc@._V1_SX300.jpg
7899,https://m.media-amazon.com/images/M/MV5BMTcwNjYxMDU2MV5BMl5BanBnXkFtZTgwNDAwMDM4ODE@._V1_SX300.jpg
7900,https://m.media-amazon.com/images/M/MV5BM2Y2OWFiZTctODhhMi00MWI3LTgxNTItMDliNDJmZWNiOGJhXkEyXkFqcGc@._V1_SX300.jpg
7916,https://m.media-amazon.com/images/M/MV5BNWJhNzc0NWQtZGU2ZS00ZmQ5LWIxNzctMzExODlhNzQwZmRkXkEyXkFqcGc@._V1_SX300.jpg
7920,https://m.media-amazon.com/images/M/MV5BZmVkNWUxN2UtOWEwMi00OTQ0LWIxNTktMTUyYWMzM2FhNzlmXkEyXkFqcGc@._V1_SX300.jpg
7924,https://m.media-amazon.com/images/M/MV5BNTgxNmMyY2QtOWY1NC00Njg2LTk2YTAtYTkyMzIyZDhmY2U3XkEyXkFqcGc@._V1_SX300.jpg
7925,https://m.media-amazon.com/images/M/MV5BMTUzMzI1OTU2OV5BMl5BanBnXkFtZTgwNjAwOTQyNjE@._V1_SX300.jpg
7926,https://m.media-amazon.com/images/M/MV5BMGJiNzllYjktODAzNS00OGUzLTlmY2MtMjA2ZTZhYTY1OTc4XkEyXkFqcGc@._V1_SX300.jpg
7930,https://m.media-amazon.com/images/M/MV5BMTc0MjgyOGEtNjM5ZS00MDM4LWJlNDEtN2JmNDY2NjRiZmY1XkEyXkFqcGc@._V1_SX300.jpg
7932,https://m.media-amazon.com/images/M/MV5BYjQxYTM3MmItNDJjYy00NWFlLWE3MjgtYmUxZGUyZjNhNGI4XkEyXkFqcGc@._V1_SX300.jpg
7934,https://m.media-amazon.com/images/M/MV5BMDJiYzNhZjUtNTRmMS00ZjA1LWFmNjUtZjgwYWY2NGYxYzg3XkEyXkFqcGc@._V1_SX300.jpg
7936,https://m.media-amazon.com/images/M/MV5BY2ZkYTU2YzAtODE0Zi00MjRkLTlhN2MtMDhkMWI4NjllMDgzXkEyXkFqcGc@._V1_SX300.jpg
7937,https://m.media-amazon.com/images/M/MV5BMThjMDQ2YTMtZjdmNy00NmI2LTliY2EtMTcxM2RjM2JjOGZmXkEyXkFqcGc@._V1_SX300.jpg
7938,https://m.media-amazon.com/images/M/MV5BYzY2OWYwYzgtNzVkOS00ZTdjLTg5NWUtYTY0YzdiYmM4NTlmXkEyXkFqcGc@._V1_SX300.jpg
7939,https://m.media-amazon.com/images/M/MV5BMThmYzA0MjEtOTU1Yi00YTk4LThlNjEtN2MwZThiOGIxNWViXkEyXkFqcGc@._V1_SX300.jpg
7940,https://m.media-amazon.com/images/M/MV5BNmZmNWMzNmQtZDBmMi00NTEwLThiMTUtMGQwNjFlMTc2ZTZhXkEyXkFqcGc@._V1_SX300.jpg
7943,https://m.media-amazon.com/images/M/MV5BMTIzNzIzMmEtNzFiNi00YTkzLWJlMWQtMGQ1OTFkYmE0YmY3XkEyXkFqcGc@._V1_SX300.jpg
7944,https://m.media-amazon.com/images/M/MV5BYzljNzFjMWYtZTNjMi00ZWVhLWFkYmItY2QxODNjY2VjZjBiXkEyXkFqcGc@._V1_SX300.jpg
7951,https://m.media-amazon.com/images/M/MV5BZGEzYWQxNjgtYjMzNC00NzA3LWE1NzctYjZkOTZmOGEwNDFhXkEyXkFqcGc@._V1_SX300.jpg
7976,https://m.media-amazon.com/images/M/MV5BYTFjZjEyNDMtNDc5MC00ZWFkLWExYjUtM2QxMGQ5YTY2MmY3XkEyXkFqcGc@._V1_SX300.jpg
7979,https://m.media-amazon.com/images/M/MV5BMzQyY2NmNDAtNjc3YS00ZDA4LTg5NzktMTRiNDhjZDZiYzY0XkEyXkFqcGc@._V1_SX300.jpg
7980,https://m.media-amazon.com/images/M/MV5BODg5MDQ5OTAtNzU3NC00YjBjLTkzM2MtNDdiOGMwOTJiYWI1XkEyXkFqcGc@._V1_SX300.jpg
7981,https://m.media-amazon.com/images/M/MV5BNWZjNDdiOWUtZDI0Ni00YmY1LTk4MmYtM2Y0YTY3ZTc3OWFiXkEyXkFqcGc@._V1_SX300.jpg
7982,https://m.media-amazon.com/images/M/MV5BNzc2M2U0ZWUtNDZkZi00YjE3LWE4YTItM2IwMWQ5ZTIyYmMyXkEyXkFqcGc@._V1_SX300.jpg
7983,https://m.media-amazon.com/images/M/MV5BMTkwMDQ4MjMwNF5BMl5BanBnXkFtZTcwNTM4OTYwNA@@._V1_SX300.jpg
7984,https://m.media-amazon.com/images/M/MV5BNThkYjI1MDUtMWY1Ny00ZTIwLTk2NDktMDllYzMwYjVkNzEyXkEyXkFqcGc@._V1_SX300.jpg
7986,https://m.media-amazon.com/images/M/MV5BMDE3ZWYzYjAtZGM3NC00ZDFjLWJhNGItYTExZmVkMTliOTBkXkEyXkFqcGc@._V1_SX300.jpg
7987,https://m.media-amazon.com/images/M/MV5BNzg3YmRiYjQtZmZlMS00MjkwLTkyZTktOTA2NDA1ZDJlYzYyXkEyXkFqcGc@._V1_SX300.jpg
7988,https://m.media-amazon.com/images/M/MV5BYTdiNGMwYmItZTEwNS00MmM3LTgyNDAtMDU2NTRhNWJhZTcxXkEyXkFqcGc@._V1_SX300.jpg
7991,https://m.media-amazon.com/images/M/MV5BNzMzYjg0NTUtZDc5Yy00ZmEyLWIzNjctZmRkOWE1OTViZjRhXkEyXkFqcGc@._V1_SX300.jpg
7993,https://m.media-amazon.com/images/M/MV5BNDA4NTI0ZDAtYTNiMS00MDE3LTk4ZDgtNGQyNGQ0Y2M4OWM1XkEyXkFqcGc@._V1_SX300.jpg
8008,https://m.media-amazon.com/images/M/MV5BMjZmOTU5ODAtZTZkMi00ODZkLTgxNGEtZTViYzFmNzAxYTU4XkEyXkFqcGc@._V1_SX300.jpg
8010,https://m.media-amazon.com/images/M/MV5BYzgzZTZkNTAtNjVmYi00MzJkLTkzN2UtYjkyOGU4OWJjYzFhXkEyXkFqcGc@._V1_SX300.jpg
8011,https://m.media-amazon.com/images/M/MV5BZGQzZDc3YTItODMwZS00NTY1LWE0MzAtZWM0NTg1OWVlMDllXkEyXkFqcGc@._V1_SX300.jpg
8012,https://m.media-amazon.com/images/M/MV5BZDU1YTg5OWEtNTRkNy00ZWQ2LWI4M2ItZWE1OGFhZmM0M2ExXkEyXkFqcGc@._V1_SX300.jpg
8014,https://m.media-amazon.com/images/M/MV5BMTI0ODMwOTIxOV5BMl5BanBnXkFtZTcwMzE2NDUyMQ@@._V1_SX300.jpg
8015,https://m.media-amazon.com/images/M/MV5BMDAwNTk3OTItMWViYi00NmU4LThlMTAtNzM1ZDNlNzlmZWFmXkEyXkFqcGc@._V1_SX300.jpg
8016,https://m.media-amazon.com/images/M/MV5BNmM5MzAzYTYtZjA5My00YmM4LTgzMTUtYWVkMWYxN2YzOTk5XkEyXkFqcGc@._V1_SX300.jpg
8019,https://m.media-amazon.com/images/M/MV5BNmU1OWJkZmYtNDg3My00YzQxLWFhMmQtMzkyOWMxNjVjZDVjXkEyXkFqcGc@._V1_SX300.jpg
8024,https://m.media-amazon.com/images/M/MV5BM2YwMzBmZjctZjc5OS00NGU5LTkyYTYtYTlmYjhhYmMzMDA5XkEyXkFqcGc@._V1_SX300.jpg
8025,https://m.media-amazon.com/images/M/MV5BMGJmNmVlZTUtNmU0OC00MTJiLWFjNTQtMzViYjUxNDkyYmZhXkEyXkFqcGc@._V1_SX300.jpg
8033,https://m.media-amazon.com/images/M/MV5BYWNmZDg4NDctNzYyNi00NjU1LWE3M2YtNmRkMjhmZGZiNmIxXkEyXkFqcGc@._V1_SX300.jpg
8035,https://m.media-amazon.com/images/M/MV5BZTQ5NjVlMDItNGE4Mi00YzJhLTljMDMtMjBjMDVlNmJhYjE2XkEyXkFqcGc@._V1_SX300.jpg
8042,https://m.media-amazon.com/images/M/MV5BMWRlNDdiYWUtYjE1Zi00OWRhLWJiYTYtZWQ0NWFkYzc0NWMxXkEyXkFqcGc@._V1_SX300.jpg
8043,https://m.media-amazon.com/images/M/MV5BY2NlYmQ4MTgtNjQ4My00MmQ0LTlkYzItMDgxYzcwNDBmNjYwXkEyXkFqcGc@._V1_SX300.jpg
8044,https://m.media-amazon.com/images/M/MV5BM2M2MTE4NTMtYTM3Mi00ODMwLTg2MjctMjNiMmQ0ZTA4N2M3XkEyXkFqcGc@._V1_SX300.jpg
8045,https://m.media-amazon.com/images/M/MV5BN2ZkYzdiODAtODUzZC00YjRhLWFhZWEtOTY3ZjllMGJiNTQwXkEyXkFqcGc@._V1_SX300.jpg
8057,https://m.media-amazon.com/images/M/MV5BYzNjNzFlY2ItNDcwNy00MDUyLThkMWUtMGQyOTY3OTlmYWMxXkEyXkFqcGc@._V1_SX300.jpg
8092,https://m.media-amazon.com/images/M/MV5BZTAxMjBkYzgtNmVhMy00NGVmLTliNjMtMmE0MWE3NzMwY2IxXkEyXkFqcGc@._V1_SX300.jpg
8093,https://m.media-amazon.com/images/M/MV5BMWQ2NjA3ZTYtNGY5Yi00NzY4LTkzZmEtOWJhYzYwNzY5YzBkXkEyXkFqcGc@._V1_SX300.jpg
8094,https://m.media-amazon.com/images/M/MV5BYjAwMDRkNmYtZTMwNy00Y2NiLTgwNTYtZDljZDRlMjA5NTBlXkEyXkFqcGc@._V1_SX300.jpg
8117,https://m.media-amazon.com/images/M/MV5BMTM3Yjc2ODMtZGFiOC00YjQ3LTk3YmItODI4NDRlYWQxNDhjXkEyXkFqcGc@._V1_SX300.jpg
8118,https://m.media-amazon.com/images/M/MV5BMmM4NjNkOWEtOTQ2Yi00YzIxLTkxN2EtYWUwNGJhNGM4YzYzXkEyXkFqcGc@._V1_SX300.jpg
8119,https://m.media-amazon.com/images/M/MV5BYzIwNDEzNWUtNzg4Mi00ZTZiLWJhODItNjdlMTBkMzhiMjk0XkEyXkFqcGc@._V1_SX300.jpg
8121,https://m.media-amazon.com/images/M/MV5BYTc1OGExZjgtOGIzNC00NjMzLTliYmItYjhjYzY1ZjZlNmNhXkEyXkFqcGc@._V1_SX300.jpg
8125,https://m.media-amazon.com/images/M/MV5BYTk4N2UyZjAtZGMxNy00MjE4LWEyNzUtYWQzNjFjNzQxOTI0XkEyXkFqcGc@._V1_SX300.jpg
8126,https://m.media-amazon.com/images/M/MV5BYWQ3NDE3NDQtZGVlYS00YTljLTk3YzktOGRlMWU0MjZiOTMwXkEyXkFqcGc@._V1_SX300.jpg
8128,https://m.media-amazon.com/images/M/MV5BY2Y5NGViM2UtOTlhNi00NjBlLTg4YzgtZGQ4YWEyZTA3OWQwXkEyXkFqcGc@._V1_SX300.jpg
8131,https://m.media-amazon.com/images/M/MV5BMTMzMDMzNjI5MV5BMl5BanBnXkFtZTcwMDYxNTAzMQ@@._V1_SX300.jpg
8132,https://m.media-amazon.com/images/M/MV5BMDQwYjgzYTgtMDBhNi00ZmZiLTg4NTQtMGRiZDA2ODE5NjBlXkEyXkFqcGc@._V1_SX300.jpg
8136,https://m.media-amazon.com/images/M/MV5BNzI1NzNmYzEtNjE3Zi00ZThmLWEyMTItYTQ4NzQ1OTkyMjU4XkEyXkFqcGdeQXVyMTQ2MjQyNDc@._V1_SX300.jpg
8137,https://m.media-amazon.com/images/M/MV5BNGFiZTU4YjYtOGU1ZS00MjQyLWI1NDktZTY1NDU0OTBiMGFlXkEyXkFqcGc@._V1_SX300.jpg
8138,https://m.media-amazon.com/images/M/MV5BOWRlZTA1MDYtN2YyYS00YmFkLTkxMjAtMWYyZjFiOWIxM2ExXkEyXkFqcGc@._V1_SX300.jpg
8142,https://m.media-amazon.com/images/M/MV5BYjkxMTgzMDUtYTIwNi00MjU3LTlmNjEtZTE0MTQ2NWFkNWNmXkEyXkFqcGc@._V1_SX300.jpg
8143,https://m.media-amazon.com/images/M/MV5BMGMxZGNjY2YtY2JmOC00YWY1LTk3YzctYTEwYmQ3MWJiYzFiXkEyXkFqcGc@._V1_SX300.jpg
8147,https://m.media-amazon.com/images/M/MV5BYTI3MzFkMTQtZmZkOS00OWU2LTg3YTAtOWUwMDdiMWFlOGRlXkEyXkFqcGc@._V1_SX300.jpg
8153,https://m.media-amazon.com/images/M/MV5BZDk0ZWY2ZGUtODFiNy00MWIxLTgwYTctNTJlMzk2ZTdkMmNkXkEyXkFqcGc@._V1_SX300.jpg
8154,https://m.media-amazon.com/images/M/MV5BZTMwMzZiM2QtNzVmNi00MWYzLTk0NWItYmFkMDA5MGViMWFhXkEyXkFqcGc@._V1_SX300.jpg
8157,https://m.media-amazon.com/images/M/MV5BMzE0NWM3NzctNmE3MS00OTBmLWJiNGEtYTU0N2ZjYzQyNjZiXkEyXkFqcGc@._V1_SX300.jpg
8158,https://m.media-amazon.com/images/M/MV5BNjgzMzcyZDgtYWY5Zi00NDI4LWI5OWUtNzYzNTZiODE1ZWI1XkEyXkFqcGc@._V1_SX300.jpg
8167,https://m.media-amazon.com/images/M/MV5BMjMwNDc1MzMyNV5BMl5BanBnXkFtZTgwODUzMjU1MzE@._V1_SX300.jpg
8169,https://m.media-amazon.com/images/M/MV5BZmJjNTc1ZWItNTEzYS00YTE4LTg0MmItZjExM2ExODRhMDlkXkEyXkFqcGc@._V1_SX300.jpg
8183,https://m.media-amazon.com/images/M/MV5BYjE3MzZlM2ItMjVmOC00MDY3LWJlYzUtM2M5OGMzN2UzZGIxXkEyXkFqcGc@._V1_SX300.jpg
8188,https://m.media-amazon.com/images/M/MV5BODAxZDk2YjctYTE0Ny00MzBjLWJlOWEtNjhkMWQ2NmU4ZTY3XkEyXkFqcGc@._V1_SX300.jpg
8189,https://m.media-amazon.com/images/M/MV5BNmFhYjNiNjYtZmNjYy00NTdjLTk2MDItYzdlMTVjMDgxOWYxXkEyXkFqcGc@._V1_SX300.jpg
8190,https://m.media-amazon.com/images/M/MV5BMDRmNmVhZWItOWJjMS00MjUzLWI5NmUtZGU0Zjk0NmNjZTc3XkEyXkFqcGc@._V1_SX300.jpg
8191,https://m.media-amazon.com/images/M/MV5BYTQ0Njg2YWItNzNlZC00NzU3LWI0MmYtMGMxNjFlYmFkOTIxXkEyXkFqcGc@._V1_SX300.jpg
8195,https://m.media-amazon.com/images/M/MV5BMWExNWNkZTUtZjYzNi00NTAyLTk3YzAtNzcxNTRmZDExZTljXkEyXkFqcGc@._V1_SX300.jpg
8196,https://m.media-amazon.com/images/M/MV5BMjIyNzdiZWQtYmM3MS00YWJkLWI0ZGMtMzg1NTFmZjNkZmMwXkEyXkFqcGc@._V1_SX300.jpg
8197,https://m.media-amazon.com/images/M/MV5BMzY2NTA1MzUwN15BMl5BanBnXkFtZTgwOTc4NTU4MjE@._V1_SX300.jpg
8199,https://m.media-amazon.com/images/M/MV5BZjk2NmRiMWItOTNlOS00OTgyLWE4NWItZGM0Mjk1YmE5ZTg4XkEyXkFqcGc@._V1_SX300.jpg
8207,https://m.media-amazon.com/images/M/MV5BYzlmNDQ2YmUtOWZiYi00MDA1LTljOWEtNjYxNGI3ZDMzOThiXkEyXkFqcGc@._V1_SX300.jpg
8225,https://m.media-amazon.com/images/M/MV5BNmZkNDg2NmMtYTliMy00MjNlLTg1MzUtZDBjMzc3NjI0M2Q4XkEyXkFqcGc@._V1_SX300.jpg
8228,https://m.media-amazon.com/images/M/MV5BODBjNjQ2N2MtOTFhOS00NjNlLTkyYjktYjU1ZTFmNzZkMDY4XkEyXkFqcGc@._V1_SX300.jpg
8232,https://m.media-amazon.com/images/M/MV5BNzJiYjhiMGUtODBjYy00MjliLTgyNWUtNmNiYzM5NDNkMjQ4XkEyXkFqcGc@._V1_SX300.jpg
8235,https://m.media-amazon.com/images/M/MV5BMjkyOTg2MzE1MV5BMl5BanBnXkFtZTgwMDUzODYwMjE@._V1_SX300.jpg
8236,https://m.media-amazon.com/images/M/MV5BMDQwZTM1NTctNzcyMy00ZWYwLTgwZmMtNjMzN2QxMGI1MDNiXkEyXkFqcGc@._V1_SX300.jpg
8238,https://m.media-amazon.com/images/M/MV5BZDIyNWQ3ZmEtZjQwMS00OGM5LWI4ZjItNDhiZjRlOTcwMGY2XkEyXkFqcGc@._V1_SX300.jpg
8239,https://m.media-amazon.com/images/M/MV5BYjlkMWI3NjEtZmE3NC00OWFjLWFkY2YtZTA1NWE4N2MzNTNmXkEyXkFqcGc@._V1_SX300.jpg
8241,https://m.media-amazon.com/images/M/MV5BODYzMTczMGUtNjcyMy00MDU3LWE2NTQtZTk5MmQzYjhkNDdmXkEyXkFqcGc@._V1_SX300.jpg
8253,https://m.media-amazon.com/images/M/MV5BYjQwZWNkMTYtYTU2Ny00YzgyLTljYTMtNjc0MjRkNWY5NDM4XkEyXkFqcGc@._V1_SX300.jpg
8254,https://m.media-amazon.com/images/M/MV5BZTE2N2JiYjUtZTQzMS00YjFjLTg4M2QtNzlkYTE2ZTdlNTA5XkEyXkFqcGc@._V1_SX300.jpg
8261,https://m.media-amazon.com/images/M/MV5BY2E0ZWFiZGQtOGM5Mi00MmNkLWEyYjctN2JjMjczOGFkYjY3XkEyXkFqcGc@._V1_SX300.jpg
8264,https://m.media-amazon.com/images/M/MV5BN2M0NzAwOGItYjRkNy00YjU5LTk1M2EtNTdhOWI1NDY1NmU5XkEyXkFqcGc@._V1_SX300.jpg
8266,https://m.media-amazon.com/images/M/MV5BNDI3YzhiMmItNWUwOC00NjQ2LTliMTItMGFjOTJhZTc4MDcyXkEyXkFqcGc@._V1_SX300.jpg
8268,https://m.media-amazon.com/images/M/MV5BYzMzMTZjOTctNWNhMC00ZjM3LTk2ZGItNTEzOWM0NTE4MzM4XkEyXkFqcGc@._V1_SX300.jpg
8270,https://m.media-amazon.com/images/M/MV5BYTc5Y2UyZjctMWY5NC00ZjFhLWJkNzMtZmY1NGM2OTBhZjRjXkEyXkFqcGc@._V1_SX300.jpg
8275,https://m.media-amazon.com/images/M/MV5BMzU1NmExNWItZDc1OS00NTc4LTg1NzctNGQ3NDYwYzBmMjIwXkEyXkFqcGc@._V1_SX300.jpg
8290,https://m.media-amazon.com/images/M/MV5BMjQxOTBjYzYtN2U5MS00MWQ3LWEyMmMtYWM3YzI4MjExNjhkXkEyXkFqcGdeQXVyMjI4MjA5MzA@._V1_SX300.jpg
8293,https://m.media-amazon.com/images/M/MV5BMjM2MDM0MTEtYTJlNS00ZGI3LWEzMmItYTZlYmU3OWJjZjQ4XkEyXkFqcGc@._V1_SX300.jpg
8302,https://m.media-amazon.com/images/M/MV5BZTRkNzMyZTQtMzlhZS00YzQ1LTg1NmYtNWRlNWY1M2Y0NThmXkEyXkFqcGc@._V1_SX300.jpg
8327,https://m.media-amazon.com/images/M/MV5BZjhlMGQ0MTQtMzU4Mi00NDAzLWJiNWUtYjdhMzk1OTMyN2FhXkEyXkFqcGc@._V1_SX300.jpg
8331,https://m.media-amazon.com/images/M/MV5BY2JkZWQ0NzctMTAxYi00MGU5LTkxNWQtNjU5MDFiNTAzMmJlXkEyXkFqcGc@._V1_SX300.jpg
8335,https://m.media-amazon.com/images/M/MV5BMmQxODg3OTctODBhZi00NjdkLWFmNWEtMTkyMTlkNWQzMjk1XkEyXkFqcGc@._V1_SX300.jpg
8336,https://m.media-amazon.com/images/M/MV5BMGVhMGM2MjctOTZmMC00ZDU4LWE4Y2QtNWYzYjg2Yjg5MTc2XkEyXkFqcGc@._V1_SX300.jpg
8337,https://m.media-amazon.com/images/M/MV5BMTQ4ODg4NzA3OV5BMl5BanBnXkFtZTgwMDcwODI5MjE@._V1_SX300.jpg
8338,https://m.media-amazon.com/images/M/MV5BMjRmMTQyNDEtNWM4Zi00ZTMwLTlkOGUtZTdmZDU0NTNiZTQ0XkEyXkFqcGc@._V1_SX300.jpg
8340,https://m.media-amazon.com/images/M/MV5BNWQyMzEwYzctMzYzZC00ZGM0LWIyZDQtZmJjYWE3OTYxNDA5XkEyXkFqcGc@._V1_SX300.jpg
8341,https://m.media-amazon.com/images/M/MV5BMjU3NTI1Y2MtZmM5YS00NmQ0LWIyMTQtYTJmMjNkZWIyYjIyXkEyXkFqcGc@._V1_SX300.jpg
8360,https://m.media-amazon.com/images/M/MV5BMzNmNjQ1NmUtNzhiZS00YWE2LTg4N2ItZTA2ODdmOTMwOTQ1XkEyXkFqcGc@._V1_SX300.jpg
8361,https://m.media-amazon.com/images/M/MV5BOGZmNDYyNmMtNDQyNy00OTkzLTg1OGUtYWJiNmQ5Y2Q5ZGU3XkEyXkFqcGc@._V1_SX300.jpg
8362,https://m.media-amazon.com/images/M/MV5BMjA5NjEwMTQ0NV5BMl5BanBnXkFtZTYwOTM2MjY2._V1_SX300.jpg
8363,https://m.media-amazon.com/images/M/MV5BMTc5NDcxNjg5N15BMl5BanBnXkFtZTcwMDIyNzczMw@@._V1_SX300.jpg
8364,https://m.media-amazon.com/images/M/MV5BZDNiOTNlNDEtODlkOC00YWM3LWEwNTAtODkxOGY5MTM5ODkxXkEyXkFqcGc@._V1_SX300.jpg
8366,https://m.media-amazon.com/images/M/MV5BMTQ1ODM1ODU1N15BMl5BanBnXkFtZTcwMjI5MzA3NA@@._V1_SX300.jpg
8368,https://m.media-amazon.com/images/M/MV5BMTY4NTIwODg0N15BMl5BanBnXkFtZTcwOTc0MjEzMw@@._V1_SX300.jpg
8369,https://m.media-amazon.com/images/M/MV5BY2EzNGRhYjktOTFkYy00NDdlLTk3NDAtYzFhNzBkZmRhYmE1XkEyXkFqcGc@._V1_SX300.jpg
8370,https://m.media-amazon.com/images/M/MV5BYzY4MjFhNTgtNmMxYi00M2IzLWIyN2YtMTc2MWEwMzAxNzkwXkEyXkFqcGc@._V1_SX300.jpg
8371,https://m.media-amazon.com/images/M/MV5BNjJkZGI1MTktNmNiMS00NTE5LTkyY2EtZjkyMDZjMzdhZTJjXkEyXkFqcGc@._V1_SX300.jpg
8372,https://m.media-amazon.com/images/M/MV5BMTIzMTc1OTUxOV5BMl5BanBnXkFtZTYwNTMxODc3._V1_SX300.jpg
8373,https://m.media-amazon.com/images/M/MV5BMjEzNTM4ODM1OF5BMl5BanBnXkFtZTcwNjg4NzAzMw@@._V1_SX300.jpg
8375,https://m.media-amazon.com/images/M/MV5BMWRhOWNlMTktZmVkMS00MDViLTkwZmEtZWM2MTRlOWE0OWU4XkEyXkFqcGc@._V1_SX300.jpg
8376,https://m.media-amazon.com/images/M/MV5BNjYwNTA3MDIyMl5BMl5BanBnXkFtZTYwMjIxNjA3._V1_SX300.jpg
8378,https://m.media-amazon.com/images/M/MV5BOTEwYWFlNTYtMjJkMC00NjE3LWI0OGYtMWI3MWRkMTNiZmVmXkEyXkFqcGc@._V1_SX300.jpg
8379,https://m.media-amazon.com/images/M/MV5BNmJhMmE3OGUtODJlNS00NWVhLWJiMTgtZmEyOGM2Nzg2MWE4XkEyXkFqcGc@._V1_SX300.jpg
8380,https://m.media-amazon.com/images/M/MV5BZmY1NjZjNGItOTQwNi00M2I5LWE2NjItY2JiYmEwMWZhNjEyXkEyXkFqcGc@._V1_SX300.jpg
8382,https://m.media-amazon.com/images/M/MV5BNDljODVmZGYtZWZkNS00NmFmLTk1OGMtNGU4YmFjNDYxZDk2XkEyXkFqcGdeQXVyNzc5MjA3OA@@._V1_SX300.jpg
8383,https://m.media-amazon.com/images/M/MV5BMTM2NTc0NTQwNV5BMl5BanBnXkFtZTYwODk3Njk5._V1_SX300.jpg
8385,https://m.media-amazon.com/images/M/MV5BODk1MTFlZTMtY2Y3NS00ZmUyLTgzNTMtYWYwNTY3NjQ4ZGFiXkEyXkFqcGc@._V1_SX300.jpg
8387,https://m.media-amazon.com/images/M/MV5BODQzNGYyNmUtYjk3NC00MDIwLWEyZDQtMjI0Mzk5YjZmMGQ3XkEyXkFqcGc@._V1_SX300.jpg
8391,https://m.media-amazon.com/images/M/MV5BNjAyODk5OTItNmZiZC00ZmI3LWE5MzctNGZhNTM4MTk3MDA3XkEyXkFqcGc@._V1_SX300.jpg
8402,https://m.media-amazon.com/images/M/MV5BNmJlNWM5NGQtZGYwNS00MzZlLWJmMjgtYWI5NWQwODEyODE0XkEyXkFqcGdeQXVyNzMwOTY2NTI@._V1_SX300.jpg
8405,https://m.media-amazon.com/images/M/MV5BZjhkMDEwMDUtZGExNC00MDZiLWI5MGEtYzRiMTMzZjQxYmM0XkEyXkFqcGc@._V1_SX300.jpg
8410,https://m.media-amazon.com/images/M/MV5BZTRlOTM5ZjMtOTA4Yy00MGI4LWE4NmMtZjBlNmIyMzI0MGIzXkEyXkFqcGc@._V1_SX300.jpg
8424,https://m.media-amazon.com/images/M/MV5BNzgyODFiMDUtNjMxMS00OWU0LWJiODgtY2JmZmJjNGYzMDQxXkEyXkFqcGc@._V1_SX300.jpg
8425,https://m.media-amazon.com/images/M/MV5BMGNmOGU0NmUtZGNkZS00ZTMxLThlMTQtMGE2ODBjNWY3OGEyXkEyXkFqcGdeQXVyNjExODE1MDc@._V1_SX300.jpg
8426,https://m.media-amazon.com/images/M/MV5BZDc0NTIzZDUtYmRmYS00NGU3LTk3ZDEtNzQ1M2YwN2M2MDg5XkEyXkFqcGdeQXVyNTAyODkwOQ@@._V1_SX300.jpg
8427,https://m.media-amazon.com/images/M/MV5BZGRmMjZhNjMtNWUzMi00MTk4LTk2MjktODVlYzA2ZTY0NmRiXkEyXkFqcGc@._V1_SX300.jpg
8446,https://m.media-amazon.com/images/M/MV5BNTg5ZGI1YjUtYzUwMS00YTE0LThkNGEtMmNhZWYwOTY5MDRjXkEyXkFqcGc@._V1_SX300.jpg
8447,https://m.media-amazon.com/images/M/MV5BNWZmMWNjNGYtZmJlZC00ZWU5LWI5YWYtZDY3ZjA3ODFiZjZiXkEyXkFqcGc@._V1_SX300.jpg
8450,https://m.media-amazon.com/images/M/MV5BYWY1NWEwY2UtOTg1ZS00MjVkLWJhZGMtZDc4YjQ2OGI2Yzc5XkEyXkFqcGc@._V1_SX300.jpg
8451,https://m.media-amazon.com/images/M/MV5BNWM2ZDQ5YWItZWJlNC00M2RkLWEwNjktNjFhMzM4MWNjMzIwXkEyXkFqcGc@._V1_SX300.jpg
8454,https://m.media-amazon.com/images/M/MV5BYTdhNGU4M2EtOGMyYi00MDU1LTgwMDYtNzU0ZDg4NTBmZjYyXkEyXkFqcGc@._V1_SX300.jpg
8456,https://m.media-amazon.com/images/M/MV5BMjUxODFlZmQtNDcwYi00NGEwLTkwODUtMjg3YjA2YjUwZTcyXkEyXkFqcGc@._V1_SX300.jpg
8458,https://m.media-amazon.com/images/M/MV5BNjA4YTRiMjAtYzM2My00MzQ2LWI0NTEtMGI0Yjc0ZjZlYjg3XkEyXkFqcGc@._V1_SX300.jpg
8459,https://m.media-amazon.com/images/M/MV5BOGIyNWUyOGEtNDJmYS00NTE0LTkzMDgtMTkyMDU2Zjg3NzcyXkEyXkFqcGc@._V1_SX300.jpg
8461,https://m.media-amazon.com/images/M/MV5BZDE1NzZlMTYtM2E5Ni00M2JkLWIxOTktOTAxNDEzZWMxMDAxXkEyXkFqcGc@._V1_SX300.jpg
8462,https://m.media-amazon.com/images/M/MV5BZGY1Yzk0N2MtMmZlYS00OGIyLWFiODAtYTNmYzkzYzczYzhhXkEyXkFqcGc@._V1_SX300.jpg
8463,https://m.media-amazon.com/images/M/MV5BOTg2MGZkZTYtY2U3MC00MjI1LWE0ZDItNDlhMjE2ZjcwNDIzXkEyXkFqcGc@._V1_SX300.jpg
8464,https://m.media-amazon.com/images/M/MV5BMTYyOTk4MjIxOF5BMl5BanBnXkFtZTcwMzk1NTUyMQ@@._V1_SX300.jpg
8465,https://m.media-amazon.com/images/M/MV5BZTlmZGUyYjItYzM0YS00ODEyLThlNTUtZTE5OWQ0MjFkMDIyXkEyXkFqcGc@._V1_SX300.jpg
8477,https://m.media-amazon.com/images/M/MV5BYjg2Yzk3M2ItY2NlOS00MzhjLWE2NGUtN2Y1MmYxZWE3MGE1XkEyXkFqcGc@._V1_SX300.jpg
8481,https://m.media-amazon.com/images/M/MV5BMGNmZjQ1Y2ItMGVkOS00MGMzLTg1YjgtZDYxOTk4ZWZmMDYxXkEyXkFqcGc@._V1_SX300.jpg
8482,https://m.media-amazon.com/images/M/MV5BYjE0NjNhODQtNTc5OS00NzVhLWI4NDUtOTdiYzY0ZTIyNzg2XkEyXkFqcGc@._V1_SX300.jpg
8484,https://m.media-amazon.com/images/M/MV5BMTQ1MDA4MDczMV5BMl5BanBnXkFtZTgwMTM3NTU3MzE@._V1_SX300.jpg
8487,https://m.media-amazon.com/images/M/MV5BZjkyMzhlZDktYTRmMy00Mzk1LWI3NzYtMzVkZjdlOTIxMzE4XkEyXkFqcGc@._V1_SX300.jpg
8491,https://m.media-amazon.com/images/M/MV5BYzYxN2Y2MzAtOGM4Zi00N2Y2LWEwMGItMzE1NTM4M2VmYTk4XkEyXkFqcGc@._V1_SX300.jpg
8492,https://m.media-amazon.com/images/M/MV5BNTlmMzgzNTctOWY0ZS00M2Q2LTk5NjYtM2ZiNTFjZTBjYzM0XkEyXkFqcGc@._V1_SX300.jpg
8493,https://m.media-amazon.com/images/M/MV5BNjQ3MzVlNzQtMDkyZi00ZDI2LTg5NTQtZmYwOGRhZDU1YWFkXkEyXkFqcGc@._V1_SX300.jpg
8494,https://m.media-amazon.com/images/M/MV5BOWFmNmIwMzYtN2I3NS00ZDAzLWEzYjctNDU4YzJiODg1MjdmXkEyXkFqcGc@._V1_SX300.jpg
8495,https://m.media-amazon.com/images/M/MV5BN2RiNzk3ODItYzIxYi00MzFmLWE5MDMtZTRlMDA2YTI2Mjk4XkEyXkFqcGc@._V1_SX300.jpg
8500,https://m.media-amazon.com/images/M/MV5BZGUzNmIxMmQtZDZlNS00ZTcyLWI1NjQtNzkzMjVkMTgwZDZkXkEyXkFqcGc@._V1_SX300.jpg
8501,https://m.media-amazon.com/images/M/MV5BMTk0ZmM5YTAtNGE3OC00YjI2LTg4MzItODUyYzhkMjMxODA5XkEyXkFqcGc@._V1_SX300.jpg
8502,https://m.media-amazon.com/images/M/MV5BNmMyMjE1NzAtM2Q0OS00NTY5LTlmYzEtODY0MTQ3OTQzYTNlXkEyXkFqcGc@._V1_SX300.jpg
8506,https://m.media-amazon.com/images/M/MV5BNTEyMTBmMTAtZDUxMi00YmJmLThiZWItNDViMWE2ZTE1YjA1XkEyXkFqcGc@._V1_SX300.jpg
8507,https://m.media-amazon.com/images/M/MV5BMDM1ODExZmItYjc2MS00MTM4LWIxMGItOWI0OWM0MzI3N2Q1XkEyXkFqcGc@._V1_SX300.jpg
8511,https://m.media-amazon.com/images/M/MV5BYTIwMGVmNTAtOGMxMC00ZTYzLWI1ZTQtZGIzZDhiM2MxZDdkXkEyXkFqcGc@._V1_SX300.jpg
8512,https://m.media-amazon.com/images/M/MV5BNDMxMzcwOTYtOTA2MS00YTI2LTljMmUtMzU0MGM4MmNmZWUzXkEyXkFqcGc@._V1_SX300.jpg
8518,https://m.media-amazon.com/images/M/MV5BMTUyNDA5MTY0M15BMl5BanBnXkFtZTgwMzA1NDIwMjE@._V1_SX300.jpg
8521,https://m.media-amazon.com/images/M/MV5BY2RlMTY4ZGItM2ViMC00ZjYzLWE5ZTMtNGY1M2I0NGFjYTlkXkEyXkFqcGc@._V1_SX300.jpg
8526,https://m.media-amazon.com/images/M/MV5BMjIwNDk0NzUtNTZlOC00OGNiLWI0ODgtYWNhYzU4MzEwMjRiXkEyXkFqcGc@._V1_SX300.jpg
8528,https://m.media-amazon.com/images/M/MV5BMTIwMzE2MjM4MV5BMl5BanBnXkFtZTYwNjA1OTY3._V1_SX300.jpg
8529,https://m.media-amazon.com/images/M/MV5BMTU1Mzg0ZTctNWNkNi00Mzk3LTgzY2ItYWY2MTczYzI3MWRiXkEyXkFqcGc@._V1_SX300.jpg
8530,https://m.media-amazon.com/images/M/MV5BZDQ5MDI1YWMtNmRiMy00ODY1LTllOGMtMjdmOGM0Mjg2YzEwXkEyXkFqcGc@._V1_SX300.jpg
8531,https://m.media-amazon.com/images/M/MV5BMTY3OTg2OTM3OV5BMl5BanBnXkFtZTYwNzY5OTA3._V1_SX300.jpg
8532,https://m.media-amazon.com/images/M/MV5BMTYyNTIxODA1M15BMl5BanBnXkFtZTYwMzY1NjY3._V1_SX300.jpg
8533,https://m.media-amazon.com/images/M/MV5BZjE0ZjgzMzYtMTAxYi00NGMzLThmZDktNzFlMzA2MWRmYWQ0XkEyXkFqcGc@._V1_SX300.jpg
8534,https://m.media-amazon.com/images/M/MV5BNTMzOTA3NDcxMl5BMl5BanBnXkFtZTcwMTY5NDUyMQ@@._V1_SX300.jpg
8535,https://m.media-amazon.com/images/M/MV5BMjIyODgwODIyNF5BMl5BanBnXkFtZTcwMTkzMTczMw@@._V1_SX300.jpg
8542,https://m.media-amazon.com/images/M/MV5BMTkxMzVhNDktOGJhOS00YjEyLThlNjctYjIwODQ1M2UyNzNiXkEyXkFqcGc@._V1_SX300.jpg
8571,https://m.media-amazon.com/images/M/MV5BNDE3MDdmMTAtNWRhOC00NzI0LThhOTQtZjQxN2RjOTQ3ZjQ1XkEyXkFqcGc@._V1_SX300.jpg
8574,https://m.media-amazon.com/images/M/MV5BMTI0MTAzMDUxM15BMl5BanBnXkFtZTcwMzgzMzEyMQ@@._V1_SX300.jpg
8575,https://m.media-amazon.com/images/M/MV5BOWYwMWE4ZGEtODM2MS00NmJiLWE4ZDAtYjgzY2Y0NGVjZDBmXkEyXkFqcGc@._V1_SX300.jpg
8577,https://m.media-amazon.com/images/M/MV5BODIxYjNmNDgtNDJhNy00MTBlLTk2NWEtMWZjYzQ0YmIwNDY0XkEyXkFqcGc@._V1_SX300.jpg
8578,https://m.media-amazon.com/images/M/MV5BMTQ0MDM3NDU2MF5BMl5BanBnXkFtZTcwOTQxMTkyMQ@@._V1_SX300.jpg
8580,https://m.media-amazon.com/images/M/MV5BMTI3NTQ5NDg4OV5BMl5BanBnXkFtZTcwMTY0MTkyMQ@@._V1_SX300.jpg
8581,https://m.media-amazon.com/images/M/MV5BNDc2NTE0NzE4N15BMl5BanBnXkFtZTgwMDQ5MzgwMzE@._V1_SX300.jpg
8582,https://m.media-amazon.com/images/M/MV5BMTI2NDY5Nzc3NF5BMl5BanBnXkFtZTYwNjEyNTQ5._V1_SX300.jpg
8587,https://m.media-amazon.com/images/M/MV5BMTM1MTkzODg3MF5BMl5BanBnXkFtZTYwNTE4ODc3._V1_SX300.jpg
8588,https://m.media-amazon.com/images/M/MV5BYjlmMWU5ZTQtODlmOC00YTA1LWI5YWYtYjU0NGI1ZTc0NjBhXkEyXkFqcGc@._V1_SX300.jpg
8591,https://m.media-amazon.com/images/M/MV5BNjM0MmFiZGQtNjU4ZS00NWQwLTliZDEtZThjNjljNmI1MTIzXkEyXkFqcGc@._V1_SX300.jpg
8593,https://m.media-amazon.com/images/M/MV5BNDJiZmYzOGQtYzcyMS00MWY1LTlkYjAtMDE0ZTE2ZDYyNTJkXkEyXkFqcGc@._V1_SX300.jpg
8596,https://m.media-amazon.com/images/M/MV5BZTljNmI0NTEtMTdhOC00N2ZjLTllMDItZWEyOTAxNzFkM2I3XkEyXkFqcGc@._V1_SX300.jpg
8600,https://m.media-amazon.com/images/M/MV5BNTkzZjA5NDctNWYzMS00ZTM1LTkwMzItNWZkMDEzYTBjN2VjXkEyXkFqcGc@._V1_SX300.jpg
8601,https://m.media-amazon.com/images/M/MV5BNDNiM2E5MjctOTM0NC00ZmJkLWIyMmYtNzE3MTIwM2I0Y2I2XkEyXkFqcGc@._V1_SX300.jpg
8604,https://m.media-amazon.com/images/M/MV5BZTlkM2EzOTAtMTgzZi00NDEyLWJjOGItYWJiYTE2NmRlODMwXkEyXkFqcGc@._V1_SX300.jpg
8605,https://m.media-amazon.com/images/M/MV5BNzdjODU5ODQtZjkzOC00MTNiLWFhZjQtNDcyZmI1MmM2Yzg2XkEyXkFqcGc@._V1_SX300.jpg
8607,https://m.media-amazon.com/images/M/MV5BNmEzNDcwYzQtMzM0Zi00YWYxLTkzOWEtY2Y0ZTJiNDVjM2NkXkEyXkFqcGc@._V1_SX300.jpg
8609,https://m.media-amazon.com/images/M/MV5BNDY2MjRmZWQtZTRmYS00YjA2LTg0ZTgtYzBjODJiNTFkMTc4XkEyXkFqcGc@._V1_SX300.jpg
8610,https://m.media-amazon.com/images/M/MV5BZDliNjAxOTgtOWNlMy00NWRlLTg5YzQtN2FjZTZjZmVhMjkzXkEyXkFqcGc@._V1_SX300.jpg
8611,https://m.media-amazon.com/images/M/MV5BZGFhZTllZmMtZTZjOS00NTY1LTg3NjAtOGViMzBhMThmZjQ5XkEyXkFqcGc@._V1_SX300.jpg
8614,https://m.media-amazon.com/images/M/MV5BMjIzMjMxOTgzM15BMl5BanBnXkFtZTcwMTAwODM2NA@@._V1_SX300.jpg
8617,https://m.media-amazon.com/images/M/MV5BNzEzNjJmOWItODEzZC00NmFiLTgyMzQtNTJhNDk1ZDAzZTJiXkEyXkFqcGc@._V1_SX300.jpg
8620,https://m.media-amazon.com/images/M/MV5BZTk0YjNmMjEtMjZjOC00MDNhLTg2NzUtMmFlYzY0YWJkMzA2XkEyXkFqcGc@._V1_SX300.jpg
8622,https://m.media-amazon.com/images/M/MV5BMjAyODU1NzM0NF5BMl5BanBnXkFtZTcwNjI1MjYyMQ@@._V1_SX300.jpg
8623,https://m.media-amazon.com/images/M/MV5BZDkyMzFhYjktYWE5My00YTVhLWE1NjEtZWMyNzliMDMzYzJhXkEyXkFqcGc@._V1_SX300.jpg
8626,https://m.media-amazon.com/images/M/MV5BNzJiMTllZjQtNjAwOC00YzhlLWIzOTktYjE2NTQ5ZTA2YWU1XkEyXkFqcGc@._V1_SX300.jpg
8632,https://m.media-amazon.com/images/M/MV5BMTI0OTUzMTgwNV5BMl5BanBnXkFtZTcwOTM1ODAwMQ@@._V1_SX300.jpg
8633,https://m.media-amazon.com/images/M/MV5BYzQ0ZjJlZjEtOWFjOC00ZThmLWJkY2UtNjNlZGJjMzU4MWVkXkEyXkFqcGc@._V1_SX300.jpg
8636,https://m.media-amazon.com/images/M/MV5BNGQ0YTQyYTgtNWI2YS00NTE2LWJmNDItNTFlMTUwNmFlZTM0XkEyXkFqcGc@._V1_SX300.jpg
8638,https://m.media-amazon.com/images/M/MV5BMTQ1MjAwNTM5Ml5BMl5BanBnXkFtZTYwNDM0MTc3._V1_SX300.jpg
8640,https://m.media-amazon.com/images/M/MV5BMTk4MTk1NjI0OV5BMl5BanBnXkFtZTcwNDQxOTUyMQ@@._V1_SX300.jpg
8641,https://m.media-amazon.com/images/M/MV5BMTQ2MzYwMzk5Ml5BMl5BanBnXkFtZTcwOTI4NzUyMw@@._V1_SX300.jpg
8643,https://m.media-amazon.com/images/M/MV5BMTA1NDI0OTkwNDNeQTJeQWpwZ15BbWU3MDQ3Nzc1MjE@._V1_SX300.jpg
8644,https://m.media-amazon.com/images/M/MV5BZDdhNTY3YTgtYmQwMC00MjM1LTgzYzMtMGM1N2E0NWM1NDlkXkEyXkFqcGc@._V1_SX300.jpg
8645,https://m.media-amazon.com/images/M/MV5BMjAyMTM0MDA4NV5BMl5BanBnXkFtZTcwNTY0OTUyMQ@@._V1_SX300.jpg
8650,https://m.media-amazon.com/images/M/MV5BNjhiNDAyMjctNzhkZS00NTZhLTkyMzMtZmY2OGEyMDllYTkwXkEyXkFqcGc@._V1_SX300.jpg
8656,https://m.media-amazon.com/images/M/MV5BM2YwNzQyMWItZjliNC00YmQzLWFkZjktYWY5ODExMGNkOTEzXkEyXkFqcGc@._V1_SX300.jpg
8665,https://m.media-amazon.com/images/M/MV5BZTU4ZDgyYjgtODA0Mi00MmE3LTgzYWQtZjc1YTFiMTczZTQ3XkEyXkFqcGc@._V1_SX300.jpg
8666,https://m.media-amazon.com/images/M/MV5BMjA4MzM0NDAzOF5BMl5BanBnXkFtZTcwMDY3MDYyMQ@@._V1_SX300.jpg
8667,https://m.media-amazon.com/images/M/MV5BMWU0NjEyODktOWIwNS00OWY3LTllMTEtYzMwY2YzNzJiN2U2XkEyXkFqcGc@._V1_SX300.jpg
8670,https://m.media-amazon.com/images/M/MV5BMTdjMmZlNWEtM2M4Ni00ZTQwLWE0ZjctMTkxODU4ZDg0MjhkXkEyXkFqcGc@._V1_SX300.jpg
8677,https://m.media-amazon.com/images/M/MV5BMTc1MDQ2ODU2N15BMl5BanBnXkFtZTgwNzIxMDM1MjE@._V1_SX300.jpg
8684,https://m.media-amazon.com/images/M/MV5BYjBkODI2NzItODMzMC00Yjc2LWI2NDItZTA5YTE0MTE5NDc2XkEyXkFqcGc@._V1_SX300.jpg
8685,https://m.media-amazon.com/images/M/MV5BNzY3ODY2MGEtM2JmMC00OGIyLWIzODAtZjk5MjVmYzk0NzYzXkEyXkFqcGc@._V1_SX300.jpg
8690,https://m.media-amazon.com/images/M/MV5BNTU2N2M4MzEtMzU1ZS00YWUwLWI0OTYtZTU0NWQ2NWNkYjFkXkEyXkFqcGc@._V1_SX300.jpg
8695,https://m.media-amazon.com/images/M/MV5BMjQ5ZDkxZTktNTZiNC00NzMyLWJkM2QtZjYwMDg4MWM4OTZmXkEyXkFqcGc@._V1_SX300.jpg
8711,https://m.media-amazon.com/images/M/MV5BOWZkN2Q2MjctZjBkMC00MTgxLWFkYjctYmUyYzdhOWVjYTJmXkEyXkFqcGc@._V1_SX300.jpg
8712,https://m.media-amazon.com/images/M/MV5BNzEyOTRlMjAtYmRhOS00MjhiLWE0YWYtOWNkMTgzNWYxMGYzXkEyXkFqcGc@._V1_SX300.jpg
8713,https://m.media-amazon.com/images/M/MV5BMDAyMzIyY2QtN2I4Yi00ZjRhLWJjNTQtZTBhYmI4N2ZiNDMzXkEyXkFqcGc@._V1_SX300.jpg
8714,https://m.media-amazon.com/images/M/MV5BYmU4MjcwOTYtMzczMS00OTViLWExYjItMmJjYjc0NGU5NDY4XkEyXkFqcGc@._V1_SX300.jpg
8718,https://m.media-amazon.com/images/M/MV5BYTcxYmJhMTctM2Q2Yy00N2ViLTg3MjMtNzU1Zjk3ODczYTg5XkEyXkFqcGc@._V1_SX300.jpg
8720,https://m.media-amazon.com/images/M/MV5BNzYyNTZmODMtMzA1Ni00MWZkLTg4MGItNzBiY2ExMTk3ZDM2XkEyXkFqcGc@._V1_SX300.jpg
8724,https://m.media-amazon.com/images/M/MV5BODNiYThjOGMtOTZlYy00Y2Q0LTk5MjQtYTRkNzU2OTA2OWQ1XkEyXkFqcGc@._V1_SX300.jpg
8727,https://m.media-amazon.com/images/M/MV5BYzVkMjkxNGItMjNjMy00ZDNjLWEzMDAtNDVjMTQwMDQ1Nzc1XkEyXkFqcGc@._V1_SX300.jpg
8730,https://m.media-amazon.com/images/M/MV5BMjAyMDMxMTExOV5BMl5BanBnXkFtZTcwNzEwMjYyMQ@@._V1_SX300.jpg
8738,https://m.media-amazon.com/images/M/MV5BZGE3MDhhNGQtMzYyOC00NGEwLThhYmQtZjdiOTUyNDhlZWUwXkEyXkFqcGc@._V1_SX300.jpg
8743,https://m.media-amazon.com/images/M/MV5BMzFkYmVkYTgtMzdkMS00ZjAxLWI5YTctYTVlZDkwYjZmYWZkXkEyXkFqcGc@._V1_SX300.jpg
8748,https://m.media-amazon.com/images/M/MV5BZDU1MTAyMDctZDdmNi00OTYzLWIxOWMtZDJiMDhmZTU0MWJhXkEyXkFqcGc@._V1_SX300.jpg
8753,https://m.media-amazon.com/images/M/MV5BMTkxNjQ5MjQzNl5BMl5BanBnXkFtZTcwMDkyODUyMQ@@._V1_SX300.jpg
8754,https://m.media-amazon.com/images/M/MV5BOTNmOWUxNmQtMmVjNi00OGJkLThmYzUtZjBhODQ1OWQ2OTBjXkEyXkFqcGc@._V1_SX300.jpg
8755,https://m.media-amazon.com/images/M/MV5BZTdjNDQ3NjQtODc4Ni00NzIxLWI0ZDItYzJiMzhlZmJmMDg0XkEyXkFqcGc@._V1_SX300.jpg
8765,https://m.media-amazon.com/images/M/MV5BMmQ3YzQ5MGMtYzVkZi00MTIyLWJkZmEtYmJiYTVjMmQwY2FlXkEyXkFqcGc@._V1_SX300.jpg
8771,https://m.media-amazon.com/images/M/MV5BYTEzMGFmNjYtYjIxYS00Mzg5LWFhOTAtNWE5Y2I2Nzg3YzhjXkEyXkFqcGc@._V1_SX300.jpg
8772,https://m.media-amazon.com/images/M/MV5BNjVmYTMxZWItMzM3OS00N2I5LTkyOTUtNWZiZjNmOTVhYmNhXkEyXkFqcGc@._V1_SX300.jpg
8773,https://m.media-amazon.com/images/M/MV5BYTM1ZWFkYzYtOGRlNy00NGE2LWFmZGUtZDYyMDE1ZTNiYjVhXkEyXkFqcGc@._V1_SX300.jpg
8774,https://m.media-amazon.com/images/M/MV5BMjAwN2UyMGQtNzk3Zi00Y2Q2LWEwZTMtYTNkZjkyMWE1N2JiXkEyXkFqcGc@._V1_SX300.jpg
8778,https://m.media-amazon.com/images/M/MV5BYmEyOTZhNWQtNjM5Mi00YWEzLWE3ZWMtZWExYWY5MTI3MWU1XkEyXkFqcGc@._V1_SX300.jpg
8781,https://m.media-amazon.com/images/M/MV5BMGVkNDJkYWYtYjE4Yy00OTEzLThkOTUtZTJiMjRkYzliNDk3XkEyXkFqcGc@._V1_SX300.jpg
8782,https://m.media-amazon.com/images/M/MV5BMTU2NDA1NTkyN15BMl5BanBnXkFtZTYwNzAzODg2._V1_SX300.jpg
8783,https://m.media-amazon.com/images/M/MV5BZWI1MjE4YmYtMjJhMS00YmJhLTg1NjMtYjM5ZWE0YjM2MGFiXkEyXkFqcGc@._V1_SX300.jpg
8784,https://m.media-amazon.com/images/M/MV5BMjc5MDE0NjkxOF5BMl5BanBnXkFtZTcwNzA0NTkyMw@@._V1_SX300.jpg
8795,https://m.media-amazon.com/images/M/MV5BMDQ4MDg1MjQtNDdjZi00ZDQ2LTkwNDMtNTNhNDJiZmQ5MjJjXkEyXkFqcGc@._V1_SX300.jpg
8796,https://m.media-amazon.com/images/M/MV5BNDg3ZjY0M2MtYmQ1Mi00Y2IzLThkYzUtYzViYTI4ZGNiNDQwXkEyXkFqcGc@._V1_SX300.jpg
8798,https://m.media-amazon.com/images/M/MV5BMjE3NjM5OTMxMV5BMl5BanBnXkFtZTcwOTIzMTQyMw@@._V1_SX300.jpg
8799,https://m.media-amazon.com/images/M/MV5BODFjMmI5NTEtMzBhYy00NzE1LTk4NTItMTM2M2QzY2UyMmFlXkEyXkFqcGc@._V1_SX300.jpg
8800,https://m.media-amazon.com/images/M/MV5BOWVhMWEwMTMtYTgzZi00NjAyLWE3YTktNjhiYzU2ZmMzZDZkXkEyXkFqcGc@._V1_SX300.jpg
8804,https://m.media-amazon.com/images/M/MV5BMjA3ZTdjMzktMzNiMC00NWQzLWJhZjMtMTIzYzA1YjFlOTEyXkEyXkFqcGc@._V1_SX300.jpg
8807,https://m.media-amazon.com/images/M/MV5BNjk2MGI0M2YtZmIwOS00NGVjLWFlNDAtMDYzM2Y1MWM2OWNkXkEyXkFqcGc@._V1_SX300.jpg
8808,https://m.media-amazon.com/images/M/MV5BZjM2YTgzZTQtODc4OS00MDNmLTg0YWQtMmYzZmVmODM2OThhXkEyXkFqcGc@._V1_SX300.jpg
8809,https://m.media-amazon.com/images/M/MV5BMTYxODk5MjU4MV5BMl5BanBnXkFtZTcwODMwMzYyMQ@@._V1_SX300.jpg
8810,https://m.media-amazon.com/images/M/MV5BMTU4MjIwMTcyMl5BMl5BanBnXkFtZTYwMTYwNDA3._V1_SX300.jpg
8813,https://m.media-amazon.com/images/M/MV5BMTY2MTA4MjAyMl5BMl5BanBnXkFtZTcwNjYyNjYyMQ@@._V1_SX300.jpg
8814,https://m.media-amazon.com/images/M/MV5BMjA0MTE2MDk2MF5BMl5BanBnXkFtZTYwMzg0NTc2._V1_SX300.jpg
8815,https://m.media-amazon.com/images/M/MV5BMjI0NzY1MzQ0MV5BMl5BanBnXkFtZTcwOTM1MTEzMw@@._V1_SX300.jpg
8827,https://m.media-amazon.com/images/M/MV5BMTUyMjg0NjgyOV5BMl5BanBnXkFtZTcwNzE2OTczMQ@@._V1_SX300.jpg
8830,https://m.media-amazon.com/images/M/MV5BNzc5MDg1NTkxNl5BMl5BanBnXkFtZTYwNTcyNjA3._V1_SX300.jpg
8831,https://m.media-amazon.com/images/M/MV5BNjYwMDBkNTgtNzY1ZC00ODQyLTk0OTgtZWJjMDVlMjMxNzVmXkEyXkFqcGc@._V1_SX300.jpg
8832,https://m.media-amazon.com/images/M/MV5BMTMxMjQ2MzI3MV5BMl5BanBnXkFtZTcwMjM2NjYyMQ@@._V1_SX300.jpg
8833,https://m.media-amazon.com/images/M/MV5BMTU4OTkwNDY2OV5BMl5BanBnXkFtZTcwNDIwMzAzMw@@._V1_SX300.jpg
8835,https://m.media-amazon.com/images/M/MV5BMTgxMDUxMDk5MF5BMl5BanBnXkFtZTcwOTY3NzYyMQ@@._V1_SX300.jpg
8836,https://m.media-amazon.com/images/M/MV5BZDdhZDJlMWItZGI4NC00ZjdjLWExZWUtMzc2OGYyMGYzZTUxXkEyXkFqcGc@._V1_SX300.jpg
8838,https://m.media-amazon.com/images/M/MV5BZmE2MzdlNjItMzk5My00MDRmLWJmNjMtOTg1NTUxYTczNzNiXkEyXkFqcGc@._V1_SX300.jpg
8840,https://m.media-amazon.com/images/M/MV5BMzM4ODNiMDctZTcyNC00NjcxLWI3YWQtMGQ2OGQ3ZjkwNjkwXkEyXkFqcGc@._V1_SX300.jpg
8844,https://m.media-amazon.com/images/M/MV5BYTBjYjgxYjktY2UzMS00MDEwLTgyZTUtY2U5OWY3ZDBiMWYyXkEyXkFqcGc@._V1_SX300.jpg
8848,https://m.media-amazon.com/images/M/MV5BMWZlY2NkNDktNTUxNi00ZTg1LWJjOTMtMTc1MzcyNzg0NTdmXkEyXkFqcGc@._V1_SX300.jpg
8860,https://m.media-amazon.com/images/M/MV5BMWRkOWZiZGMtMmRhNC00Njc1LWJkNDktNDNhMDY3N2NkYjFlXkEyXkFqcGc@._V1_SX300.jpg
8861,https://m.media-amazon.com/images/M/MV5BMTc1NTUxMzk0Nl5BMl5BanBnXkFtZTcwNDQ1MDIzMw@@._V1_SX300.jpg
8864,https://m.media-amazon.com/images/M/MV5BMTg5NTk2MTQ0NV5BMl5BanBnXkFtZTcwNjMyNTUyMQ@@._V1_SX300.jpg
8865,https://m.media-amazon.com/images/M/MV5BMTM0NDQzMDA1NF5BMl5BanBnXkFtZTcwNTU3ODAzMw@@._V1_SX300.jpg
8866,https://m.media-amazon.com/images/M/MV5BOTg1ZmFkNDYtOTA1ZS00NjMwLWEwZGUtNDc0NDFhMzEzNmExXkEyXkFqcGc@._V1_SX300.jpg
8869,https://m.media-amazon.com/images/M/MV5BMTk5MDI5NTE4N15BMl5BanBnXkFtZTYwNjQ0NTE3._V1_SX300.jpg
8870,https://m.media-amazon.com/images/M/MV5BMjAwMjIyNjU4NV5BMl5BanBnXkFtZTcwNjE3NjYyMQ@@._V1_SX300.jpg
8873,https://m.media-amazon.com/images/M/MV5BYTJkMWE5ZWEtYzQ1OS00ZDZkLTkzYTUtMzEzZTI3MjBmM2E1XkEyXkFqcGc@._V1_SX300.jpg
8874,https://m.media-amazon.com/images/M/MV5BNzNjZGE4YTUtOWU3OC00Mzg2LThjNWItMzUwYzEwMDgxYmVjXkEyXkFqcGc@._V1_SX300.jpg
8875,https://m.media-amazon.com/images/M/MV5BYjA5OGY0NzYtNTEzZi00MWFkLWJjNTQtNzQxNmQ1NWE1YTUwXkEyXkFqcGc@._V1_SX300.jpg
8879,https://m.media-amazon.com/images/M/MV5BNzZmZWMwOWUtM2NkZS00MWM0LTk1YzMtYzI4OGYyMTNlNTMwXkEyXkFqcGc@._V1_SX300.jpg
8880,https://m.media-amazon.com/images/M/MV5BNzU1ZDFkYjAtZGMzNC00MjJjLWI5ZjQtZTE4Y2QzOWVhNjcxXkEyXkFqcGc@._V1_SX300.jpg
8894,https://m.media-amazon.com/images/M/MV5BNjQ2ZTI4MWQtZmRiNC00ZTVhLWJjYTgtNmIyNTA1NGY3ZWQ2XkEyXkFqcGc@._V1_SX300.jpg
8905,https://m.media-amazon.com/images/M/MV5BZDZjYTcxMDYtZjY0NS00MzgxLTk4MzMtMzQzZDk0M2IxMDFjXkEyXkFqcGc@._V1_SX300.jpg
8906,https://m.media-amazon.com/images/M/MV5BMWI4YWFkYmEtNTU4ZS00MjhkLTg0NTUtNWI4NDMxNTg2ZjEwXkEyXkFqcGc@._V1_SX300.jpg
8907,https://m.media-amazon.com/images/M/MV5BMTMxMjY0NzE2M15BMl5BanBnXkFtZTcwNTc3ODcyMw@@._V1_SX300.jpg
8908,https://m.media-amazon.com/images/M/MV5BMjEyNDQ0NjAzMV5BMl5BanBnXkFtZTcwMjk2OTUyMQ@@._V1_SX300.jpg
8910,https://m.media-amazon.com/images/M/MV5BYzc2Nzk0ODktZTZiNy00NmE5LTliNDItNTRkYWU5YTdlYTBhXkEyXkFqcGc@._V1_SX300.jpg
8911,https://m.media-amazon.com/images/M/MV5BNTQ4M2VkYzktMDczYy00MDRjLTg5MTgtYzk5YzdmYmE5MDNiXkEyXkFqcGc@._V1_SX300.jpg
8912,https://m.media-amazon.com/images/M/MV5BMjcyYWQzMmUtNThiYi00MDQ5LWIxMGEtMTVmMjM0MjhkMGU2XkEyXkFqcGc@._V1_SX300.jpg
8914,https://m.media-amazon.com/images/M/MV5BZTRmZDlmNzUtNjM2NS00MjBjLWFmNjQtMTczMWNkZTdiOGZmXkEyXkFqcGc@._V1_SX300.jpg
8915,https://m.media-amazon.com/images/M/MV5BN2Q2YjllYzMtNjdkNS00ODU0LWE0YjAtY2M1NDIyYzAzMmEzXkEyXkFqcGc@._V1_SX300.jpg
8916,https://m.media-amazon.com/images/M/MV5BMTcwODUwMTMxN15BMl5BanBnXkFtZTcwNzc3MjcyMQ@@._V1_SX300.jpg
8917,https://m.media-amazon.com/images/M/MV5BMTM2Nzc4NjYxMV5BMl5BanBnXkFtZTcwNTM1MTcyMQ@@._V1_SX300.jpg
8918,https://m.media-amazon.com/images/M/MV5BMTczMDA1MjEzOF5BMl5BanBnXkFtZTcwNjIwMDEwNQ@@._V1_SX300.jpg
8919,https://m.media-amazon.com/images/M/MV5BMTY3MTY0NjQwM15BMl5BanBnXkFtZTcwMTA1MjcyMQ@@._V1_SX300.jpg
8920,https://m.media-amazon.com/images/M/MV5BZTZlMmU5NzYtNGE0Zi00NDZhLTlkYTUtMGE1ZTg2ODA2NTliXkEyXkFqcGc@._V1_SX300.jpg
8921,https://m.media-amazon.com/images/M/MV5BMjM5YTBjMzctZjlhNi00YWYwLWE4MWMtY2Q2ODdiODhlMmVjXkEyXkFqcGc@._V1_SX300.jpg
8928,https://m.media-amazon.com/images/M/MV5BMzRmMzI4OTYtODIwOC00YWIyLThlOTctNGQwNjYwODE5YjhiXkEyXkFqcGc@._V1_SX300.jpg
8933,https://m.media-amazon.com/images/M/MV5BYjAxNDE5NjMtYjU4OC00ZDFlLWIzOTgtYzBkNDRlNzZkMGQ3XkEyXkFqcGc@._V1_SX300.jpg
8934,https://m.media-amazon.com/images/M/MV5BZWIxMTRhMzMtZDZkYS00ZGZiLWE4ODUtMjc4MTYyNzg0ODE3XkEyXkFqcGc@._V1_SX300.jpg
8937,https://m.media-amazon.com/images/M/MV5BMTcxMDI5MTM4Ml5BMl5BanBnXkFtZTcwNjA4MDcyMQ@@._V1_SX300.jpg
8938,https://m.media-amazon.com/images/M/MV5BMTM5NzczNDE5M15BMl5BanBnXkFtZTcwNDcxMzcyMQ@@._V1_SX300.jpg
8939,https://m.media-amazon.com/images/M/MV5BMjkxNjA4NjM0M15BMl5BanBnXkFtZTcwMTU3MDcyMQ@@._V1_SX300.jpg
8943,https://m.media-amazon.com/images/M/MV5BODQ2NDIxMjcwN15BMl5BanBnXkFtZTYwODMzOTI3._V1_SX300.jpg
8946,https://m.media-amazon.com/images/M/MV5BMTcwMTI4MTY3Ml5BMl5BanBnXkFtZTcwOTUzMjcyMQ@@._V1_SX300.jpg
8947,https://m.media-amazon.com/images/M/MV5BMjIxODg1Nzc3NF5BMl5BanBnXkFtZTcwMjM0MjEzMw@@._V1_SX300.jpg
8948,https://m.media-amazon.com/images/M/MV5BZjk2NmU2OWItOWY3Mi00MTBhLWEwYmEtYTgyNzBiMWU0NjBjXkEyXkFqcGc@._V1_SX300.jpg
8949,https://m.media-amazon.com/images/M/MV5BMTU0Mjg3MzkxOV5BMl5BanBnXkFtZTYwNDU1OTY3._V1_SX300.jpg
8950,https://m.media-amazon.com/images/M/MV5BY2I1MmUxYmMtZjk3OC00N2MwLWI2YjAtNGQxODA1Y2I3YTI4XkEyXkFqcGc@._V1_SX300.jpg
8951,https://m.media-amazon.com/images/M/MV5BNDkwOGI3ZTAtNGI3OC00MTQxLWJkYzItODlkODg1YzMyMmFlXkEyXkFqcGc@._V1_SX300.jpg
8952,https://m.media-amazon.com/images/M/MV5BMTc5NjkwNjMzMV5BMl5BanBnXkFtZTcwNjI1MDY5MQ@@._V1_SX300.jpg
8954,https://m.media-amazon.com/images/M/MV5BMjEzNzc0OTkwN15BMl5BanBnXkFtZTcwNzA2MTcyMQ@@._V1_SX300.jpg
8955,https://m.media-amazon.com/images/M/MV5BMjY2ZTRjY2YtMmI5OC00NTM3LWFkMzktN2RkZWM3YmNlZTI0XkEyXkFqcGc@._V1_SX300.jpg
8957,https://m.media-amazon.com/images/M/MV5BZTE5MzFlMTktMzBkOC00ZjMxLThmOTAtOGU3ZGEwZGRlNDdjXkEyXkFqcGc@._V1_SX300.jpg
8958,https://m.media-amazon.com/images/M/MV5BMTQxNDQwNjQzOV5BMl5BanBnXkFtZTcwNTQxNDYyMQ@@._V1_SX300.jpg
8959,https://m.media-amazon.com/images/M/MV5BMGNiNjdlMzAtMDMwNC00NjQ0LWI5YjgtMDY4Y2UxOWNkZjUyXkEyXkFqcGc@._V1_SX300.jpg
8961,https://m.media-amazon.com/images/M/MV5BMTY5OTU0OTc2NV5BMl5BanBnXkFtZTcwMzU4MDcyMQ@@._V1_SX300.jpg
8964,https://m.media-amazon.com/images/M/MV5BNDRhNWVkMDQtOTJmZC00ZDllLTg0NWMtMGI2YzI5MGQ1Yjg1XkEyXkFqcGc@._V1_SX300.jpg
8965,https://m.media-amazon.com/images/M/MV5BMTM1NTU0NTE4MV5BMl5BanBnXkFtZTcwMTQ0MjEzMw@@._V1_SX300.jpg
8966,https://m.media-amazon.com/images/M/MV5BMTA0MjA1MjA4MDNeQTJeQWpwZ15BbWU3MDQxMDQ2MjE@._V1_SX300.jpg
8967,https://m.media-amazon.com/images/M/MV5BMTIwMTczMjc3M15BMl5BanBnXkFtZTcwODcxMzcyMQ@@._V1_SX300.jpg
8968,https://m.media-amazon.com/images/M/MV5BYTNjNDk1MmEtMTBiZS00M2EwLTk4YTAtNDVhMjJkNDgxYzU2XkEyXkFqcGc@._V1_SX300.jpg
8969,https://m.media-amazon.com/images/M/MV5BOTU1MTM1ZTUtMzcxNy00OTRiLTllNzItN2U3MGQ4YTQzYWE4XkEyXkFqcGc@._V1_SX300.jpg
8970,https://m.media-amazon.com/images/M/MV5BZWIyODcyYzYtNTNhMy00MThjLTkxZDgtMTBiOWY3ODkxNzQ1XkEyXkFqcGc@._V1_SX300.jpg
8972,https://m.media-amazon.com/images/M/MV5BMTY3NTc4OTYxMF5BMl5BanBnXkFtZTcwMjk5NzUyMw@@._V1_SX300.jpg
8973,https://m.media-amazon.com/images/M/MV5BODM1NmQ2YmQtM2RkMC00ZTYyLTgwMDktODUzYjFlMzBkYTYzXkEyXkFqcGc@._V1_SX300.jpg
8974,https://m.media-amazon.com/images/M/MV5BZTRhZDUzMjktOTJhMC00YjNlLTk5YjAtNTdiYTVmMzc1YTQ1XkEyXkFqcGc@._V1_SX300.jpg
8977,https://m.media-amazon.com/images/M/MV5BMTA1NDQ3OTY2NDVeQTJeQWpwZ15BbWU3MDI5MDc0MzM@._V1_SX300.jpg
8978,https://m.media-amazon.com/images/M/MV5BMTQxMDMxODEwNF5BMl5BanBnXkFtZTYwNzM4OTc2._V1_SX300.jpg
8979,https://m.media-amazon.com/images/M/MV5BMTQwOTczODg0M15BMl5BanBnXkFtZTYwMTE3MDg2._V1_SX300.jpg
8981,https://m.media-amazon.com/images/M/MV5BZDIxYWIyZGMtNTAxZC00NDQxLThkOGQtZTUxNmZiMjFhYTEzXkEyXkFqcGc@._V1_SX300.jpg
8982,https://m.media-amazon.com/images/M/MV5BMTc0MDI3MzgwN15BMl5BanBnXkFtZTcwOTQ2MTcyMQ@@._V1_SX300.jpg
8983,https://m.media-amazon.com/images/M/MV5BYWZlZjQwMjUtNGI5Ny00ODg4LTg0Y2UtODkxYmYxM2IxNjgzXkEyXkFqcGc@._V1_SX300.jpg
8984,https://m.media-amazon.com/images/M/MV5BNjgxNjY3ODEtMTZhOC00NjgyLTg4YTAtZjA4ZDI2MDQ4OGJmXkEyXkFqcGc@._V1_SX300.jpg
8985,https://m.media-amazon.com/images/M/MV5BMjE0Nzg2MzI3MF5BMl5BanBnXkFtZTYwMjExODQ3._V1_SX300.jpg
8987,https://m.media-amazon.com/images/M/MV5BNmFlNTBhZjMtMDI4OC00OWFhLThjYjMtNjUxNzQ4ZDEwMTRhXkEyXkFqcGdeQXVyMTY5Nzc4MDY@._V1_SX300.jpg
8989,https://m.media-amazon.com/images/M/MV5BMTRlZDM4OGItYjQxMC00MzI4LWEwMGEtM2I1NzhkMmRjNDI0XkEyXkFqcGc@._V1_SX300.jpg
8998,https://m.media-amazon.com/images/M/MV5BZmU4YzBhODMtMGYyMi00ZTkxLTk0MDItOWY3YzZhM2E3ODU4XkEyXkFqcGc@._V1_SX300.jpg
9004,https://m.media-amazon.com/images/M/MV5BMjVhOTA1MDgtMzljYi00OGU2LWEzODQtOWM2NjRjZTQyNjIyXkEyXkFqcGc@._V1_SX300.jpg
9005,https://m.media-amazon.com/images/M/MV5BYzdhNzkyZWItYWJhNi00YmNhLWFiZGMtNGRkNmYwYWYwYmQyXkEyXkFqcGc@._V1_SX300.jpg
9008,https://m.media-amazon.com/images/M/MV5BMjljYzNmODYtMGQ1Ny00NDY4LThmMTUtNTIzOTVmZjdiODUwXkEyXkFqcGc@._V1_SX300.jpg
9010,https://m.media-amazon.com/images/M/MV5BMTRmYmUwM2QtMWE5MC00MjdjLTg4OTYtMzdjZjljMzRiNmNmXkEyXkFqcGc@._V1_SX300.jpg
9018,https://m.media-amazon.com/images/M/MV5BOWU2ZWQ3OGQtMTY0Ni00NjEwLThiMDUtZTkwYzgwZDM0YjRiXkEyXkFqcGc@._V1_SX300.jpg
25746,https://m.media-amazon.com/images/M/MV5BOTkwM2Y1MGQtZGUxYy00ZTJlLWJjMDQtMzM1YmRmNTMzZTY1XkEyXkFqcGc@._V1_SX300.jpg
25750,https://m.media-amazon.com/images/M/MV5BMjQzM2E2NjYtYmRjMC00ZmVlLTljZTgtNmQ5MGZlNDYyZTc5XkEyXkFqcGc@._V1_SX300.jpg
25752,https://m.media-amazon.com/images/M/MV5BMGJmNTE4MGYtZWY2My00YmUzLWFiOWUtY2VkNmEzZGQ1ZGViXkEyXkFqcGdeQXVyMDI2NDg0NQ@@._V1_SX300.jpg
25753,https://m.media-amazon.com/images/M/MV5BZDIzZGJhMWEtNzc2OS00NWI1LTk1NmUtNTM3MmMxZjIxNDYzXkEyXkFqcGc@._V1_SX300.jpg
25757,https://m.media-amazon.com/images/M/MV5BNTMxODVjM2MtYjFlYS00Y2Y1LTg1NTEtNjcwZTBhNTE3MTJmXkEyXkFqcGc@._V1_SX300.jpg
25769,https://m.media-amazon.com/images/M/MV5BOTg2MjUyMjYyOV5BMl5BanBnXkFtZTgwNjM0NDAwMjE@._V1_SX300.jpg
25771,https://m.media-amazon.com/images/M/MV5BMGFkYTNmMmQtMzFiNC00MzdiLTg4MDYtMDdjNjY1NDk4OWNhXkEyXkFqcGc@._V1_SX300.jpg
25773,https://m.media-amazon.com/images/M/MV5BZGE3YTI5MzUtZDVhZS00Y2NkLTgwNjYtNjg1YzE3MGE5NDhmXkEyXkFqcGc@._V1_SX300.jpg
25782,https://m.media-amazon.com/images/M/MV5BMTRkZDBhM2MtZjEwMi00NzhjLWI0YjctMjRiNmY2MzY0NTg3XkEyXkFqcGc@._V1_SX300.jpg
25788,https://m.media-amazon.com/images/M/MV5BMTM3ZTIwYWUtNDcxOS00MTA2LTg0MTAtZmViZTMxMGNhMjljXkEyXkFqcGc@._V1_SX300.jpg
25795,https://m.media-amazon.com/images/M/MV5BNDc0MjBlYzctMGNiMS00YmY4LThhMzQtZmZhZDk5YzczOTlkXkEyXkFqcGc@._V1_SX300.jpg
25797,https://m.media-amazon.com/images/M/MV5BMjIyMTQ4MzQwOF5BMl5BanBnXkFtZTgwMzA4NDE1MjE@._V1_SX300.jpg
25805,https://m.media-amazon.com/images/M/MV5BMjYwMzU5MGYtYTQzOC00YWJhLTlhNmQtNDMxMWZjYjVhMzA0XkEyXkFqcGc@._V1_SX300.jpg
25825,https://m.media-amazon.com/images/M/MV5BM2I2NjMxNTYtZmI3ZS00ZmZiLWFiNzctNmIwZjQ1MWE3YzUwXkEyXkFqcGc@._V1_SX300.jpg
25826,https://m.media-amazon.com/images/M/MV5BYmYyNjc2ZGYtNWU5NS00MjFjLWI4OTEtYTg2YzAzZjY3YTI3XkEyXkFqcGc@._V1_SX300.jpg
25827,https://m.media-amazon.com/images/M/MV5BOGY0OTZiNjEtNzYwYS00MDE3LWI4MTEtZjFmMTI4MTZkNjJlXkEyXkFqcGc@._V1_SX300.jpg
25833,https://m.media-amazon.com/images/M/MV5BMjAxODQwMjI2MV5BMl5BanBnXkFtZTgwMzc3NTMyMTE@._V1_SX300.jpg
25834,https://m.media-amazon.com/images/M/MV5BMzI3MDg4Y2EtNmQ4Mi00NjFkLTkxZjQtMGM0YjVmNzNlYTQ3XkEyXkFqcGc@._V1_SX300.jpg
25841,https://m.media-amazon.com/images/M/MV5BNzQwNTQxOTY3OF5BMl5BanBnXkFtZTgwMTg0MDgyMTE@._V1_SX300.jpg
25850,https://m.media-amazon.com/images/M/MV5BNTdmOWVhNjAtOWIyYy00ZmQ2LTgyZDItYzg5ZGUyMWQ1YWVmXkEyXkFqcGc@._V1_SX300.jpg
25855,https://m.media-amazon.com/images/M/MV5BZTNhYzY5MjQtMTQwYi00NTBhLTg3ZTQtYTE1NjFmNzgwYWIwXkEyXkFqcGc@._V1_SX300.jpg
25856,https://m.media-amazon.com/images/M/MV5BODk1MTk2ODQtNjY5Ni00NmUzLWI5M2ItN2UzYmE0ZDYwZjQ2XkEyXkFqcGc@._V1_SX300.jpg
25865,https://m.media-amazon.com/images/M/MV5BZjU4ODQyNGQtZDdiMS00M2M0LTkxYjEtOTliZGI2YmI0ZDJhXkEyXkFqcGc@._V1_SX300.jpg
25870,https://m.media-amazon.com/images/M/MV5BYjUzMjI4OWMtZTY4Ny00MjljLWEzNWMtZGMwY2VjYjIyYWMyXkEyXkFqcGc@._V1_SX300.jpg
25886,https://m.media-amazon.com/images/M/MV5BMjJjZDg0MWYtOWQzYS00ODI1LWI5MjUtZjI1NTJhNzU2NTc4XkEyXkFqcGc@._V1_SX300.jpg
25887,https://m.media-amazon.com/images/M/MV5BYWU3OWE2NDAtNWQzYS00ZTM5LTkzY2MtMTgzMTVhYzRiNjdlXkEyXkFqcGc@._V1_SX300.jpg
25898,https://m.media-amazon.com/images/M/MV5BNjY1ZWI1YTQtZDc5MS00YTI1LTgyNjQtOTE4YjMxMDg4NWJkXkEyXkFqcGc@._V1_SX300.jpg
25905,https://m.media-amazon.com/images/M/MV5BNmMxMzk5OGUtYzJlYS00YzIxLWI3NjItN2RiZWYwNGIzODVlXkEyXkFqcGc@._V1_SX300.jpg
25906,https://m.media-amazon.com/images/M/MV5BMjJjOWVmYzctOWFjMy00YTFlLWI1OTktNTRjYjA4NjQ2OThkXkEyXkFqcGc@._V1_SX300.jpg
25923,https://m.media-amazon.com/images/M/MV5BOTFjNzIyYTYtMjVjOS00NzQ2LWIyMTUtMzlhNGIwZDU1MTdiXkEyXkFqcGc@._V1_SX300.jpg
25927,https://m.media-amazon.com/images/M/MV5BOGViZjhjNWQtZjY2MS00OTExLThlNDUtYTIwZTgwODdhMDdhXkEyXkFqcGc@._V1_SX300.jpg
25937,https://m.media-amazon.com/images/M/MV5BNjQ5OThkMTQtNDI5MC00NThlLWExODYtMDQ1NjI0MGQzZGNjXkEyXkFqcGc@._V1_SX300.jpg
25940,https://m.media-amazon.com/images/M/MV5BMDBmYzI4MDUtN2FjZC00YmM0LWE4YmEtNTZkY2ZkZmUzZDU0XkEyXkFqcGc@._V1_SX300.jpg
25946,https://m.media-amazon.com/images/M/MV5BMDQ0YmEzYWMtZThmYy00Y2FhLWI5ZTctMTM4OTdlZmZhMGQxXkEyXkFqcGc@._V1_SX300.jpg
25947,https://m.media-amazon.com/images/M/MV5BYjg2OWUzNTgtMjViYy00M2E5LWEzZmMtZjQ5YTQ1ZDM5NTBiXkEyXkFqcGc@._V1_SX300.jpg
25952,https://m.media-amazon.com/images/M/MV5BYWRmNzM5N2MtOWYzYS00NzU1LWIzMTktMjYzNWJjYWY1ZTEyXkEyXkFqcGc@._V1_SX300.jpg
25959,https://m.media-amazon.com/images/M/MV5BYjAwZTQ0MzItMjFlMC00NTAxLTgzZWMtNjI0YmJlYjhjNTcxXkEyXkFqcGc@._V1_SX300.jpg
25962,https://m.media-amazon.com/images/M/MV5BNTMzNjEwNzEtMDJhMS00ZjQ5LThkNDYtZTEzNWFjMWVjOTFkXkEyXkFqcGc@._V1_SX300.jpg
25963,https://m.media-amazon.com/images/M/MV5BZjBiZDlhMjEtMzA2OC00MTQzLWIwODgtMjg0Yjc5ZWMyNjNiXkEyXkFqcGc@._V1_SX300.jpg
25996,https://m.media-amazon.com/images/M/MV5BNWZlNTI0ZGUtNzhlNy00OWUzLTgxMzEtNjRlYmQ1OWQyZDdmXkEyXkFqcGc@._V1_SX300.jpg
25999,https://m.media-amazon.com/images/M/MV5BNWM3NmRkM2UtMmYyOC00NzM0LTgyNTYtZmU0YmM4NDVlNWEwXkEyXkFqcGc@._V1_SX300.jpg
26002,https://m.media-amazon.com/images/M/MV5BYmU5OGE4ODktMTA3NC00NzkyLWE3ZWYtOWE5ZWI5M2Q1ODIzXkEyXkFqcGc@._V1_SX300.jpg
26003,https://m.media-amazon.com/images/M/MV5BYmEzZDE2YmQtZDg2ZS00ZWU3LWI4ZGEtNjIzMDEzYjM1MTk0XkEyXkFqcGc@._V1_SX300.jpg
26038,https://m.media-amazon.com/images/M/MV5BYWMyZTFkZWYtMTIwNi00Y2Y4LWFlYmEtOTcwMGUzYzM0ZDdkXkEyXkFqcGc@._V1_SX300.jpg
26048,https://m.media-amazon.com/images/M/MV5BMTQ1MDA4MDczMV5BMl5BanBnXkFtZTgwMTM3NTU3MzE@._V1_SX300.jpg
26052,https://m.media-amazon.com/images/M/MV5BZDk3MzJjOGYtY2I0OC00OTM4LWI4MDAtYjg1OTIwMjRmMDk1XkEyXkFqcGc@._V1_SX300.jpg
26059,https://m.media-amazon.com/images/M/MV5BMjQwYTlmMmEtY2NlZC00Yzk5LTk1OTEtNzg2ZTAwYjE1MDMxXkEyXkFqcGc@._V1_SX300.jpg
26073,https://m.media-amazon.com/images/M/MV5BYmRiNzVhNWItYmY5Yy00OGE2LWE4NjYtOTMzNTliZjk1N2NjXkEyXkFqcGc@._V1_SX300.jpg
26078,https://m.media-amazon.com/images/M/MV5BNTU1NDViNTItNTA4Zi00YWNmLWE5MmYtNWFkZDM2Y2I4YzVmXkEyXkFqcGc@._V1_SX300.jpg
26082,https://m.media-amazon.com/images/M/MV5BZThiZjU5ZDQtZDI4Mi00ZGYyLTkzOTktYmIzZTFlZTkxYzg5XkEyXkFqcGc@._V1_SX300.jpg
26084,https://m.media-amazon.com/images/M/MV5BODBmODNmNTMtY2M5ZC00MjI0LWFkYjUtOTAwMTk3MThjYmNiXkEyXkFqcGc@._V1_SX300.jpg
26085,https://m.media-amazon.com/images/M/MV5BZDU4YTc4YjUtNTAyNC00MDM2LTg4M2UtZTdkZjRiYThjY2RlXkEyXkFqcGc@._V1_SX300.jpg
26095,https://m.media-amazon.com/images/M/MV5BZDg4ZDBkNjQtNGY0Yi00NTY2LWJiM2ItNWYxNTkyOGYwMzE4XkEyXkFqcGc@._V1_SX300.jpg
26116,https://m.media-amazon.com/images/M/MV5BNjM5Nzk4ODYtMTZkOS00ZGM1LTk4YjEtNTU4ZWI4NWFhMjk2XkEyXkFqcGc@._V1_SX300.jpg
26122,https://m.media-amazon.com/images/M/MV5BNTA4M2JlYzEtM2FhYy00NDVhLWI0MTgtMDVkYmVlNmUyYjMzXkEyXkFqcGc@._V1_SX300.jpg
26124,https://m.media-amazon.com/images/M/MV5BYmViNTg5ZTEtYWY4Yi00ZGRlLTgwZjYtZGEwOTRjOWZiMTU3XkEyXkFqcGc@._V1_SX300.jpg
26131,https://m.media-amazon.com/images/M/MV5BMTY2Mjk0OGEtYTM3Yy00ZWZiLWFhNjAtNGExMjEzNGVmMDMxXkEyXkFqcGc@._V1_SX300.jpg
26133,https://m.media-amazon.com/images/M/MV5BMjViMWMxNWItYTk2OC00MWQwLWIyMzktNDQ4YWIyYjcxZGIyXkEyXkFqcGc@._V1_SX300.jpg
26142,https://m.media-amazon.com/images/M/MV5BYmQ3MzA4NzktMGM2Ni00NzA4LThjMWEtMzY4MzhkYmM4OGU3XkEyXkFqcGc@._V1_SX300.jpg
26147,https://m.media-amazon.com/images/M/MV5BOGJiOGZmZmYtODg3Yi00ZTk1LWI3OWUtYTMzNDQwOWM2MTEwXkEyXkFqcGc@._V1_SX300.jpg
26150,https://m.media-amazon.com/images/M/MV5BY2I4YzZjZDgtNWQzNC00MDdhLWFiZTItZTAwODY2ZmQzMDQwXkEyXkFqcGc@._V1_SX300.jpg
26151,https://m.media-amazon.com/images/M/MV5BZTE0OGQyNjQtYTQ2MC00Y2FjLWFmNTMtODRkMmRmYmM4MTM5XkEyXkFqcGc@._V1_SX300.jpg
26152,https://m.media-amazon.com/images/M/MV5BNzEyYWZjNTAtNGRhZi00ZjFiLTlhYmQtNzhhYzJiZmMwNGI1XkEyXkFqcGc@._V1_SX300.jpg
26158,https://m.media-amazon.com/images/M/MV5BZWVmZTczZjktMTVhYS00ZTM4LWJlNjItYTdiYzE3YmZkOGUxXkEyXkFqcGc@._V1_SX300.jpg
26159,https://m.media-amazon.com/images/M/MV5BZGQ5NGMxMzMtMWM5Ny00NjUzLTljYjctZjU3YTczNjY3MWZiXkEyXkFqcGc@._V1_SX300.jpg
26169,https://m.media-amazon.com/images/M/MV5BMmMyMmE4ODMtNTFkYi00Y2YxLTk1MGYtMWJmM2NmNTlhY2ViXkEyXkFqcGc@._V1_SX300.jpg
26171,https://m.media-amazon.com/images/M/MV5BMDA4NTU0YzItNjc0MS00ODE2LWE1MDYtMWY3ZTk3MWE2N2M5XkEyXkFqcGc@._V1_SX300.jpg
26172,https://m.media-amazon.com/images/M/MV5BOTQzMmI2ZWEtOTE3Yy00M2U2LTk3NzctNGY0NjMwMTZhNWNlXkEyXkFqcGc@._V1_SX300.jpg
26176,https://m.media-amazon.com/images/M/MV5BYjk3NDMwMTgtY2FjYi00NGI5LTg5NzQtOThhNjUyYzNkMzIzXkEyXkFqcGc@._V1_SX300.jpg
26183,https://m.media-amazon.com/images/M/MV5BOTE4OTFiNjAtMDM2Zi00YWY2LTg4ODQtNTZmZjM3MWY0ZmY0XkEyXkFqcGc@._V1_SX300.jpg
26184,https://m.media-amazon.com/images/M/MV5BOGY3NjE0YmItNGQ4OS00OGY1LWI3MjItOWU5OTBkN2QyNTI2XkEyXkFqcGc@._V1_SX300.jpg
26195,https://m.media-amazon.com/images/M/MV5BYzc2YWE2YmEtMjhmZi00MDdhLWFlZjgtNzUxYjRhYzY4ZmRiXkEyXkFqcGc@._V1_SX300.jpg
26198,https://m.media-amazon.com/images/M/MV5BZmQyYjZiMjktMWVmNi00OTA3LTg3ZmEtNTFmYjRhZDRlZWMxXkEyXkFqcGc@._V1_SX300.jpg
26225,https://m.media-amazon.com/images/M/MV5BZGIwZmUwMjMtMjBkZS00Y2FkLTkzMDctYmIxOGVkNDdmNDg5XkEyXkFqcGc@._V1_SX300.jpg
26231,https://m.media-amazon.com/images/M/MV5BNWEwMjZiOGYtNjUwOS00YWM1LTk5YWUtZmM3NzlkZGFiYzdlXkEyXkFqcGc@._V1_SX300.jpg
26236,https://m.media-amazon.com/images/M/MV5BM2VkZjc2NzQtZWQ0Yy00MmE4LTkxNGYtZmUyOTAyZmZhYzRlXkEyXkFqcGc@._V1_SX300.jpg
26237,https://m.media-amazon.com/images/M/MV5BZmY0MzM2NDEtZWVmYi00MmM4LWFhOGUtYTIyYzEzNTA5MDEyXkEyXkFqcGc@._V1_SX300.jpg
26242,https://m.media-amazon.com/images/M/MV5BN2ZhYjY5MzMtMmU4Yy00MDBjLWFhY2UtODg5YzdmNTY0Y2Q0XkEyXkFqcGc@._V1_SX300.jpg
26249,https://m.media-amazon.com/images/M/MV5BNGRmODhmMTItNDM3Ny00MTI0LTk3NWItYTEzYTk0MWU3Y2Y3XkEyXkFqcGc@._V1_SX300.jpg
26258,https://m.media-amazon.com/images/M/MV5BODUzOTAzZGItZTI3Zi00NzRlLWEzNGYtMDg4YzNmMDhhYzUwXkEyXkFqcGc@._V1_SX300.jpg
26265,https://m.media-amazon.com/images/M/MV5BMTI5OTkwODUwMl5BMl5BanBnXkFtZTcwMDI1NTgzNA@@._V1_SX300.jpg
26283,https://m.media-amazon.com/images/M/MV5BODc0YmFiOWItOWVlNS00N2Q5LThlODAtZTk3ODkyYzI0NGQ2XkEyXkFqcGc@._V1_SX300.jpg
26285,https://m.media-amazon.com/images/M/MV5BMTE2N2Y2NDctNGFhYi00ZDA4LThkMzktMWUxOTJiMGJkYWNkXkEyXkFqcGc@._V1_SX300.jpg
26303,https://m.media-amazon.com/images/M/MV5BNjNmZjA1YTEtMWEwMi00NjNiLThkYmUtZjg5MDgzMzFiZTNiXkEyXkFqcGc@._V1_SX300.jpg
26308,https://m.media-amazon.com/images/M/MV5BMDRlZTM2ZTItOGZjOC00YTA3LTkzNmUtYjg3NTg5ZDBkMDE0XkEyXkFqcGc@._V1_SX300.jpg
26313,https://m.media-amazon.com/images/M/MV5BNjJlZTkxMzEtMDE2My00M2ZlLWE0ZmEtOTlhYTEzNWM1ZThkXkEyXkFqcGc@._V1_SX300.jpg
26317,https://m.media-amazon.com/images/M/MV5BOGQ0ODJkYTMtMGI4Yy00YmM3LWFkMGEtOTZmMjk3OTJkOWUyXkEyXkFqcGc@._V1_SX300.jpg
26322,https://m.media-amazon.com/images/M/MV5BMjIxMzExMTI4OF5BMl5BanBnXkFtZTgwNzU5MjMxMDE@._V1_SX300.jpg
26326,https://m.media-amazon.com/images/M/MV5BMDU4ZTNiYTMtNDFkYS00ZmJhLWFmOWItYTExMTllMmNiMTRlXkEyXkFqcGc@._V1_SX300.jpg
26340,https://m.media-amazon.com/images/M/MV5BODZmZTllN2UtOWJmZC00MmE5LWJlNjEtNDFmY2UxOGUxN2E0XkEyXkFqcGc@._V1_SX300.jpg
26344,https://m.media-amazon.com/images/M/MV5BZjdiZWZlMjAtMWQ0My00NTYwLTgzODQtYTAyMDA4ODQ0MmEyXkEyXkFqcGc@._V1_SX300.jpg
26347,https://m.media-amazon.com/images/M/MV5BYjgwMjFkMzItOTYzMi00MTI1LTkzYmUtNDFkNDc2MzQyNGUzXkEyXkFqcGc@._V1_SX300.jpg
26350,https://m.media-amazon.com/images/M/MV5BMTgwMWUxYWEtZDA3NC00Y2I4LTgzMGEtMTkwYTE5YzI2ODlmXkEyXkFqcGc@._V1_SX300.jpg
26357,https://m.media-amazon.com/images/M/MV5BNjUyMzQyNzE5NV5BMl5BanBnXkFtZTcwMzk2MDQzMQ@@._V1_SX300.jpg
26359,https://m.media-amazon.com/images/M/MV5BMDQ5MjE4OTUtMDViMC00MzlhLTlmNzktYWNmODBjMDk3M2Q4XkEyXkFqcGc@._V1_SX300.jpg
26365,https://m.media-amazon.com/images/M/MV5BZWNiNWQyZTItY2E1Ni00NjNmLTgyNGEtZGJmYTQxZjc1OTY1XkEyXkFqcGc@._V1_SX300.jpg
26366,https://m.media-amazon.com/images/M/MV5BNDEzMDJlMDgtZTIzMi00YjViLTkxMDgtNmYxZjIzM2FjNDVjXkEyXkFqcGc@._V1_SX300.jpg
26375,https://m.media-amazon.com/images/M/MV5BOGQ1MTQ5ZTgtNzVlYS00OGU3LTg3N2MtYmE0OTFiMDYwMDIyXkEyXkFqcGc@._V1_SX300.jpg
26386,https://m.media-amazon.com/images/M/MV5BYjQ5NzhiOTMtMWUzNC00NDNiLWI2YTYtMWQzYTRiMjRkMWM4XkEyXkFqcGc@._V1_SX300.jpg
26391,https://m.media-amazon.com/images/M/MV5BODk2NmU3ZDEtMzMxNy00ZmQwLWE3NzQtOTljMDM4OWRjYmIxXkEyXkFqcGc@._V1_SX300.jpg
26394,https://m.media-amazon.com/images/M/MV5BYjdkMjZlYzgtZWYwZS00ZWJhLTg4YjQtYzYwNTE2ZTk2YWE1XkEyXkFqcGc@._V1_SX300.jpg
26399,https://m.media-amazon.com/images/M/MV5BOTRmYjljOGItZjc1Mi00MGU5LWIwYTgtOWJkODgxMGY2Zjk3XkEyXkFqcGc@._V1_SX300.jpg
26401,https://m.media-amazon.com/images/M/MV5BNmVlZjQyMDEtMTgxYi00MGRmLTk4NWUtNWQ5NDliYzA3Mzc5XkEyXkFqcGc@._V1_SX300.jpg
26409,https://m.media-amazon.com/images/M/MV5BOGI2MjU2OTAtMWE2NS00MWM1LWIxMmItM2NiYzUxOThhNmI3XkEyXkFqcGc@._V1_SX300.jpg
26413,https://m.media-amazon.com/images/M/MV5BM2RhNTg3NjUtOTE0Zi00NGQ3LTgzM2UtMWEyMjAyNzg2Yzk4XkEyXkFqcGc@._V1_SX300.jpg
26422,https://m.media-amazon.com/images/M/MV5BODUzNjUzNzIzM15BMl5BanBnXkFtZTcwMjc4MjkzNA@@._V1_SX300.jpg
26429,https://m.media-amazon.com/images/M/MV5BOWNjYzc2M2MtZWY4ZC00NjkyLTgwY2MtNmQ2NWI3YWZhYWY1XkEyXkFqcGc@._V1_SX300.jpg
26444,https://m.media-amazon.com/images/M/MV5BMTI2OTMwNDU1NF5BMl5BanBnXkFtZTcwOTIyNzAzMQ@@._V1_SX300.jpg
26453,https://m.media-amazon.com/images/M/MV5BZDM3YjI0OTAtZWYwOC00NzYwLTljOWMtOGU4NTg5ZWM5YTExXkEyXkFqcGc@._V1_SX300.jpg
26464,https://m.media-amazon.com/images/M/MV5BZWVhMGI2MDAtODk5Zi00YmVmLTk5YTQtNmRiMjMyMDAyZDAwXkEyXkFqcGc@._V1_SX300.jpg
26467,https://m.media-amazon.com/images/M/MV5BODVlNmQyMTgtZWNkNy00NDgzLWE4ODItMTI1MzI1NGJjOTgyXkEyXkFqcGc@._V1_SX300.jpg
26471,https://m.media-amazon.com/images/M/MV5BMTQ5MDcyODU0Nl5BMl5BanBnXkFtZTcwMTgxNjA0MQ@@._V1_SX300.jpg
26472,https://m.media-amazon.com/images/M/MV5BMjRkNDM1YWQtNTZlZi00MzI3LTgxZjktMzZhMDA1YTUzY2I4XkEyXkFqcGc@._V1_SX300.jpg
26492,https://m.media-amazon.com/images/M/MV5BZWRlZTVkYTktOThkOC00Y2Q4LWI5NTUtMmNmYjhlOTcwMjA2XkEyXkFqcGc@._V1_SX300.jpg
26498,https://m.media-amazon.com/images/M/MV5BOTY0ZDc4YTgtNjBhZS00Y2NhLTk2MGUtOTI1MjIzYThiZTk0XkEyXkFqcGc@._V1_SX300.jpg
26504,https://m.media-amazon.com/images/M/MV5BMzRiNmE0YzUtOTE3MC00MDc0LTg1ZjktNzE0MWJjOTUyN2RlXkEyXkFqcGc@._V1_SX300.jpg
26510,https://m.media-amazon.com/images/M/MV5BY2E1MDRkMTUtOWFlMy00Y2U0LWJlNGEtMTc2NWU1Y2EwMzUwXkEyXkFqcGc@._V1_SX300.jpg
26523,https://m.media-amazon.com/images/M/MV5BMGYwYWUyZmUtZmFhZC00MjNiLTg3NDgtNzRkZGJjNWE4NzllXkEyXkFqcGc@._V1_SX300.jpg
26524,https://m.media-amazon.com/images/M/MV5BODU3NDVhZjktNTllNy00OTZlLWE1MjctM2VmYjFlODRlOWEzXkEyXkFqcGc@._V1_SX300.jpg
26527,https://m.media-amazon.com/images/M/MV5BNjdjMWM0MzYtMWFkZS00YTMwLTk3ZGQtOTk5ZDdmYTBkMDdkXkEyXkFqcGc@._V1_SX300.jpg
26528,https://m.media-amazon.com/images/M/MV5BMGFjNGEzNjItZjU3Ny00MjM2LWJhOWEtMmFiOTQyY2U3YjExXkEyXkFqcGc@._V1_SX300.jpg
26539,https://m.media-amazon.com/images/M/MV5BMzdiYjUxNTctMWQwZC00NWU4LTliYTctZmQwYTY3MTA1ZmM3XkEyXkFqcGc@._V1_SX300.jpg
26542,https://m.media-amazon.com/images/M/MV5BOTUyNmQzNjktMTA1MC00YjgwLWE1ZjgtMDllNDI1OGMzYjI2XkEyXkFqcGc@._V1_SX300.jpg
26547,https://m.media-amazon.com/images/M/MV5BZTMxMWUxNjctOGNiOC00MzRkLWI1NjktZWUzOGJiZTM2ZDg1XkEyXkFqcGc@._V1_SX300.jpg
26554,https://m.media-amazon.com/images/M/MV5BMzdiZjdmMWMtZDY4Mi00ZDdhLWIwODYtMzA4NWRiNGEyMjM1XkEyXkFqcGc@._V1_SX300.jpg
26555,https://m.media-amazon.com/images/M/MV5BOTA1NzQ1ZTUtNDdjZS00OTk1LWE2ZjUtNTRkODIyYzBmODljXkEyXkFqcGc@._V1_SX300.jpg
26562,https://m.media-amazon.com/images/M/MV5BMTJmNjYyZTctYTI5Yy00NmFlLWFmZTEtNmNjYTlhYzkzYmZiXkEyXkFqcGc@._V1_SX300.jpg
26564,https://m.media-amazon.com/images/M/MV5BMTM3YmIzZmEtZDlmNi00NzY1LTg5NDUtYTBjYTkxNzZiNWJkXkEyXkFqcGc@._V1_SX300.jpg
26567,https://m.media-amazon.com/images/M/MV5BYjViNjhmNWQtZjg2Mi00Mzg1LTllN2EtNmU0NzRlN2E3M2JiXkEyXkFqcGc@._V1_SX300.jpg
26578,https://m.media-amazon.com/images/M/MV5BYWQ5ODRjNzktOTI2OC00ZGFhLWE1MGMtYjEyNTNjODA3NmNlXkEyXkFqcGc@._V1_SX300.jpg
26585,https://m.media-amazon.com/images/M/MV5BZTdlMWM2YjYtMGY3NC00YzM3LWIzZWEtNTg2NjVkZGM1MzFhXkEyXkFqcGc@._V1_SX300.jpg
26587,https://m.media-amazon.com/images/M/MV5BZmUzZjk0NjEtOTFjMC00NDI2LTkwZmEtZWIxYjVjNDEwNWZiXkEyXkFqcGc@._V1_SX300.jpg
26590,https://m.media-amazon.com/images/M/MV5BMTQ0MzIxMTU5N15BMl5BanBnXkFtZTcwMzIzMDUxMQ@@._V1_SX300.jpg
26593,https://m.media-amazon.com/images/M/MV5BOGMwZDMxN2EtODI5NC00ZDU1LTg0ZjItZDVlZTRjMjg4OWVlXkEyXkFqcGc@._V1_SX300.jpg
26599,https://m.media-amazon.com/images/M/MV5BMmRlZjZhYjUtMDJhZC00NGIwLWEyYjEtY2Q3ZTEyM2JkMDEzXkEyXkFqcGc@._V1_SX300.jpg
26603,https://m.media-amazon.com/images/M/MV5BNDYwOThiMDgtMjMyNC00ODY2LTkwNDMtZjJlNWJiN2IyNDliXkEyXkFqcGc@._V1_SX300.jpg
26606,https://m.media-amazon.com/images/M/MV5BZjJjMzVmN2MtMmQ0YS00ZGQ2LTk2MzItYTVjZDI2NGIwZDhiXkEyXkFqcGc@._V1_SX300.jpg
26612,https://m.media-amazon.com/images/M/MV5BNDFjNjc4MzktOWU1MS00YmM5LTgzNzEtYTdkMDNiODFlNDYzXkEyXkFqcGc@._V1_SX300.jpg
26614,https://m.media-amazon.com/images/M/MV5BMTk0ODU3OTE4OV5BMl5BanBnXkFtZTcwOTY1ODAyMQ@@._V1_SX300.jpg
26622,https://m.media-amazon.com/images/M/MV5BMTQyZDJjYmYtYzk3OS00YTQ4LWI1ZDctNTVkZDkwNWY2MmU1XkEyXkFqcGc@._V1_SX300.jpg
26629,https://m.media-amazon.com/images/M/MV5BOWQ0MjRiMzktNGYyMi00YjNkLTg5OGItOGM2MTBlZDAxNWRmXkEyXkFqcGc@._V1_SX300.jpg
26630,https://m.media-amazon.com/images/M/MV5BMWE4YWM2YmYtNWRiMy00ZDBiLTk2YzQtMWQ2ODI2ZWNmN2RjXkEyXkFqcGc@._V1_SX300.jpg
26631,https://m.media-amazon.com/images/M/MV5BNTc2YjhhYjctNTE2ZS00MjAyLThkMjMtY2IyYWU5ODk5YWQyXkEyXkFqcGc@._V1_SX300.jpg
26645,https://m.media-amazon.com/images/M/MV5BODM1MDUyMTEyN15BMl5BanBnXkFtZTgwMTY3MzkwMzE@._V1_SX300.jpg
26649,https://m.media-amazon.com/images/M/MV5BYjUzNmFiZTAtYzA4ZC00ZGUyLWI3NGMtMTBlMGEzYTM4NDljXkEyXkFqcGc@._V1_SX300.jpg
26662,https://m.media-amazon.com/images/M/MV5BOTFhYWI1NGUtZWFhZS00MTdkLWIzZTItMDBhNWNiZDNlMjYyXkEyXkFqcGc@._V1_SX300.jpg
26676,https://m.media-amazon.com/images/M/MV5BYjEyMWQzYTctZDdhYi00Y2NmLWIwMWItOTc1MmViNDRmZmNlXkEyXkFqcGc@._V1_SX300.jpg
26680,https://m.media-amazon.com/images/M/MV5BYTQ4ZWM2NzQtOTM0MC00ZTIyLWI3MTEtZWZjN2U5ZDBhOGU1XkEyXkFqcGc@._V1_SX300.jpg
26681,https://m.media-amazon.com/images/M/MV5BZGZkNWE0MjYtZjBiNy00MDI1LTg3ZDItNDI1NDgyZTQ2OTJjXkEyXkFqcGc@._V1_SX300.jpg
26686,https://m.media-amazon.com/images/M/MV5BYTdkZjNlODEtYzllOS00OTdkLThkODktZTE2ZjJhODZlZmU0XkEyXkFqcGc@._V1_SX300.jpg
26693,https://m.media-amazon.com/images/M/MV5BZDFhODExOTctNTFkZS00NjE1LWE2MWMtY2Q1ZThhMGY5NjJkXkEyXkFqcGc@._V1_SX300.jpg
26694,https://m.media-amazon.com/images/M/MV5BMjY0NTdlZmUtM2M4MS00YjcwLThlMDMtZjg1MmZkOTJiMmY3XkEyXkFqcGc@._V1_SX300.jpg
26695,https://m.media-amazon.com/images/M/MV5BNmIwYzNhZDMtYTA2Zi00NzE4LTlmN2EtZjNkNDk5MjhmYTcyXkEyXkFqcGc@._V1_SX300.jpg
26696,https://m.media-amazon.com/images/M/MV5BZDQwNjgxNmYtN2M3NS00YzhmLThiNjgtZDMzNmE4MTExNDBhXkEyXkFqcGc@._V1_SX300.jpg
26700,https://m.media-amazon.com/images/M/MV5BMDcwZGJkNzgtMmVmYS00MDczLTkzMWYtMTYwZWNmMWQ3MjhmXkEyXkFqcGc@._V1_SX300.jpg
26701,https://m.media-amazon.com/images/M/MV5BNTYyYjYxMjgtZWJkYy00OGExLWJhM2EtNTQ5MjQ1YjhiN2JlXkEyXkFqcGc@._V1_SX300.jpg
26704,https://m.media-amazon.com/images/M/MV5BZDY3ODE5ZjgtNzNhOC00ZmFkLWJiMTMtMjI1MTJiY2JmOTg5XkEyXkFqcGc@._V1_SX300.jpg
26712,https://m.media-amazon.com/images/M/MV5BOTE1OWRhNjctMTQxNy00NWIyLTg4YzktYmU5MTA4ZDQ2MDQxXkEyXkFqcGc@._V1_SX300.jpg
26713,https://m.media-amazon.com/images/M/MV5BMTE0OGQxNmYtMTU0Mi00ZTc1LTk5OGUtZWY2NDIzNTQ0YjgyXkEyXkFqcGc@._V1_SX300.jpg
26717,https://m.media-amazon.com/images/M/MV5BMjA5MTQ2MTgwOF5BMl5BanBnXkFtZTcwMTQ5MjgxMQ@@._V1_SX300.jpg
26726,https://m.media-amazon.com/images/M/MV5BNTUwMGI2MjQtOWYzYy00NGYzLWEzN2YtYTFiODVhYTY2ZDk0XkEyXkFqcGc@._V1_SX300.jpg
26729,https://m.media-amazon.com/images/M/MV5BNjMxMWI2NTItYTAzNC00MGRhLTlkOGItZjA0YmFmNzE5MmU0XkEyXkFqcGc@._V1_SX300.jpg
26732,https://m.media-amazon.com/images/M/MV5BYjlkODRmNjAtZTY0Ni00YzFjLWJkYTMtNTMzNDJlY2Q5OGQ4XkEyXkFqcGc@._V1_SX300.jpg
26736,https://m.media-amazon.com/images/M/MV5BNzMwYzQ5M2QtZjc1Yy00NTNjLWIyY2ItNzRhZjA0MTM2NTgxXkEyXkFqcGc@._V1_SX300.jpg
26741,https://m.media-amazon.com/images/M/MV5BOGU4NTNlNDgtNzRjZS00MDVjLWIxYzYtY2ZmMmQ5ZDI0M2M2XkEyXkFqcGc@._V1_SX300.jpg
26743,https://m.media-amazon.com/images/M/MV5BMTY5NjI2MjQxMl5BMl5BanBnXkFtZTgwMDA2MzM2NzE@._V1_SX300.jpg
26745,https://m.media-amazon.com/images/M/MV5BMWVmM2UyNjAtYjM3OC00ZmFjLWE2ODUtYjg1ZTcxNDg2MzBjXkEyXkFqcGc@._V1_SX300.jpg
26750,https://m.media-amazon.com/images/M/MV5BNjIzZTE4MTgtMjkwZC00YTVmLWE3ZWYtODY3ZDVlODk1NTA4XkEyXkFqcGc@._V1_SX300.jpg
26761,https://m.media-amazon.com/images/M/MV5BMTU2ODczMjQ0Nl5BMl5BanBnXkFtZTcwNTM2MDAwMQ@@._V1_SX300.jpg
26764,https://m.media-amazon.com/images/M/MV5BZjAwNGM0NWUtNmIwZC00OGEzLWFjZGEtMWE5ZjJjM2ZjZThhXkEyXkFqcGc@._V1_SX300.jpg
26765,https://m.media-amazon.com/images/M/MV5BNWQyMmZhYjItZjZjMC00MDU1LWJmM2QtY2U0NzhlNDAyMDQ2XkEyXkFqcGc@._V1_SX300.jpg
26776,https://m.media-amazon.com/images/M/MV5BMmZjOGJmOGYtYjA4Mi00ZTc5LTk1MTUtOWZlNDg2YmNmMDYzXkEyXkFqcGc@._V1_SX300.jpg
26777,https://m.media-amazon.com/images/M/MV5BMjBkZmZlNjktN2I3Mi00MDc1LTljOWMtYWE2ZDk2MDRlM2ZmXkEyXkFqcGc@._V1_SX300.jpg
26778,https://m.media-amazon.com/images/M/MV5BNjY2NjQ2NWUtOGFkNi00ZGRlLWI0NWItMmQxNjljMDIyODA2XkEyXkFqcGc@._V1_SX300.jpg
26782,https://m.media-amazon.com/images/M/MV5BNzZkZTEzZTYtNWI4Mi00NGRkLWIwNzQtMGE5NzRmYTRiNGMyXkEyXkFqcGc@._V1_SX300.jpg
26791,https://m.media-amazon.com/images/M/MV5BOGQxZjBhZWEtMmNiYy00Y2M2LWIwNTctZmQyNWNmZTU1YTk5XkEyXkFqcGc@._V1_SX300.jpg
26792,https://m.media-amazon.com/images/M/MV5BYjg3ZWVhNGEtNzExNy00ODA4LWFlMWQtNmI0OWJmMWQ5ZGZlXkEyXkFqcGc@._V1_SX300.jpg
26796,https://m.media-amazon.com/images/M/MV5BMmFmNWY2ZjQtMTNiZC00NWM0LTk2N2EtYjVjYWZhZDU3MDY3XkEyXkFqcGc@._V1_SX300.jpg
26797,https://m.media-amazon.com/images/M/MV5BMTIwNjU0NjA4Nl5BMl5BanBnXkFtZTcwNDg0NjEzMQ@@._V1_SX300.jpg
26810,https://m.media-amazon.com/images/M/MV5BYWQ0MjNlMmItMGIwNS00ZDA3LThkY2QtMjQ2NTg0NGRkNTZlXkEyXkFqcGc@._V1_SX300.jpg
26812,https://m.media-amazon.com/images/M/MV5BODIxZTQ2NDAtMjkxMS00MDVmLThmODYtNGM0YzMwN2Y5ZWYwXkEyXkFqcGc@._V1_SX300.jpg
26819,https://m.media-amazon.com/images/M/MV5BZTc4MTRkMTktMTFhYi00MGQ1LTlkNDUtNDgxNjk0OTM5NzdhXkEyXkFqcGc@._V1_SX300.jpg
26828,https://m.media-amazon.com/images/M/MV5BODUyZWM3YmEtMDkwZS00NmRiLTk3ZDctMzRjYjIzMjkyNTA4XkEyXkFqcGc@._V1_SX300.jpg
26838,https://m.media-amazon.com/images/M/MV5BMjA3ODE4NDI0Ml5BMl5BanBnXkFtZTcwMjk2OTcxMQ@@._V1_SX300.jpg
26840,https://m.media-amazon.com/images/M/MV5BMjkxYTVjMWUtMGUxNS00OWQ5LTkyNGQtZjI2NDczMmIwNWFjXkEyXkFqcGc@._V1_SX300.jpg
26849,https://m.media-amazon.com/images/M/MV5BNGE3YWRjNjEtNDZiMS00NmM5LTkyNjEtNWQzZTU4ODliZjdmXkEyXkFqcGc@._V1_SX300.jpg
26854,https://m.media-amazon.com/images/M/MV5BNzczZDdhYWEtZDIxNi00NWMzLThiYWQtNTA4YmFkOTk3OTJhXkEyXkFqcGdeQXVyMTQxNzMzNDI@._V1_SX300.jpg
26861,https://m.media-amazon.com/images/M/MV5BZTRkNjM3MzktNjZjMC00MGNiLWExYmYtMzhlYzBiMjA3OTU0XkEyXkFqcGc@._V1_SX300.jpg
26865,https://m.media-amazon.com/images/M/MV5BNGMxNzVjZTctNGZhYS00OTcxLTllMDQtOWQzNWFlNTI1ZTJmXkEyXkFqcGc@._V1_SX300.jpg
26870,https://m.media-amazon.com/images/M/MV5BYmIyNGM0MWItMzg1NS00NWE4LWFmMmYtN2Q5MGVhNDZmY2Y5XkEyXkFqcGc@._V1_SX300.jpg
26871,https://m.media-amazon.com/images/M/MV5BM2NiOWI2MTktMzBlOC00Y2IzLTg0MTctYjUwYTQwMTljYzQ0XkEyXkFqcGc@._V1_SX300.jpg
26875,https://m.media-amazon.com/images/M/MV5BMGJhOTk0NjEtYzcxNi00ZjQwLWE0ZDItMGZhMGYzMTRlMWZhXkEyXkFqcGc@._V1_SX300.jpg
26887,https://m.media-amazon.com/images/M/MV5BYWQ3MzI3ZGEtNjJhOC00ZmFhLWJmNTUtYWQyNTFiNTlhNTEyXkEyXkFqcGc@._V1_SX300.jpg
26900,https://m.media-amazon.com/images/M/MV5BZGIyM2I5MGUtZGQxNC00Njg2LTg5NzYtNDY0ZTA2ODQwMDIzXkEyXkFqcGdeQXVyMjI0MjMwMzQ@._V1_SX300.jpg
26901,https://m.media-amazon.com/images/M/MV5BNjFjMmZkYjYtNjcyOC00OWUwLWFmYzItOThhMWJkN2M1OWNjXkEyXkFqcGc@._V1_SX300.jpg
26903,https://m.media-amazon.com/images/M/MV5BNGE2NTc3Y2YtZTQ5Zi00NzZkLWIyNDUtZmZkZjQ2NWU0ZTIzXkEyXkFqcGc@._V1_SX300.jpg
26913,https://m.media-amazon.com/images/M/MV5BMTVmY2I1YjctMDMwMS00OWFmLWFiNDktMTk2ZDljZDIzYTg4XkEyXkFqcGc@._V1_SX300.jpg
26928,https://m.media-amazon.com/images/M/MV5BZGZiYmM3ZTctZTEyOC00OGNjLTljMmUtNjRmNWFjMTcwNDRlXkEyXkFqcGc@._V1_SX300.jpg
26940,https://m.media-amazon.com/images/M/MV5BZjQ2ZjU2NWYtMDVhMi00YzRjLWIxY2YtN2UwNjgwZTViMDBmXkEyXkFqcGc@._V1_SX300.jpg
26947,https://m.media-amazon.com/images/M/MV5BM2ExMDVmMzgtZDU0Ni00NzgyLTgxYzEtYThhZGM0MjMyMTljXkEyXkFqcGc@._V1_SX300.jpg
26958,https://m.media-amazon.com/images/M/MV5BY2FkMzg3ZmItMjgxYy00NmU1LWJlYmMtZTUyZDFkOGM1OWE2XkEyXkFqcGc@._V1_SX300.jpg
26965,https://m.media-amazon.com/images/M/MV5BNDE0OWJhNjItNWE5YS00ZTI4LWFiMWQtOTI2MGFkZjc4NWUyXkEyXkFqcGc@._V1_SX300.jpg
26974,https://m.media-amazon.com/images/M/MV5BMTQ1NjE4NTU4N15BMl5BanBnXkFtZTgwODkwMDg3NjE@._V1_SX300.jpg
26985,https://m.media-amazon.com/images/M/MV5BODgyY2Y2OGMtYjRkNi00MGFjLWIzM2QtN2MyOWU4YWQ3NDBkXkEyXkFqcGc@._V1_SX300.jpg
26999,https://m.media-amazon.com/images/M/MV5BY2Y3MTk2MDgtOTc1Yy00ZmFjLThlNTEtMDQ1Y2EzZmRjMzVjXkEyXkFqcGdeQXVyNjk1Njg5NTA@._V1_SX300.jpg
27002,https://m.media-amazon.com/images/M/MV5BNTJlOWUxMjEtZmU0ZC00ODI3LWIzNzctOTBjNGVjMDEzZWU2XkEyXkFqcGc@._V1_SX300.jpg
27003,https://m.media-amazon.com/images/M/MV5BOWNjZTNjYzAtNTY5Ni00MzZhLTg0ZjktZTY2NjJkNTRkZGVlXkEyXkFqcGc@._V1_SX300.jpg
27006,https://m.media-amazon.com/images/M/MV5BOGVhZTliYzUtNzUwYS00Nzg0LWFmOTctMjQ5Y2Y2NjA3YzZjXkEyXkFqcGc@._V1_SX300.jpg
27008,https://m.media-amazon.com/images/M/MV5BOTZkNTA2ODItYzY1MC00NWJhLWIwNTYtNmI2NWIxNzA0Yzc5XkEyXkFqcGdeQXVyMTQxNzMzNDI@._V1_SX300.jpg
27020,https://m.media-amazon.com/images/M/MV5BNTZjMTFiNDQtMWZjNy00NWI0LTk5MDgtY2E3NWIxZmU1ODg0XkEyXkFqcGc@._V1_SX300.jpg
27022,https://m.media-amazon.com/images/M/MV5BOGE2MGJkOGMtYzRmMi00Y2ViLWI4YjEtMTZmNzViZDcxYjQ5XkEyXkFqcGc@._V1_SX300.jpg
27032,https://m.media-amazon.com/images/M/MV5BN2E2YTJjNzgtNTk0MS00YzA1LWIxMTItNmExZDA0MDA0YzY3XkEyXkFqcGc@._V1_SX300.jpg
27036,https://m.media-amazon.com/images/M/MV5BZDE5YWExMGMtYTA5ZS00ODNlLTkzMjEtN2U5NDUyYWIxNDZhXkEyXkFqcGc@._V1_SX300.jpg
27074,https://m.media-amazon.com/images/M/MV5BOTQ1NDUwZjItYjA4OS00YmJlLWIzYTQtOWQ2M2U0YzFlNTgyXkEyXkFqcGc@._V1_SX300.jpg
27075,https://m.media-amazon.com/images/M/MV5BZTBmZDFhY2ItMDg4OS00MjVmLWJkZGItNGY3YzNkZDdkYjI2XkEyXkFqcGc@._V1_SX300.jpg
27105,https://m.media-amazon.com/images/M/MV5BMmE1OTM5ZWItMjNjZS00Y2E0LWI1NWUtMjcwMjY5YjYyZGZkXkEyXkFqcGc@._V1_SX300.jpg
27124,https://m.media-amazon.com/images/M/MV5BNDU1MjNmZjUtOGYzMC00OTkyLTlkYjEtZDgwZWUxOGU0OWY1XkEyXkFqcGc@._V1_SX300.jpg
27134,https://m.media-amazon.com/images/M/MV5BN2VmMmZmODEtZjk5ZC00YjNmLWEzNDUtNDBkNTJlOTVmM2VlXkEyXkFqcGc@._V1_SX300.jpg
27140,https://m.media-amazon.com/images/M/MV5BNTVkM2FhMDgtMjY0Ny00YWZlLTgzZWMtNjE2Zjc3ZmZjMjhjL2ltYWdlXkEyXkFqcGdeQXVyMTQxNzMzNDI@._V1_SX300.jpg
27155,https://m.media-amazon.com/images/M/MV5BZmYwMWM1MTEtODA0ZS00OTY3LTgzMTQtOGY5Y2Q2ZmNjNTg1XkEyXkFqcGc@._V1_SX300.jpg
27156,https://m.media-amazon.com/images/M/MV5BMGI2Y2RiYTctYWIwZi00NjA2LWFmYzYtZDhkNTk1ZGNmNDVmXkEyXkFqcGc@._V1_SX300.jpg
27176,https://m.media-amazon.com/images/M/MV5BN2VkYTJjOTctNmFjZS00MWRhLWE3MzctNDhkNTBlMWIxZTVmXkEyXkFqcGc@._V1_SX300.jpg
27178,https://m.media-amazon.com/images/M/MV5BMGM4MjYxZjktNGFmMC00NDI4LWFkOWUtN2IxYmE5NzRiNmM5XkEyXkFqcGc@._V1_SX300.jpg
27186,https://m.media-amazon.com/images/M/MV5BYjc3ZjU0ODUtNDM5ZC00ODY2LWI1OTgtNjgyMzZmN2UwNDhjXkEyXkFqcGc@._V1_SX300.jpg
27193,https://m.media-amazon.com/images/M/MV5BYzBjNDE0YmUtZTIxZS00YzJkLTlhMzAtNjQ4OTExNDQ4YzhlXkEyXkFqcGc@._V1_SX300.jpg
27246,https://m.media-amazon.com/images/M/MV5BZjhhNTgyMzctNGMzMC00ODVkLWJhYjktZTlhOTIwYTgyNjcyXkEyXkFqcGc@._V1_SX300.jpg
27251,https://m.media-amazon.com/images/M/MV5BZTMwYjBjOGYtZWE5Zi00Y2U4LWFiNWItOWJhZGRiYWFmYWM2XkEyXkFqcGc@._V1_SX300.jpg
27255,https://m.media-amazon.com/images/M/MV5BMGI3YmU4MzktMzY2ZC00NTU0LThhOTYtYTY0MmJhODk3ZjFmXkEyXkFqcGc@._V1_SX300.jpg
27266,https://m.media-amazon.com/images/M/MV5BNGM2NTQyM2MtODAzMi00NWVjLTgwNWMtYjNkMjMxZmUwOTU3XkEyXkFqcGc@._V1_SX300.jpg
27306,https://m.media-amazon.com/images/M/MV5BMTMwMDk5ODA1MV5BMl5BanBnXkFtZTYwNzY1OTU3._V1_SX300.jpg
27311,https://m.media-amazon.com/images/M/MV5BNmRmODEwNzctYzU1MS00ZDQ1LWI2NWMtZWFkNTQwNDg1ZDFiXkEyXkFqcGdeQXVyNTI4MjkwNjA@._V1_SX300.jpg
27317,https://m.media-amazon.com/images/M/MV5BMTI5MmFlZjgtNjNhNC00NTFlLWEzZTctYjNjZDdjYjVmNjExXkEyXkFqcGc@._V1_SX300.jpg
27320,https://m.media-amazon.com/images/M/MV5BOGNkNzEwZTItY2M3MS00MzU3LWFiZmQtYmU4Y2EyNDIyYmM4XkEyXkFqcGc@._V1_SX300.jpg
27328,https://m.media-amazon.com/images/M/MV5BNjhlNmFmYzQtYTQxNy00NzAzLWIxNDItNmJhYmM3OGViNTY1XkEyXkFqcGdeQXVyMTIxMDUyOTI@._V1_SX300.jpg
27329,https://m.media-amazon.com/images/M/MV5BMTUwMTQ1MzczN15BMl5BanBnXkFtZTYwMTQxNjA5._V1_SX300.jpg
27368,https://m.media-amazon.com/images/M/MV5BMGYxYzkwZGUtNzkzNS00YTE2LWE2MjUtN2Q4YWY1ZjQ4ZDFjXkEyXkFqcGc@._V1_SX300.jpg
27369,https://m.media-amazon.com/images/M/MV5BZjY1YjQ4ODYtZDQ2OS00NDZmLWJhYjktOWM0NjRhN2Y5MDgwXkEyXkFqcGc@._V1_SX300.jpg
27370,https://m.media-amazon.com/images/M/MV5BMTY1MzkwMzQ2MV5BMl5BanBnXkFtZTYwMTgwNDg5._V1_SX300.jpg
27373,https://m.media-amazon.com/images/M/MV5BMzlhMTg4YmQtNmIxNS00NDA0LTgxOTItYTYzZDZiM2NlMDc3XkEyXkFqcGc@._V1_SX300.jpg
27397,https://m.media-amazon.com/images/M/MV5BMTI1NDA4NTMyN15BMl5BanBnXkFtZTYwNTA2ODc5._V1_SX300.jpg
27408,https://m.media-amazon.com/images/M/MV5BNzM2ZDhlYjEtZDQ5Yy00NDU5LTk0NjEtNTg1OTdmNmEyNTZjXkEyXkFqcGc@._V1_SX300.jpg
27416,https://m.media-amazon.com/images/M/MV5BYTM0YWY0NGMtM2M5Mi00M2FkLTg3OTktZWUyMDMzYjExNmUxXkEyXkFqcGc@._V1_SX300.jpg
27420,https://m.media-amazon.com/images/M/MV5BYmQzZGIwZTEtMGEzMi00YjQ3LTgxZDMtNmM1MGI0MmQ2ZjQyXkEyXkFqcGc@._V1_SX300.jpg
27426,https://m.media-amazon.com/images/M/MV5BYTEzM2VhYWYtMzgwMS00MzUyLTk2MWUtZGRlMjk0Mjk5ZDUzXkEyXkFqcGc@._V1_SX300.jpg
27434,https://m.media-amazon.com/images/M/MV5BODc3ODdlMWMtY2M4OS00YWY1LTg1M2ItZWZiYmQ4YjE5YmJmXkEyXkFqcGc@._V1_SX300.jpg
27441,https://m.media-amazon.com/images/M/MV5BMWVjNDYwZmUtMzc4ZS00ZWEzLThjYmMtYmU2ZDE3Yjk4MmYzXkEyXkFqcGc@._V1_SX300.jpg
27450,https://m.media-amazon.com/images/M/MV5BMTUyOTk3MDUwOV5BMl5BanBnXkFtZTgwNjc0NjgwMzE@._V1_SX300.jpg
27473,https://m.media-amazon.com/images/M/MV5BMjFiNWFjYmUtZThmZi00MThmLWE4OWYtMjFiZmRiZWMzYmRiXkEyXkFqcGdeQXVyNjU0NTI0Nw@@._V1_SX300.jpg
27478,https://m.media-amazon.com/images/M/MV5BYjg2NzAxMzYtNDRlZS00ZjQ3LWE4YWItMDBmZWUxYjdiZDQ5XkEyXkFqcGc@._V1_SX300.jpg
27480,https://m.media-amazon.com/images/M/MV5BMDEyNWYyMTktZjE4Zi00NTc4LTg4YWUtYjY2MzQ3MTBlNGZlXkEyXkFqcGc@._V1_SX300.jpg
27482,https://m.media-amazon.com/images/M/MV5BNDg1Yzk1MzYtZWQ5OC00YWYyLWI2NjgtMzM1NzI3MjQyZDRkXkEyXkFqcGc@._V1_SX300.jpg
27491,https://m.media-amazon.com/images/M/MV5BMmUyMTFiZGYtMTgxMC00ZmY2LWJkOGMtYjhhMTIxZDZkZGYxXkEyXkFqcGc@._V1_SX300.jpg
27513,https://m.media-amazon.com/images/M/MV5BYTc5MjJkNjQtY2M1ZC00OGVmLWI2YjItNmEzYjU0ZjJhMjliXkEyXkFqcGc@._V1_SX300.jpg
27523,https://m.media-amazon.com/images/M/MV5BNjNlYTg0MGItM2VhMy00NTZhLTlmNTktM2NmYmM4YmJhYmZkXkEyXkFqcGc@._V1_SX300.jpg
27537,https://m.media-amazon.com/images/M/MV5BY2Q5NGEyYTItMTc1Mi00ZjE5LTkyMmYtNWQzOTdiZDEwNjk1XkEyXkFqcGc@._V1_SX300.jpg
27539,https://m.media-amazon.com/images/M/MV5BNTkwODM1MDI0M15BMl5BanBnXkFtZTcwODk3NzQ0MQ@@._V1_SX300.jpg
27549,https://m.media-amazon.com/images/M/MV5BZTllODQ5MTItOGZiMC00NTc3LWI4NGQtYjI5NGI1OWNlNjBkXkEyXkFqcGc@._V1_SX300.jpg
27555,https://m.media-amazon.com/images/M/MV5BMTU3MzY0NzgwN15BMl5BanBnXkFtZTcwMDgxOTUyMQ@@._V1_SX300.jpg
27563,https://m.media-amazon.com/images/M/MV5BZmMyNmZlODUtMmNkMS00NmU0LWFhYWMtNjZlM2MzMjQzOWMyXkEyXkFqcGc@._V1_SX300.jpg
27584,https://m.media-amazon.com/images/M/MV5BZGZmZGI5ZTMtZWIzMS00NzBhLWJiNGEtM2Q3MjI5OGMzZThiXkEyXkFqcGc@._V1_SX300.jpg
27592,https://m.media-amazon.com/images/M/MV5BM2ZlYmM2OGUtMzkxMS00YjZlLTg4NjctZjc3OWRlYjY0YmI1XkEyXkFqcGc@._V1_SX300.jpg
27595,https://m.media-amazon.com/images/M/MV5BMTcwMjY5NzY4OV5BMl5BanBnXkFtZTcwNTk5NjAwMQ@@._V1_SX300.jpg
27604,https://m.media-amazon.com/images/M/MV5BZjZhODIwYWUtNjAxZi00YmM5LWFiYTItMjQwNmI1MzExNzBjXkEyXkFqcGc@._V1_SX300.jpg
27611,https://m.media-amazon.com/images/M/MV5BNjYwYTVjMWMtZDEwYS00ODUzLWIwN2UtYTRjODUxYzU4MWEzXkEyXkFqcGc@._V1_SX300.jpg
27618,https://m.media-amazon.com/images/M/MV5BZGUzZmZjYzctNzIzYy00ZmQ1LWIyODQtZTA0OTc4YTEzNDVlXkEyXkFqcGc@._V1_SX300.jpg
27619,https://m.media-amazon.com/images/M/MV5BOGZiMDQ1YTQtMGVlOC00OTJiLWFkYzMtYjdiYmY0NWM5YzVjXkEyXkFqcGdeQXVyOTg4MDk3MTQ@._V1_SX300.jpg
27627,https://m.media-amazon.com/images/M/MV5BZjAwZWVjOGMtODA5OS00YWEwLWFhYTYtZGRlZWYxNzkzYzE1XkEyXkFqcGc@._V1_SX300.jpg
27644,https://m.media-amazon.com/images/M/MV5BYzNjYWMxNDEtODAyZC00YWFmLTk1YjYtYzgyOTU3OGNiZjA3XkEyXkFqcGc@._V1_SX300.jpg
27660,https://m.media-amazon.com/images/M/MV5BZWRiODljNzUtZDkwOC00N2EwLTllMDAtOGQ4MmQ2YWY2MTBiXkEyXkFqcGdeQXVyNDQ0MTYzMDA@._V1_SX300.jpg
27664,https://m.media-amazon.com/images/M/MV5BZmQzMDg5YjUtNjRmOC00NzZhLWJlYzYtNjhlYTE4NzI1NjgyXkEyXkFqcGc@._V1_SX300.jpg
27667,https://m.media-amazon.com/images/M/MV5BZmI4NWNkYmYtMTgzNi00NTdmLWIzNTctOGQxYzc1ZTZlMTQ4XkEyXkFqcGdeQXVyMTQxNzMzNDI@._V1_SX300.jpg
27674,https://m.media-amazon.com/images/M/MV5BYTk2YjI3MTctN2JhOC00YjBmLThmZjktMTFlZGZjMGRlYjhmXkEyXkFqcGc@._V1_SX300.jpg
27683,https://m.media-amazon.com/images/M/MV5BNGExYzc5YzYtMTRjNy00ZTJiLWJiNDktZDk0MzllMmVhZWIyXkEyXkFqcGdeQXVyMTQxNzMzNDI@._V1_SX300.jpg
27685,https://m.media-amazon.com/images/M/MV5BMzJjYTVmYTctOGJiNS00ZDg3LTkxYjItYmZkOWMzOTA1MmYwXkEyXkFqcGdeQXVyMTY5Nzc4MDY@._V1_SX300.jpg
27689,https://m.media-amazon.com/images/M/MV5BYWI0NTZlNTItNDFlMy00OGJmLWE1NjktYjBkYzQzMzhjYjdjXkEyXkFqcGc@._V1_SX300.jpg
27692,https://m.media-amazon.com/images/M/MV5BOGViNTY0OGUtNTUxMS00ODM5LWJhNDItNzhjM2JjNDg2ZDlmXkEyXkFqcGc@._V1_SX300.jpg
27695,https://m.media-amazon.com/images/M/MV5BYmIxZGJhZDgtYTkzMC00NzY0LWI2ZDItZDE1ZjQ5ZjhmNzU0XkEyXkFqcGdeQXVyMTU3NDU4MDg2._V1_SX300.jpg
27704,https://m.media-amazon.com/images/M/MV5BMzMzMmM4OGItYTBhNS00MzEyLTliNWQtMWU5MmUxYWJiZTAxXkEyXkFqcGc@._V1_SX300.jpg
27705,https://m.media-amazon.com/images/M/MV5BNzA4NGU2ZTQtNGRiMy00ODAxLTk3YmUtOTkyNGMwMGJjZjlkXkEyXkFqcGc@._V1_SX300.jpg
27706,https://m.media-amazon.com/images/M/MV5BMjE3MDM4NTg0NV5BMl5BanBnXkFtZTcwNjI4MTczMw@@._V1_SX300.jpg
27708,https://m.media-amazon.com/images/M/MV5BMTIyNTMxNTI4Ml5BMl5BanBnXkFtZTcwNDM1NTMyMQ@@._V1_SX300.jpg
27716,https://m.media-amazon.com/images/M/MV5BMTY2ODQ0NjQyMF5BMl5BanBnXkFtZTcwNDE3MDg4NA@@._V1_SX300.jpg
27721,https://m.media-amazon.com/images/M/MV5BYTY3MmY3ODktZWJmNy00NTQ3LWIzNzYtNGNhZmQ5YjI2NGRjXkEyXkFqcGc@._V1_SX300.jpg
27722,https://m.media-amazon.com/images/M/MV5BYTdkMzA5ODQtYTFjNS00NGMzLWE1YzAtMThkNDQwNzRhZDgwXkEyXkFqcGc@._V1_SX300.jpg
27728,https://m.media-amazon.com/images/M/MV5BNzQ5Y2NkYjktMjhlNS00YWQ2LTg0ZDItZjFmZGE0ZDE3MWQ3XkEyXkFqcGc@._V1_SX300.jpg
27731,https://m.media-amazon.com/images/M/MV5BNDEwZDkyNWItYzM3OC00N2Q1LTk0YmEtYjIxZWJlNGFjNTE3XkEyXkFqcGc@._V1_SX300.jpg
27741,https://m.media-amazon.com/images/M/MV5BM2U2NDM3YjItOTA5Yi00YTQyLWFlZjMtMjNiMzhmMzE1NTNkXkEyXkFqcGc@._V1_SX300.jpg
27744,https://m.media-amazon.com/images/M/MV5BMTU3OTA4NzI0Ml5BMl5BanBnXkFtZTcwMTk2MDYyMQ@@._V1_SX300.jpg
27746,https://m.media-amazon.com/images/M/MV5BMTgxNjI0MzQzOF5BMl5BanBnXkFtZTYwOTA3NDY3._V1_SX300.jpg
27751,https://m.media-amazon.com/images/M/MV5BMTQzMzQ2Nzg5M15BMl5BanBnXkFtZTYwOTU1Mjk2._V1_SX300.jpg
27762,https://m.media-amazon.com/images/M/MV5BMzI5MDkxNDg3OV5BMl5BanBnXkFtZTcwODgwOTQyMQ@@._V1_SX300.jpg
27768,https://m.media-amazon.com/images/M/MV5BMTI1MzczNDM1NV5BMl5BanBnXkFtZTcwMTUyMzYyMQ@@._V1_SX300.jpg
27769,https://m.media-amazon.com/images/M/MV5BMTIyMDU0MTQzMl5BMl5BanBnXkFtZTcwNzE3NTEzMQ@@._V1_SX300.jpg
27772,https://m.media-amazon.com/images/M/MV5BOWE4NGE1NGYtMmRjNS00YjgyLTkxZmYtN2Y1OWY4MzcwMTgwXkEyXkFqcGc@._V1_SX300.jpg
27773,https://m.media-amazon.com/images/M/MV5BMTI3NTQyMzU5M15BMl5BanBnXkFtZTcwMTM2MjgyMQ@@._V1_SX300.jpg
27776,https://m.media-amazon.com/images/M/MV5BMTgxNDY2Mjk5N15BMl5BanBnXkFtZTcwMDcyODYyMQ@@._V1_SX300.jpg
27778,https://m.media-amazon.com/images/M/MV5BMTg1NTg3OTI4N15BMl5BanBnXkFtZTcwNDAxNDYwNQ@@._V1_SX300.jpg
27784,https://m.media-amazon.com/images/M/MV5BYjE0Nzk1NzMtOWVjOS00YTM2LTkxZmMtNjMxMGYyNjgwY2Q0XkEyXkFqcGc@._V1_SX300.jpg
27788,https://m.media-amazon.com/images/M/MV5BNWYzYjg3MDItYzJmZC00MGI4LWFlYzktYzQ0NGMwNjg4ZTBlXkEyXkFqcGc@._V1_SX300.jpg
27790,https://m.media-amazon.com/images/M/MV5BYjJiYjIxZDktYmM1MS00NDQ5LWIzMjEtNTJlYmQ5ZjI4YWQwXkEyXkFqcGc@._V1_SX300.jpg
27793,https://m.media-amazon.com/images/M/MV5BOWNiNzRlOWMtNzY2Yi00M2MzLWE0MGEtYzM0NmZhODk3NjUyXkEyXkFqcGdeQXVyNDc2NjEyMw@@._V1_SX300.jpg
27801,https://m.media-amazon.com/images/M/MV5BOTcwMTAzNDItODg2MC00MjE0LWEyNzYtYzZjNjZmNjdhODE2XkEyXkFqcGc@._V1_SX300.jpg
27802,https://m.media-amazon.com/images/M/MV5BMWJjMWVlNjAtNTQ0YS00ZDk1LWE0YjktNzQzODZiZDI1NmQ5XkEyXkFqcGc@._V1_SX300.jpg
27803,https://m.media-amazon.com/images/M/MV5BMjE0NDk2NjgwMV5BMl5BanBnXkFtZTYwMTgyMzA3._V1_SX300.jpg
27808,https://m.media-amazon.com/images/M/MV5BZTUxM2JiZTAtNjJlMC00NGM5LTgyNDYtNjQ3NWFiODcyZjY2XkEyXkFqcGc@._V1_SX300.jpg
27815,https://m.media-amazon.com/images/M/MV5BZjE1ZWFmMjItNDE5Yy00OTEyLWIxMjQtMmU0MDYzMjU4NjMzXkEyXkFqcGc@._V1_SX300.jpg
27816,https://m.media-amazon.com/images/M/MV5BMjA5NDEyNjg3NV5BMl5BanBnXkFtZTYwNDMyMjk2._V1_SX300.jpg
27820,https://m.media-amazon.com/images/M/MV5BMTcwOTk3NjI2Nl5BMl5BanBnXkFtZTcwODQxOTUyMQ@@._V1_SX300.jpg
27821,https://m.media-amazon.com/images/M/MV5BODhjNGUzMDQtOGZlNC00YzU1LTg1MjAtOTE3ZmFhM2Y5NWEyXkEyXkFqcGc@._V1_SX300.jpg
27822,https://m.media-amazon.com/images/M/MV5BNjQ5ODAyOTk3OF5BMl5BanBnXkFtZTcwNzQ1NjYyMQ@@._V1_SX300.jpg
27826,https://m.media-amazon.com/images/M/MV5BMDFkMWIzMTMtZTliZC00YmNiLWI1NmQtZWIwMzRiOWQ4NDM0XkEyXkFqcGc@._V1_SX300.jpg
27829,https://m.media-amazon.com/images/M/MV5BMTY5NDAzMzMzM15BMl5BanBnXkFtZTcwOTAwMDYyMQ@@._V1_SX300.jpg
27830,https://m.media-amazon.com/images/M/MV5BMTQxMzk1MTY4OV5BMl5BanBnXkFtZTYwMDM0MzE3._V1_SX300.jpg
27831,https://m.media-amazon.com/images/M/MV5BMTI5MTE1OTAzOV5BMl5BanBnXkFtZTcwNDc2OTgyMQ@@._V1_SX300.jpg
27834,https://m.media-amazon.com/images/M/MV5BZDNjNGVjZDctYzAwYi00ZWRhLWFhMmItNGZjZjAzNmE2MTIwXkEyXkFqcGc@._V1_SX300.jpg
27837,https://m.media-amazon.com/images/M/MV5BMTYyMjY4MzcwNF5BMl5BanBnXkFtZTcwNDQ5MzcyMQ@@._V1_SX300.jpg
27838,https://m.media-amazon.com/images/M/MV5BOGVjZDhkZDctODIyOS00YjQ3LTkwNWYtNzUyNzJiNzNiZmM0XkEyXkFqcGc@._V1_SX300.jpg
27839,https://m.media-amazon.com/images/M/MV5BMTY2ODc2NTQ2OF5BMl5BanBnXkFtZTYwNzA4OTU3._V1_SX300.jpg
27846,https://m.media-amazon.com/images/M/MV5BMTQxMjMzMTczM15BMl5BanBnXkFtZTcwNzg5MzUyMQ@@._V1_SX300.jpg
27850,https://m.media-amazon.com/images/M/MV5BMTgxMjI2NzgxMl5BMl5BanBnXkFtZTcwMDIyMzk3NA@@._V1_SX300.jpg
27865,https://m.media-amazon.com/images/M/MV5BNWU2MjZjNzAtNjU4Zi00YzM5LTllMmYtZDc1MWFlMDViYzhmXkEyXkFqcGc@._V1_SX300.jpg
27866,https://m.media-amazon.com/images/M/MV5BYzZmMmQ0ZjMtMjVhMy00NDE5LWFiMTMtYjYwNmZiMWE1NGVjXkEyXkFqcGc@._V1_SX300.jpg
27869,https://m.media-amazon.com/images/M/MV5BNjUzNTVlYzQtOGYxMy00NmExLTgzYTQtOGEyM2YyM2YzYjJkXkEyXkFqcGc@._V1_SX300.jpg
27873,https://m.media-amazon.com/images/M/MV5BMjA4MzY1Nzc3NF5BMl5BanBnXkFtZTYwMzUxNTU3._V1_SX300.jpg
27878,https://m.media-amazon.com/images/M/MV5BMTY0Nzc4NDEwNl5BMl5BanBnXkFtZTcwMjMyNzcyMQ@@._V1_SX300.jpg
27879,https://m.media-amazon.com/images/M/MV5BMTUwOTAwMjE1M15BMl5BanBnXkFtZTgwNjMzNTc5MzE@._V1_SX300.jpg
27882,https://m.media-amazon.com/images/M/MV5BNGRmYjU5NjYtNWQ1NC00NTA2LTg3YjUtNGM3YWM5YTg0NDhiXkEyXkFqcGc@._V1_SX300.jpg
27899,https://m.media-amazon.com/images/M/MV5BMTQ5MjM4NjIyNl5BMl5BanBnXkFtZTYwNTUzMjQ3._V1_SX300.jpg
27904,https://m.media-amazon.com/images/M/MV5BMDliMjJiYTYtYWU0YS00OTUzLWI4MjMtYmM1YzgxNDcwOTZjXkEyXkFqcGc@._V1_SX300.jpg
27905,https://m.media-amazon.com/images/M/MV5BMzRmN2E0MmMtNGUxZi00YTQ0LWExN2QtZmY0OGQ3NzdlN2Y2XkEyXkFqcGc@._V1_SX300.jpg
27912,https://m.media-amazon.com/images/M/MV5BMjEyMzI1NDIxMl5BMl5BanBnXkFtZTcwNTg5NDYyMQ@@._V1_SX300.jpg
30707,https://m.media-amazon.com/images/M/MV5BMTkxNzA1NDQxOV5BMl5BanBnXkFtZTcwNTkyMTIzMw@@._V1_SX300.jpg
30745,https://m.media-amazon.com/images/M/MV5BMjUyOTdhYzctZWVlOS00YWQ3LThhOGUtYTI2ZDI4NDEzMjlkXkEyXkFqcGc@._V1_SX300.jpg
30749,https://m.media-amazon.com/images/M/MV5BY2FmMWRmZmQtN2IzMS00OGVmLWFmNjktMTM0YWQzODcwYTEwXkEyXkFqcGc@._V1_SX300.jpg
30793,https://m.media-amazon.com/images/M/MV5BNjcxMjg1Njg2NF5BMl5BanBnXkFtZTcwMjQ4NzMzMw@@._V1_SX300.jpg
30803,https://m.media-amazon.com/images/M/MV5BMTM1ODIwNzM5OV5BMl5BanBnXkFtZTcwNjk5MDkyMQ@@._V1_SX300.jpg
30810,https://m.media-amazon.com/images/M/MV5BMTYzODYzNzg2MF5BMl5BanBnXkFtZTcwMTkzOTQzMw@@._V1_SX300.jpg
30812,https://m.media-amazon.com/images/M/MV5BYTUyYWJlNDgtOTM5Ny00YTQ3LWFmYTgtZjJiNTNkYjJlMmY4XkEyXkFqcGc@._V1_SX300.jpg
30816,https://m.media-amazon.com/images/M/MV5BNDczNzg4OTM3MV5BMl5BanBnXkFtZTcwOTQzMTEzMw@@._V1_SX300.jpg
30818,https://m.media-amazon.com/images/M/MV5BMTY2MzI0ODE3NF5BMl5BanBnXkFtZTYwODI4NDM3._V1_SX300.jpg
30820,https://m.media-amazon.com/images/M/MV5BMTk2NDI1NjM2OV5BMl5BanBnXkFtZTcwMjIzMTg4NA@@._V1_SX300.jpg
30822,https://m.media-amazon.com/images/M/MV5BMjgzMjZhZGItZjM3YS00MTRkLWI4OTgtMmJiMDdmYTIyZDdhXkEyXkFqcGc@._V1_SX300.jpg
30825,https://m.media-amazon.com/images/M/MV5BMGI0NDZhODctZWYwNC00ZGZhLTg2N2UtMzdiZjM0OTM4NTY0XkEyXkFqcGc@._V1_SX300.jpg
30846,https://m.media-amazon.com/images/M/MV5BODQyMGJhZDUtODY0Ny00MGUwLWI4YTctN2IzNWE0ZjA0ZjMwXkEyXkFqcGc@._V1_SX300.jpg
30848,https://m.media-amazon.com/images/M/MV5BNmZjODdlN2QtMGJhYi00MzIwLThlMTAtMmJlNzkzZGU0YjA0XkEyXkFqcGc@._V1_SX300.jpg
30850,https://m.media-amazon.com/images/M/MV5BY2I5NjkxZjYtYWM1NS00M2MzLTk0MTEtNmE2OTAxMzIwNDQxXkEyXkFqcGc@._V1_SX300.jpg
30883,https://m.media-amazon.com/images/M/MV5BMTg2MzYxMDI2M15BMl5BanBnXkFtZTYwNTAzNTM3._V1_SX300.jpg
30890,https://m.media-amazon.com/images/M/MV5BMjM5ZmM4NzgtZDQ0MS00MjdlLTk1NTAtYjRlNThiMzJkZWRkXkEyXkFqcGdeQXVyMTUyNjc3NDQ4._V1_SX300.jpg
30892,https://m.media-amazon.com/images/M/MV5BMTUwMjU5MTk0Nl5BMl5BanBnXkFtZTcwOTM0NjcyMQ@@._V1_SX300.jpg
30894,https://m.media-amazon.com/images/M/MV5BZmM5YmFjNTUtZmQ4Yi00M2FkLThmM2MtZTMyZWEyYjBiZjkzXkEyXkFqcGc@._V1_SX300.jpg
30898,https://m.media-amazon.com/images/M/MV5BMTIyODM2MzUzM15BMl5BanBnXkFtZTcwMDQ4MzgyMQ@@._V1_SX300.jpg
30994,https://m.media-amazon.com/images/M/MV5BOGUxZmJkYzItYjc4Ni00M2RjLWJiNjgtZmUxNmJmNWRiMzFmXkEyXkFqcGc@._V1_SX300.jpg
31000,https://m.media-amazon.com/images/M/MV5BNDk2ZDAzNGMtZDJmNy00OWFkLTgzMWEtOWRhMzNlYmNkYjgyXkEyXkFqcGc@._V1_SX300.jpg
31030,https://m.media-amazon.com/images/M/MV5BZjFkZDcwNzItNmJkZS00OGFkLThiY2UtZmI1NjViM2M4OGZiXkEyXkFqcGc@._V1_SX300.jpg
31038,https://m.media-amazon.com/images/M/MV5BYTI2MDUwNzItNTE2NC00NTdjLTkzZDMtZDk0YjU4YzYxYjcxXkEyXkFqcGc@._V1_SX300.jpg
31049,https://m.media-amazon.com/images/M/MV5BMjU5YTgzOTktMGYwYy00YjlhLWIxMTQtZTYwYzEwOGUwNDM0XkEyXkFqcGc@._V1_SX300.jpg
31083,https://m.media-amazon.com/images/M/MV5BZWI0YzQxOGItN2Q2NC00ZjdlLWJlNTMtOGRlZDY4MzZkNWM4XkEyXkFqcGc@._V1_SX300.jpg
31086,https://m.media-amazon.com/images/M/MV5BNTQ2MWUyYmItNjc5Yi00MGQwLTk5OTYtOTIzZmYyYjJhNjQwXkEyXkFqcGc@._V1_SX300.jpg
31101,https://m.media-amazon.com/images/M/MV5BMTU4MTgyMDcwMV5BMl5BanBnXkFtZTcwNjA0NTYyMQ@@._V1_SX300.jpg
31114,https://m.media-amazon.com/images/M/MV5BMTcyNjY5ODYzMF5BMl5BanBnXkFtZTYwMDg2MjY2._V1_SX300.jpg
31116,https://m.media-amazon.com/images/M/MV5BMzYxMTYzMTMtNjk0Yy00NjMyLWIyMjUtNjk4ZDUwMzFkNDZmXkEyXkFqcGc@._V1_SX300.jpg
31123,https://m.media-amazon.com/images/M/MV5BYTM1YWU3NDYtNTkxOC00MjE5LTg5Y2UtOThjM2RjMTMzMTFlXkEyXkFqcGc@._V1_SX300.jpg
31150,https://m.media-amazon.com/images/M/MV5BZjhjOTIwNDItOGUwNC00YjMxLTkxM2QtMzAzYzg0ZDQyN2U4XkEyXkFqcGc@._V1_SX300.jpg
31162,https://m.media-amazon.com/images/M/MV5BYWFkMDBmYmItMGI3My00NmRjLWJiODUtY2M2MTFmNzNmNDk5XkEyXkFqcGc@._V1_SX300.jpg
31184,https://m.media-amazon.com/images/M/MV5BNWMxMzBkMTYtZDNmZS00YWUyLTliYTctY2MzNTY5MmVhMTQyXkEyXkFqcGc@._V1_SX300.jpg
31193,https://m.media-amazon.com/images/M/MV5BYzkwMmI1YjktNDM4Ni00MmU5LWEyYWQtNTgyNjcxOTQ2OWJhXkEyXkFqcGc@._V1_SX300.jpg
31221,https://m.media-amazon.com/images/M/MV5BMTI3MTUwNzM5MV5BMl5BanBnXkFtZTcwNzczMDIzMw@@._V1_SX300.jpg
31223,https://m.media-amazon.com/images/M/MV5BMjE0NDA2MTQwM15BMl5BanBnXkFtZTcwMzYxNDcyMQ@@._V1_SX300.jpg
31225,https://m.media-amazon.com/images/M/MV5BNjk0M2Y4ZTUtNzA3MS00MWYwLThmYjktMmYzNzVkYzQ3NmFlXkEyXkFqcGc@._V1_SX300.jpg
31260,https://m.media-amazon.com/images/M/MV5BN2UyNmM2MjAtYzdmYS00ODNkLWE0NTUtYmRlYzM5OTllYTE4XkEyXkFqcGc@._V1_SX300.jpg
31297,https://m.media-amazon.com/images/M/MV5BNDhhMDRmNzAtZWU1YS00YzM5LTlkZDgtNDU0ODY5ZThiOGMzXkEyXkFqcGc@._V1_SX300.jpg
31309,https://m.media-amazon.com/images/M/MV5BOTkyMjczYWUtZjFiMi00YWNlLWJlYjctNzc3YmM5YjVhY2UyXkEyXkFqcGc@._V1_SX300.jpg
31364,https://m.media-amazon.com/images/M/MV5BYmRjOWE5NmMtYTdkYS00ODFlLWJiMTMtYzE2NDZlZjlkZDQ0XkEyXkFqcGc@._V1_SX300.jpg
31367,https://m.media-amazon.com/images/M/MV5BZjcyOGUwM2UtNDViMi00YzZhLWFhMzctNDNmMjkxYTc2OWEyXkEyXkFqcGc@._V1_SX300.jpg
31410,https://m.media-amazon.com/images/M/MV5BMTU0NTU5NTAyMl5BMl5BanBnXkFtZTYwNzYwMDg2._V1_SX300.jpg
31420,https://m.media-amazon.com/images/M/MV5BMTk4OTM3ODU4NF5BMl5BanBnXkFtZTcwNTM0NjcyMQ@@._V1_SX300.jpg
31422,https://m.media-amazon.com/images/M/MV5BNDllNWNiZDYtMGUzNC00ZGFiLTgzNWQtNjk4YTFkNmM5OWFmXkEyXkFqcGc@._V1_SX300.jpg
31424,https://m.media-amazon.com/images/M/MV5BMTIxNDI5ODY2MF5BMl5BanBnXkFtZTcwNzQ1NzcyMQ@@._V1_SX300.jpg
31427,https://m.media-amazon.com/images/M/MV5BMjA1MDkxNDY4OV5BMl5BanBnXkFtZTYwMzE4ODc3._V1_SX300.jpg
31431,https://m.media-amazon.com/images/M/MV5BOTVlNGJlNzYtNjkyNi00OWM0LWFhZGUtMzk5MGY0ZDllM2Q3XkEyXkFqcGc@._V1_SX300.jpg
31433,https://m.media-amazon.com/images/M/MV5BNDkxNzUxMTUtYjc2NC00NTJlLTgyMWYtYWQ2Y2JjN2ExNWQ1XkEyXkFqcGc@._V1_SX300.jpg
31435,https://m.media-amazon.com/images/M/MV5BN2VjMTBhMmItYTBmNy00ZmIzLWJmNjgtYTZhYjdhOTE4M2JhXkEyXkFqcGc@._V1_SX300.jpg
31437,https://m.media-amazon.com/images/M/MV5BYTBmMTY2ZmMtNWY2Ni00Y2I0LTgyMmUtN2ZiODdjYjExZWZhXkEyXkFqcGc@._V1_SX300.jpg
31445,https://m.media-amazon.com/images/M/MV5BN2VkYWE5MzYtNDE1OS00YjI3LWI5ODMtNmVkNDVhYWZmYjMyXkEyXkFqcGc@._V1_SX300.jpg
31522,https://m.media-amazon.com/images/M/MV5BOGE3OTIyNzAtMDk3Yy00MTlhLTk0MDUtZjljMWE0ZGU3MjIzXkEyXkFqcGc@._V1_SX300.jpg
31545,https://m.media-amazon.com/images/M/MV5BMTQ4NDE0OWItMjk3MS00YTkwLWE5NDItNzAzNjE1MmJlOTdkXkEyXkFqcGc@._V1_SX300.jpg
31553,https://m.media-amazon.com/images/M/MV5BOGQyMWZiNWUtYzcxMS00NjMzLWFmZWUtNTc4OTQ0ZjU2N2Q3XkEyXkFqcGc@._V1_SX300.jpg
31590,https://m.media-amazon.com/images/M/MV5BYTcwMjNmMWItYjQxYi00OTJhLWEwYWUtNGEzNzg0ZTk3MzJiXkEyXkFqcGc@._V1_SX300.jpg
31610,https://m.media-amazon.com/images/M/MV5BZWMzMTVhMTUtOGE3MS00YjgwLTg5YzctZjE5NDQ4MmEwZDgxXkEyXkFqcGc@._V1_SX300.jpg
31617,https://m.media-amazon.com/images/M/MV5BZmEyYzJkOTItMDQ3MC00MDA2LWIwZmMtNTczNzYyZTk3NWQ0XkEyXkFqcGc@._V1_SX300.jpg
31658,https://m.media-amazon.com/images/M/MV5BMTY1OTg0MjE3MV5BMl5BanBnXkFtZTcwNTUxMTkyMQ@@._V1_SX300.jpg
31660,https://m.media-amazon.com/images/M/MV5BYzJmNDU5ZjYtMDE1MS00NDUwLWEwNTktN2M2ZmNjOGE4MTBjXkEyXkFqcGc@._V1_SX300.jpg
31664,https://m.media-amazon.com/images/M/MV5BNmI1NWJiOTQtY2VjYi00ZmZjLWEzZTQtNWI2ODYyMTBjNmY1XkEyXkFqcGc@._V1_SX300.jpg
31685,https://m.media-amazon.com/images/M/MV5BNzYyNzM2NzM2NF5BMl5BanBnXkFtZTcwNjg5NTQzMw@@._V1_SX300.jpg
31692,https://m.media-amazon.com/images/M/MV5BNWVlODliYjUtZWZjYy00ODExLThkOWItZDBiYzMwNmM2YmM3XkEyXkFqcGdeQXVyMTIzNTI5NTM1._V1_SX300.jpg
31694,https://m.media-amazon.com/images/M/MV5BNTAyOWQwNzAtMWVjNi00MzE4LTg1NzktODI1Zjg0YzJjOGNhXkEyXkFqcGc@._V1_SX300.jpg
31696,https://m.media-amazon.com/images/M/MV5BMjNhNTlmYmYtYjcxZi00ZDU1LTkxMWYtYzFlMWMzY2RiODM1XkEyXkFqcGc@._V1_SX300.jpg
31698,https://m.media-amazon.com/images/M/MV5BMTIxNzA5NzIzOV5BMl5BanBnXkFtZTcwOTc5NzcyMQ@@._V1_SX300.jpg
31700,https://m.media-amazon.com/images/M/MV5BMTA3NDYzNDE0MjBeQTJeQWpwZ15BbWU3MDc3NjA3MzM@._V1_SX300.jpg
31702,https://m.media-amazon.com/images/M/MV5BNDU4MmU2MjAtYjI3ZC00MDhkLThhZTMtMmFkZWJmMTU2YjFhXkEyXkFqcGc@._V1_SX300.jpg
31737,https://m.media-amazon.com/images/M/MV5BMDQ5MzEzN2EtNDliOS00NmY5LWI0MWEtNjBlMGI5MjQ2NzNjXkEyXkFqcGc@._V1_SX300.jpg
31804,https://m.media-amazon.com/images/M/MV5BMjE0Nzk0NDkyOV5BMl5BanBnXkFtZTcwMjkzOTkyMQ@@._V1_SX300.jpg
31851,https://m.media-amazon.com/images/M/MV5BMTU1Mzk4NjEwMV5BMl5BanBnXkFtZTgwMjEzNTU3MzE@._V1_SX300.jpg
31867,https://m.media-amazon.com/images/M/MV5BMGI2YTYwMjItZTlhMS00NTg2LWE0Y2QtY2IxNzA2MWU1YTAxXkEyXkFqcGc@._V1_SX300.jpg
31878,https://m.media-amazon.com/images/M/MV5BNGU2OWVlM2ItZGZlOC00Yzk2LWE1NzEtMDYwMzE4YTE5MzQ2XkEyXkFqcGc@._V1_SX300.jpg
31903,https://m.media-amazon.com/images/M/MV5BNjM5MzY2ZGUtM2NiYS00OWVmLTgxOGUtNDI2Y2YwYjNiZmMzXkEyXkFqcGc@._V1_SX300.jpg
31909,https://m.media-amazon.com/images/M/MV5BMDhiOWNiYWEtMzljNy00NzUxLWFkYWItMDAxYzQzMzk1OGFkXkEyXkFqcGc@._V1_SX300.jpg
31921,https://m.media-amazon.com/images/M/MV5BZWZiODIzZjYtMTk5Yy00YmJhLTg0M2QtYmQ4NTA2ZjY4Y2FmXkEyXkFqcGc@._V1_SX300.jpg
31923,https://m.media-amazon.com/images/M/MV5BNzRhZTgzMjEtZDEzOS00MTQwLWJhYmUtMzg4NmViYmZkZmU5XkEyXkFqcGc@._V1_SX300.jpg
31925,https://m.media-amazon.com/images/M/MV5BNmEzMzMwMWItZjcxYy00NGRhLTg2NTEtMDc2NGY2NTI5N2Y5XkEyXkFqcGc@._V1_SX300.jpg
31952,https://m.media-amazon.com/images/M/MV5BMjA3Nzk5MTE4Nl5BMl5BanBnXkFtZTcwMzEwODgyMQ@@._V1_SX300.jpg
31973,https://m.media-amazon.com/images/M/MV5BMzBjZmUxNWQtMjkyMS00YWFhLWFjODUtNTk3ZjllMWE3NjgwXkEyXkFqcGc@._V1_SX300.jpg
32009,https://m.media-amazon.com/images/M/MV5BMTIyOTA1NTg0NV5BMl5BanBnXkFtZTcwMzE2MzgyMQ@@._V1_SX300.jpg
32011,https://m.media-amazon.com/images/M/MV5BOGU5Y2NlNzAtMGM1NS00NGQ0LThiOWYtZjBmMDRiZWViZGNhXkEyXkFqcGc@._V1_SX300.jpg
32017,https://m.media-amazon.com/images/M/MV5BMTE5MTcxOTQxNl5BMl5BanBnXkFtZTYwMzk3Nzg2._V1_SX300.jpg
32019,https://m.media-amazon.com/images/M/MV5BMTUxNDc4MzAyNV5BMl5BanBnXkFtZTYwMzQ1NDc2._V1_SX300.jpg
32022,https://m.media-amazon.com/images/M/MV5BNDE5MTQyNjgwM15BMl5BanBnXkFtZTcwNjY1MTgyMQ@@._V1_SX300.jpg
32029,https://m.media-amazon.com/images/M/MV5BMDY2ZTEyMGQtMTlhNS00YjFmLWExNzAtMWExZGRmNjY2ODgzXkEyXkFqcGc@._V1_SX300.jpg
32031,https://m.media-amazon.com/images/M/MV5BNDYyNjY1NjY1M15BMl5BanBnXkFtZTcwNjk5MDczMw@@._V1_SX300.jpg
32058,https://m.media-amazon.com/images/M/MV5BNDA3YzcwY2YtMGFmOC00OWEzLTgyOTAtZDNlNTdiODQ1MjgxXkEyXkFqcGc@._V1_SX300.jpg
32060,https://m.media-amazon.com/images/M/MV5BZjE0MTdlN2EtNzhlNS00OTRkLWI5OTctNjMxMzI1Zjc4MzY2XkEyXkFqcGc@._V1_SX300.jpg
32116,https://m.media-amazon.com/images/M/MV5BM2M4MzRlNTMtYjBjZC00MzQzLTljNmMtYzU2MzA1ZThmMGFmXkEyXkFqcGc@._V1_SX300.jpg
32139,https://m.media-amazon.com/images/M/MV5BNDkyMjI5YWEtNjE5My00MmY2LWJjOGEtOTQzNDNhMjk0NDRhXkEyXkFqcGc@._V1_SX300.jpg
32160,https://m.media-amazon.com/images/M/MV5BODFlNTVhOWMtMWNlNC00ZmVkLTlkZGQtNWVjYWE5NWNiOTZkXkEyXkFqcGc@._V1_SX300.jpg
32179,https://m.media-amazon.com/images/M/MV5BODk4MTkxMDE1Ml5BMl5BanBnXkFtZTgwNjE0NjEzOTE@._V1_SX300.jpg
32213,https://m.media-amazon.com/images/M/MV5BN2E2YzVmNDgtNjBhYi00NTNmLTgxMmItNjZlZGVjN2FkMzY3XkEyXkFqcGc@._V1_SX300.jpg
32234,https://m.media-amazon.com/images/M/MV5BYzY4ZDhhMmQtNWMyOC00MGUzLThiNzMtZTMzN2FmYjFmYTA0XkEyXkFqcGc@._V1_SX300.jpg
32243,https://m.media-amazon.com/images/M/MV5BMTI2NTQwMDkyOV5BMl5BanBnXkFtZTcwNTE0MjA0MQ@@._V1_SX300.jpg
32289,https://m.media-amazon.com/images/M/MV5BMTI1NjIzMzg5OF5BMl5BanBnXkFtZTcwMjI2ODcyMQ@@._V1_SX300.jpg
32291,https://m.media-amazon.com/images/M/MV5BMTc3MDk4MzY1MF5BMl5BanBnXkFtZTYwMjgwMzc2._V1_SX300.jpg
32294,https://m.media-amazon.com/images/M/MV5BMjExOTcxNTEzOV5BMl5BanBnXkFtZTcwMDk4NjgyMQ@@._V1_SX300.jpg
32296,https://m.media-amazon.com/images/M/MV5BMjAxNzk2OTI2OV5BMl5BanBnXkFtZTcwODk0MDIzMw@@._V1_SX300.jpg
32298,https://m.media-amazon.com/images/M/MV5BNDBjMmI2MjgtMmVlNS00NzgxLTlmYjYtNWM5YzcxMGQwNjhhXkEyXkFqcGc@._V1_SX300.jpg
32300,https://m.media-amazon.com/images/M/MV5BMjA0OTU5ODgyOF5BMl5BanBnXkFtZTcwODczNDgyMQ@@._V1_SX300.jpg
32302,https://m.media-amazon.com/images/M/MV5BMTI1MTM4ODkzOV5BMl5BanBnXkFtZTcwOTQ0NzgyMQ@@._V1_SX300.jpg
32314,https://m.media-amazon.com/images/M/MV5BMjE2OTUwMTYzN15BMl5BanBnXkFtZTcwNzA4MDcyMQ@@._V1_SX300.jpg
32371,https://m.media-amazon.com/images/M/MV5BMTY4Zjk2NjItNjI2Mi00ZjIzLWExZGYtMzFiY2Y5NWEzYjFhXkEyXkFqcGc@._V1_SX300.jpg
32387,https://m.media-amazon.com/images/M/MV5BM2YwZDc1NGEtMWFmOC00NDNmLWFmOTctNDE4NTYwNTYzMDU4XkEyXkFqcGc@._V1_SX300.jpg
32392,https://m.media-amazon.com/images/M/MV5BYjk1ZTNjOWYtMGFiNS00ZWE1LWExMWUtM2Y0M2M5ZWU2YzI5XkEyXkFqcGc@._V1_SX300.jpg
32440,https://m.media-amazon.com/images/M/MV5BYjY5YzRjOWEtMDI0Mi00OTJhLWI3NjctNGEzMDk1YWU2Y2VmXkEyXkFqcGc@._V1_SX300.jpg
32442,https://m.media-amazon.com/images/M/MV5BNzliMjQ2OGUtMzk1NS00ZjFjLTllYTMtZTUzYTM5NTAxYzYxXkEyXkFqcGc@._V1_SX300.jpg
32456,https://m.media-amazon.com/images/M/MV5BNjE3MmU3NTAtNDQ0NC00OTIyLWJiM2YtOGU5ODUzMGYyZTc0XkEyXkFqcGc@._V1_SX300.jpg
32460,https://m.media-amazon.com/images/M/MV5BMDZlMDM2YjEtOWMxMC00OGMwLTgxNGEtZmM5ZTEwMTg1MDc0XkEyXkFqcGc@._V1_SX300.jpg
32469,https://m.media-amazon.com/images/M/MV5BNTUxZDJmNTAtMTVhNC00MTEyLTgyYTQtNzE0Mzc4ZjhlMjdkXkEyXkFqcGc@._V1_SX300.jpg
32511,https://m.media-amazon.com/images/M/MV5BMzExYWRlM2EtMDk3NC00NTMyLTk4MzUtNmM3ODhiNzcyYWY2XkEyXkFqcGc@._V1_SX300.jpg
32515,https://m.media-amazon.com/images/M/MV5BZjZiNDBkYTktYTU3OS00NTU2LWE2MjEtNWU0NWE1ZmEwYTJlXkEyXkFqcGc@._V1_SX300.jpg
32554,https://m.media-amazon.com/images/M/MV5BNmMzOTVhNjAtMmIxYS00NzA0LWFmNzYtMTQ0NjYwMjlkMzM0XkEyXkFqcGc@._V1_SX300.jpg
32582,https://m.media-amazon.com/images/M/MV5BOTYyODY0ODk5NF5BMl5BanBnXkFtZTcwNTU2OTgyMQ@@._V1_SX300.jpg
32584,https://m.media-amazon.com/images/M/MV5BNDY4OTEyMTMtYWNhMi00NDI5LWFjY2ItNDZjMzM0ZTljZGIyXkEyXkFqcGc@._V1_SX300.jpg
32587,https://m.media-amazon.com/images/M/MV5BNWE2YmYyYzQtNGMwMi00Yzk0LTk3ZTYtYTcxNmFjMDE1MGExXkEyXkFqcGc@._V1_SX300.jpg
32589,https://m.media-amazon.com/images/M/MV5BNjE0NGVjYmItYTkyYy00NTcxLWFmOTItZmVlYTVjZjczOWQ5XkEyXkFqcGc@._V1_SX300.jpg
32596,https://m.media-amazon.com/images/M/MV5BMjExOTM4NDUzNV5BMl5BanBnXkFtZTcwOTgzNzczMw@@._V1_SX300.jpg
32598,https://m.media-amazon.com/images/M/MV5BMTMyNTE4ODA2N15BMl5BanBnXkFtZTcwNzg5ODUyMw@@._V1_SX300.jpg
32600,
32620,https://m.media-amazon.com/images/M/MV5BOWVkZWQ5YTEtNjYyZS00NmJjLWE5NTktZDc2MWVlMGIwM2I0XkEyXkFqcGc@._V1_SX300.jpg
32632,https://m.media-amazon.com/images/M/MV5BODQzODliZWItMGYzMi00ZjI3LThhZGQtZjMzZTNhMGFmM2MxXkEyXkFqcGc@._V1_SX300.jpg
32649,https://m.media-amazon.com/images/M/MV5BNjMzNWUyY2UtYWJlZC00N2JjLTgyNTEtNzFkNTljNGQzZGM5XkEyXkFqcGc@._V1_SX300.jpg
32657,https://m.media-amazon.com/images/M/MV5BZjFjY2YzY2MtNjcyMC00YTI5LWE1OTctNzg5NGVjYjdiYTgzXkEyXkFqcGc@._V1_SX300.jpg
32659,https://m.media-amazon.com/images/M/MV5BYzk1YzhiNDUtMGM4MS00MWZlLTgxNTEtOWQzNWFkMjM5ZTMxXkEyXkFqcGc@._V1_SX300.jpg
32666,https://m.media-amazon.com/images/M/MV5BMTc4NjAwNDY2M15BMl5BanBnXkFtZTcwOTQ5NzYyMQ@@._V1_SX300.jpg
32728,https://m.media-amazon.com/images/M/MV5BNDM5OGEyYzUtYWEwYi00OTU1LTk0ZjItMzE3ODQzMzQ4MTRiXkEyXkFqcGc@._V1_SX300.jpg
32743,https://m.media-amazon.com/images/M/MV5BODdkYzg2OTEtYzM5MS00MTg5LWI4ZWUtYmQxMDVmZGI4MWVlXkEyXkFqcGc@._V1_SX300.jpg
32770,https://m.media-amazon.com/images/M/MV5BMTMwODMyMTU5OV5BMl5BanBnXkFtZTcwMDY5MTkyMQ@@._V1_SX300.jpg
32799,https://m.media-amazon.com/images/M/MV5BOTAxYTU2ZGMtMGNhMS00YTRkLWE2ZWItZjhhMTU2MmY4YjMxXkEyXkFqcGdeQXVyNzMwOTY2NTI@._V1_SX300.jpg
32862,https://m.media-amazon.com/images/M/MV5BNTc4NzM0NjA2MF5BMl5BanBnXkFtZTgwMTUxNjIzMTE@._V1_SX300.jpg
32875,https://m.media-amazon.com/images/M/MV5BMWM5YjliMmItMTFjMi00MzRiLWEzMmUtNzA3N2IxNzU5NDljXkEyXkFqcGc@._V1_SX300.jpg
32892,https://m.media-amazon.com/images/M/MV5BZGZjMDJkZTgtOThmYy00Mjk2LWFkMWMtMGY1YTRhZDdmMjI5XkEyXkFqcGc@._V1_SX300.jpg
32898,https://m.media-amazon.com/images/M/MV5BODM2ODk2OTgtYzEwMy00MDVlLWE0Y2ItMDFjNGEwNjYzZWViXkEyXkFqcGc@._V1_SX300.jpg
32906,https://m.media-amazon.com/images/M/MV5BNDIwYjY1ZDUtYzc4Yi00OGMzLTkzMjMtZTMxNDhiMmM0OTljXkEyXkFqcGc@._V1_SX300.jpg
32914,https://m.media-amazon.com/images/M/MV5BZTk1MDkxOGQtMWY5MC00MTBiLTk0YTQtYTBmMmI4ZjNiODdlXkEyXkFqcGc@._V1_SX300.jpg
32917,https://m.media-amazon.com/images/M/MV5BZTg3OGVlNWUtYjU5Yy00ZTg4LThmZDQtNzJkYzE0ZDg2ZjBhXkEyXkFqcGc@._V1_SX300.jpg
33004,https://m.media-amazon.com/images/M/MV5BMTg4OWYwZjgtZDU0ZS00NjU4LTkxNjItYmYyYmUwNDU5YmM3XkEyXkFqcGc@._V1_SX300.jpg
33085,https://m.media-amazon.com/images/M/MV5BMzc1Njc2NDc3NV5BMl5BanBnXkFtZTYwODYyNzI3._V1_SX300.jpg
33090,https://m.media-amazon.com/images/M/MV5BZTA1NDk3OTctYmVjNC00Y2E1LTkyMTMtODJiZDljN2E1ZjczXkEyXkFqcGc@._V1_SX300.jpg
33124,https://m.media-amazon.com/images/M/MV5BMGIyYzk0MDQtMzFiNS00YzM5LTkwMTEtYWNhNGMwNGU0M2VkXkEyXkFqcGc@._V1_SX300.jpg
33126,https://m.media-amazon.com/images/M/MV5BZWFjMDZmYzgtNTY4Ni00NzkxLWIyOTQtZjVjZmZiYWZlNGQwXkEyXkFqcGc@._V1_SX300.jpg
33132,https://m.media-amazon.com/images/M/MV5BMTQ5NjIzNDgyN15BMl5BanBnXkFtZTcwMTUxNzgyMQ@@._V1_SX300.jpg
33138,https://m.media-amazon.com/images/M/MV5BNDJiYjI3MjItMzQzZi00ZGExLTk3ZWMtZGM1YzdhOWVkZWM3XkEyXkFqcGc@._V1_SX300.jpg
33145,https://m.media-amazon.com/images/M/MV5BMTczMzM0NTkxMF5BMl5BanBnXkFtZTgwNjQzMDYyMDI@._V1_SX300.jpg
33148,https://m.media-amazon.com/images/M/MV5BMTQ5ODk3NzI1MF5BMl5BanBnXkFtZTcwODk2NTgyMQ@@._V1_SX300.jpg
33154,https://m.media-amazon.com/images/M/MV5BODM5NzgyNTMyN15BMl5BanBnXkFtZTcwMDU0NzgyMQ@@._V1_SX300.jpg
33158,https://m.media-amazon.com/images/M/MV5BOTliNDIxZTUtOGViNC00Mzk4LThkYWEtNDFiMjU0ZTcwYjhhXkEyXkFqcGc@._V1_SX300.jpg
33162,https://m.media-amazon.com/images/M/MV5BMzdhNGZhMjQtYjVmNy00OWMyLTk1MmQtZGNhZDYwMzZlZjI3XkEyXkFqcGc@._V1_SX300.jpg
33164,https://m.media-amazon.com/images/M/MV5BNDA4Nzg1NjQ2NV5BMl5BanBnXkFtZTcwMDYwNTgyMQ@@._V1_SX300.jpg
33166,https://m.media-amazon.com/images/M/MV5BOTk1OTA1MjIyNV5BMl5BanBnXkFtZTcwODQxMTkyMQ@@._V1_SX300.jpg
33171,https://m.media-amazon.com/images/M/MV5BNDhiY2U2NDMtMzQ4Ny00YzRlLTk5NDUtOTVkODIzYTZjNDhhXkEyXkFqcGc@._V1_SX300.jpg
33188,https://m.media-amazon.com/images/M/MV5BYTBjMGZkMmYtZWYzNS00ZTVmLWIzNTgtNTI4Njk4NjhjNjg5XkEyXkFqcGc@._V1_SX300.jpg
33201,https://m.media-amazon.com/images/M/MV5BYjJkNDliMDAtNDliZS00OGM2LWE3OWEtYWE3ZmQzNjM5OWU1XkEyXkFqcGc@._V1_SX300.jpg
33237,https://m.media-amazon.com/images/M/MV5BMjM4MjA5MDU0Nl5BMl5BanBnXkFtZTgwOTIyNTczMjE@._V1_SX300.jpg
33294,https://m.media-amazon.com/images/M/MV5BZjIwOTNmZGYtYTU4Mi00YmNkLWE4NDAtMDQxOGRiN2FiMzM1XkEyXkFqcGc@._V1_SX300.jpg
33310,https://m.media-amazon.com/images/M/MV5BMTIyNjcwMjcyNV5BMl5BanBnXkFtZTcwNjQ1MjA0MQ@@._V1_SX300.jpg
33312,https://m.media-amazon.com/images/M/MV5BZTBmYjhjMmQtYzdmZC00OTk0LWJmN2ItNGYxYTM1NzU3Zjc0XkEyXkFqcGc@._V1_SX300.jpg
33421,https://m.media-amazon.com/images/M/MV5BMTkyMDIxMzY4Ml5BMl5BanBnXkFtZTcwNTE2NTgyMQ@@._V1_SX300.jpg
33435,https://m.media-amazon.com/images/M/MV5BMjAyMzMzMjEyN15BMl5BanBnXkFtZTgwNDAxMDcyNjE@._V1_SX300.jpg
33437,https://m.media-amazon.com/images/M/MV5BMTgwNjIyNTczMF5BMl5BanBnXkFtZTcwODI5MDkyMQ@@._V1_SX300.jpg
33493,https://m.media-amazon.com/images/M/MV5BNTc4MTc3NTQ5OF5BMl5BanBnXkFtZTcwOTg0NjI4NA@@._V1_SX300.jpg
33495,https://m.media-amazon.com/images/M/MV5BMTA5Njk1MjEzMzZeQTJeQWpwZ15BbWU3MDY3NjY4MjE@._V1_SX300.jpg
33499,https://m.media-amazon.com/images/M/MV5BNzFiNjJlZjUtZWRmNi00YjI2LTg1ZmEtODQ0ZjMxMDFiOWNkXkEyXkFqcGc@._V1_SX300.jpg
33558,https://m.media-amazon.com/images/M/MV5BZmI3OGFmYjEtMjUwMC00MzYyLTgzMmYtMTVhNTYyODNkZWI3XkEyXkFqcGc@._V1_SX300.jpg
33564,https://m.media-amazon.com/images/M/MV5BMjE3YTlkMWMtYWUwYi00OTU1LWJmOWYtMTg1MGY4MDY0ODk0XkEyXkFqcGc@._V1_SX300.jpg
33615,https://m.media-amazon.com/images/M/MV5BYjk4OGFmZmYtYWE4NC00MzM4LTkwZTItODdhMjk3NTZjMmI5XkEyXkFqcGc@._V1_SX300.jpg
33629,https://m.media-amazon.com/images/M/MV5BMWZhMjkyNmMtNDc1MC00NzQxLWIyMTEtYTE2NWM3ODZmNzBiXkEyXkFqcGc@._V1_SX300.jpg
33639,https://m.media-amazon.com/images/M/MV5BZmQ3MDQ1ZGQtYTk4Mi00NTZjLWEyYzQtYzNiMWY1NmQ4ZTNiXkEyXkFqcGc@._V1_SX300.jpg
33644,https://m.media-amazon.com/images/M/MV5BMjc4YWIyOTEtNTE1Zi00NmVlLWEzMTQtN2FjZmE4ZDQ4MDQwXkEyXkFqcGc@._V1_SX300.jpg
33646,https://m.media-amazon.com/images/M/MV5BMTc1NTQyNDk2NV5BMl5BanBnXkFtZTcwOTE2OTQzMw@@._V1_SX300.jpg
33649,https://m.media-amazon.com/images/M/MV5BZTc4YzA2MDgtYWZhMC00ZDZjLWFiNjgtNzYzNDY1Y2M3ZjhhXkEyXkFqcGc@._V1_SX300.jpg
33660,https://m.media-amazon.com/images/M/MV5BYjQ3M2ZjMzYtNmQwNC00MjNkLTgzOTgtMjhjMDk0YzIzOWZkXkEyXkFqcGc@._V1_SX300.jpg
33669,https://m.media-amazon.com/images/M/MV5BYTdkOWJjNDYtMDllNy00MzEzLWFjNTItZDRiZWU1OTU1OTExXkEyXkFqcGc@._V1_SX300.jpg
33672,https://m.media-amazon.com/images/M/MV5BZTQ2ODJlMDUtYTE3MC00MTc3LTliMDUtZTNkN2NjZTVhZjg3XkEyXkFqcGc@._V1_SX300.jpg
33677,https://m.media-amazon.com/images/M/MV5BZDg2ZmQ5YjgtMjllZS00NGYyLWEyMWQtMDQ2NDhiOWQ1ZDAxXkEyXkFqcGc@._V1_SX300.jpg
33679,https://m.media-amazon.com/images/M/MV5BMTUxMzcxNzQzOF5BMl5BanBnXkFtZTcwMzQxNjUyMw@@._V1_SX300.jpg
33681,https://m.media-amazon.com/images/M/MV5BYmI2YWNjNGMtZDgxMi00NmNhLThlYmEtYWQ5ZTNiMmFmZjQ3XkEyXkFqcGc@._V1_SX300.jpg
33683,https://m.media-amazon.com/images/M/MV5BNmU0M2E0MGItM2QzMy00MTE5LThkYWEtNmZkNmM5YTg0ZTE0XkEyXkFqcGc@._V1_SX300.jpg
33725,https://m.media-amazon.com/images/M/MV5BMTY0OTY2MzMyN15BMl5BanBnXkFtZTcwNzE5NTgyMQ@@._V1_SX300.jpg
33779,https://m.media-amazon.com/images/M/MV5BYmM3MGEyMzItYzg4NS00YjlmLWFhNDQtNTU1ZGEwMGE5NGU3XkEyXkFqcGdeQXVyMTk3NDAwMzI@._V1_SX300.jpg
33781,https://m.media-amazon.com/images/M/MV5BMzIwYWEwMmMtNjBkMy00MzVmLTk5Y2UtZTMwODkzZjMzNzY4XkEyXkFqcGc@._V1_SX300.jpg
33794,https://m.media-amazon.com/images/M/MV5BODIyMDdhNTgtNDlmOC00MjUxLWE2NDItODA5MTdkNzY3ZTdhXkEyXkFqcGc@._V1_SX300.jpg
33801,https://m.media-amazon.com/images/M/MV5BMTQ4MTg1MTE5Nl5BMl5BanBnXkFtZTgwMDY4MzU4MzE@._V1_SX300.jpg
33815,https://m.media-amazon.com/images/M/MV5BY2Y0MTJmNGMtYzhiZC00OWNjLWIzM2YtMzdkYTdmMjAwYWJmXkEyXkFqcGc@._V1_SX300.jpg
33826,https://m.media-amazon.com/images/M/MV5BNzkzODM3NDk3M15BMl5BanBnXkFtZTYwNDQ2NzA3._V1_SX300.jpg
33830,https://m.media-amazon.com/images/M/MV5BMTkwNDI5NDcyMV5BMl5BanBnXkFtZTcwMjg5OTcyMQ@@._V1_SX300.jpg
33834,https://m.media-amazon.com/images/M/MV5BNzU1MDI1NDM1NF5BMl5BanBnXkFtZTcwMzU5OTkyMQ@@._V1_SX300.jpg
33836,https://m.media-amazon.com/images/M/MV5BYjMyYmE4YzItOTk0OS00NjNkLWEwODgtMTEzNjRjYWZjMjE5XkEyXkFqcGc@._V1_SX300.jpg
33838,https://m.media-amazon.com/images/M/MV5BOWEzNWI4MDEtZGUyMy00ZWFhLWIxNTMtNTA2YWMxNWQwOWJkXkEyXkFqcGc@._V1_SX300.jpg
33880,https://m.media-amazon.com/images/M/MV5BMTM0NTY1ODI4NF5BMl5BanBnXkFtZTYwNzQ2OTc3._V1_SX300.jpg
33893,https://m.media-amazon.com/images/M/MV5BN2IzNWVmZGMtMGE2ZC00NTcyLWJmN2UtZjI5ZjhiMzhhZTU1XkEyXkFqcGc@._V1_SX300.jpg
33896,https://m.media-amazon.com/images/M/MV5BNzM5MTM2OTgzOF5BMl5BanBnXkFtZTcwNzc4NTUzMQ@@._V1_SX300.jpg
33903,https://m.media-amazon.com/images/M/MV5BY2Q2NDMzMjAtMTc4My00NTY4LTgxNDktYmVkNWY0ZTRjYTc5XkEyXkFqcGc@._V1_SX300.jpg
33966,https://m.media-amazon.com/images/M/MV5BYjk0NGY1YzItMTc4My00NmM1LTllNDEtNDMwZmIxMWZhZTIzXkEyXkFqcGc@._V1_SX300.jpg
34018,https://m.media-amazon.com/images/M/MV5BMjZlYTU4MmEtYzY0ZS00MDcwLWE5NDUtOTcyYWE0ODIxN2YzXkEyXkFqcGc@._V1_SX300.jpg
34048,https://m.media-amazon.com/images/M/MV5BNDUyODAzNDI1Nl5BMl5BanBnXkFtZTcwMDA2NDAzMw@@._V1_SX300.jpg
34072,https://m.media-amazon.com/images/M/MV5BMTM1NDc5MDYxMl5BMl5BanBnXkFtZTcwMjMzNDAzMQ@@._V1_SX300.jpg
34129,https://m.media-amazon.com/images/M/MV5BMTgzMTU0ODM4MV5BMl5BanBnXkFtZTYwODY2ODM3._V1_SX300.jpg
34143,https://m.media-amazon.com/images/M/MV5BZTY4NGFiZDEtYTNjZS00ZTViLThlYmQtMzM3NTYwOWY4MWRkXkEyXkFqcGc@._V1_SX300.jpg
34148,https://m.media-amazon.com/images/M/MV5BYmUwMWEwNzYtZTRiOC00MmEyLWExY2EtOThkYmU3MWU2NjZhXkEyXkFqcGc@._V1_SX300.jpg
34150,https://m.media-amazon.com/images/M/MV5BNjY2YmZmMzUtZWY5Mi00MzI3LTljOTgtYTMwMWY1ODI5ZWY5XkEyXkFqcGc@._V1_SX300.jpg
34153,https://m.media-amazon.com/images/M/MV5BZDBmYWJiOTEtMTI0NC00Y2IyLWI2OGYtZThmNTFmMmMzN2M1XkEyXkFqcGc@._V1_SX300.jpg
34162,https://m.media-amazon.com/images/M/MV5BYzQwNmU0NGEtZjlmYy00ZjQ5LTlmMWYtODY3YzI4NTdiYzA4XkEyXkFqcGc@._V1_SX300.jpg
34164,https://m.media-amazon.com/images/M/MV5BMzQxNDgzNGItZWJlNy00ZDY0LTk5ZDMtOTBkZDdlMjk1YTcyXkEyXkFqcGc@._V1_SX300.jpg
34271,https://m.media-amazon.com/images/M/MV5BN2Y0YTQ5ODQtY2YwYi00ZTYzLWIwYjgtYzViNTgzOGJlZmFmXkEyXkFqcGc@._V1_SX300.jpg
34292,https://m.media-amazon.com/images/M/MV5BNDJlNWM0NmEtMTYwMy00ZWU4LTgxZDAtMmIwOTAwYTBjMzAyXkEyXkFqcGc@._V1_SX300.jpg
34312,https://m.media-amazon.com/images/M/MV5BMTQ0MDU3MDY0NF5BMl5BanBnXkFtZTgwMDY4NjgwMzE@._V1_SX300.jpg
34319,https://m.media-amazon.com/images/M/MV5BMTAwNjk0NjM1ODReQTJeQWpwZ15BbWU3MDc1NjIxMzM@._V1_SX300.jpg
34321,https://m.media-amazon.com/images/M/MV5BNDA5Yjg5ZDAtZjMzNC00ZGZiLWJlYTItMjdjOWViMDUzNThmXkEyXkFqcGc@._V1_SX300.jpg
34323,https://m.media-amazon.com/images/M/MV5BMzg0MmNkM2MtZDc1Ni00OTVhLTg1NjgtY2UxYjM1Y2JjMDgzXkEyXkFqcGc@._V1_SX300.jpg
34326,https://m.media-amazon.com/images/M/MV5BODk1OTUyZmYtNTQxYS00Y2FhLTliNmUtNTM2OTcwZjgzMzI0XkEyXkFqcGc@._V1_SX300.jpg
34330,https://m.media-amazon.com/images/M/MV5BMWE2NTFhMTgtYmI2MC00OTJkLThhMmUtNDZhMDgzNGU5ZjY3XkEyXkFqcGc@._V1_SX300.jpg
34332,https://m.media-amazon.com/images/M/MV5BY2ExOGM1MDQtYmRjZS00NDAzLTlmMDAtMmE3YjQ1MzNlZTllXkEyXkFqcGc@._V1_SX300.jpg
34334,https://m.media-amazon.com/images/M/MV5BMTZhMWI0M2YtZjllMy00OGQ2LWE4YzYtY2VhOTMwOGQ4ZjI5XkEyXkFqcGc@._V1_SX300.jpg
34336,https://m.media-amazon.com/images/M/MV5BOGFlYTA5YjgtNDM5OC00NTlhLWFlNjMtMDY2YWJhYWQ2YTg2XkEyXkFqcGc@._V1_SX300.jpg
34338,https://m.media-amazon.com/images/M/MV5BMTEwYTE1ZmYtNWM4Mi00N2FkLWI3NzAtNjU4ZmJlMWQzNWYyXkEyXkFqcGc@._V1_SX300.jpg
34359,https://m.media-amazon.com/images/M/MV5BYmUzMDQ4MmItZDVlMy00OTg2LTg0YTctOTg2YmZhMjQ3MzFhXkEyXkFqcGc@._V1_SX300.jpg
34397,https://m.media-amazon.com/images/M/MV5BZmI5MmVlZWItYzcwOS00MmI3LThjZjktZTM1ZjQzMzk0NTExXkEyXkFqcGc@._V1_SX300.jpg
34405,https://m.media-amazon.com/images/M/MV5BZWYwN2M1NWItMWI0YS00ZmJjLTk1Y2QtZjIxYmNhNGZkZDcwXkEyXkFqcGc@._V1_SX300.jpg
34437,https://m.media-amazon.com/images/M/MV5BNTRiMDMyZDktZDAzNS00NDZkLWJkN2MtMDM1ZTU3NWM5MDg3XkEyXkFqcGc@._V1_SX300.jpg
34450,https://m.media-amazon.com/images/M/MV5BMWMzMTBkZTItYjIxYi00MGYyLTg5OTktYjMxNzhlMjM2Y2U2XkEyXkFqcGc@._V1_SX300.jpg
34482,https://m.media-amazon.com/images/M/MV5BMzcwZjMyZmYtYzkyMy00ZmJhLTgzOWYtYmQyNGJmNWI4Nzc5XkEyXkFqcGc@._V1_SX300.jpg
34520,https://m.media-amazon.com/images/M/MV5BMjAwOTYxODI4OV5BMl5BanBnXkFtZTcwNDYxODIzMw@@._V1_SX300.jpg
34523,https://m.media-amazon.com/images/M/MV5BMjkwZjVjYmQtNWM0Yy00NzAzLTllY2MtNzY3MzEzMzhhMmVjXkEyXkFqcGc@._V1_SX300.jpg
34528,https://m.media-amazon.com/images/M/MV5BNWEzM2Y0ZWEtODZkMC00N2M1LTljNDctMzMxYzE0NzUyZDliXkEyXkFqcGc@._V1_SX300.jpg
34530,https://m.media-amazon.com/images/M/MV5BYTMxMjdkZjEtN2Q4Ny00ZWJiLWE0YzYtMTcwZWYxNTkxY2M4XkEyXkFqcGc@._V1_SX300.jpg
34532,https://m.media-amazon.com/images/M/MV5BMDE0YWIyM2UtZWU3Yi00M2U5LTgwMDAtODY1MjU2NzQ4M2NmXkEyXkFqcGc@._V1_SX300.jpg
34534,https://m.media-amazon.com/images/M/MV5BMTU4NzM3Njg2NV5BMl5BanBnXkFtZTcwNjU4NDczMw@@._V1_SX300.jpg
34536,https://m.media-amazon.com/images/M/MV5BMjExMTEzODI3Nl5BMl5BanBnXkFtZTcwNjA1NzAzMQ@@._V1_SX300.jpg
34540,https://m.media-amazon.com/images/M/MV5BMTI0NTA1MDkyOF5BMl5BanBnXkFtZTcwOTg3NTAzMQ@@._V1_SX300.jpg
34542,https://m.media-amazon.com/images/M/MV5BODc3NTAxMTY1MV5BMl5BanBnXkFtZTcwOTE4NjUzMw@@._V1_SX300.jpg
34800,https://m.media-amazon.com/images/M/MV5BNDFhYzFkOTQtZmMwYS00NDkwLTkzZmMtZGIzODBhMzYxODBhXkEyXkFqcGc@._V1_SX300.jpg
34811,https://m.media-amazon.com/images/M/MV5BNGY3YzMzZjMtZjhjMi00MDg5LTg4NzItNzMyNDQ0OGJkNWJiXkEyXkFqcGc@._V1_SX300.jpg
35015,https://m.media-amazon.com/images/M/MV5BYmIyMzU3MTgtYmNhNS00ODdhLTg4YTQtYmZhMmJkNTZhMTQwXkEyXkFqcGc@._V1_SX300.jpg
35347,https://m.media-amazon.com/images/M/MV5BYjdlMTcxODktNDBhNS00MjRiLThkNTMtZGJjOTU0Zjc5NjUzXkEyXkFqcGc@._V1_SX300.jpg
35807,https://m.media-amazon.com/images/M/MV5BMDQ5YTFjYzgtMzkwMC00MTNlLTlkZDUtZDkzOGU5ZTRiOTNlXkEyXkFqcGc@._V1_SX300.jpg
35836,https://m.media-amazon.com/images/M/MV5BMzFiNzU2NjQtZTcwZC00Nzc3LTk3NjEtMDZmMDhmYjQ4NTAwXkEyXkFqcGc@._V1_SX300.jpg
35957,https://m.media-amazon.com/images/M/MV5BNzAxNjc1ODczOF5BMl5BanBnXkFtZTcwMjE3MjEzMw@@._V1_SX300.jpg
36276,https://m.media-amazon.com/images/M/MV5BYmRiMDFkZmMtYmVkMC00MDFhLTg5YTUtNTk3M2IxNGMwZGRmXkEyXkFqcGc@._V1_SX300.jpg
36289,https://m.media-amazon.com/images/M/MV5BMTk5MTQ2NzI3MF5BMl5BanBnXkFtZTYwOTgwNDc5._V1_SX300.jpg
36363,https://m.media-amazon.com/images/M/MV5BMjQ5NjZmMWUtMGQzZi00ODIxLTgwMDUtMDc0OGRjMTUzZmIwXkEyXkFqcGc@._V1_SX300.jpg
36397,https://m.media-amazon.com/images/M/MV5BOWFjZjhlMGYtM2EyNC00ZWZhLTliMmItYjIxZmNhMzNjZDcxXkEyXkFqcGc@._V1_SX300.jpg
36401,https://m.media-amazon.com/images/M/MV5BMjNmMWRlYTktNGQyMi00YTgzLThjYjgtYWFmNTc3NGEwNTVkXkEyXkFqcGc@._V1_SX300.jpg
36477,https://m.media-amazon.com/images/M/MV5BMTkyMDcyNTc3N15BMl5BanBnXkFtZTcwNTMwMjAzMQ@@._V1_SX300.jpg
36509,https://m.media-amazon.com/images/M/MV5BZTUzY2Y2OWQtMzEyOC00NTI0LTgwODgtZGY3Nzg1MWI3ZDk1XkEyXkFqcGc@._V1_SX300.jpg
36517,https://m.media-amazon.com/images/M/MV5BOTU3OWMzMzgtMjYwMi00ZGIyLTk0YTctNDVkYzRmMTM5ZjlmXkEyXkFqcGc@._V1_SX300.jpg
36519,https://m.media-amazon.com/images/M/MV5BMTQ5MDM0MTI2N15BMl5BanBnXkFtZTcwNTM5NDczMw@@._V1_SX300.jpg
36525,https://m.media-amazon.com/images/M/MV5BYjQ5MDc1OWEtOTAzZS00OWE1LWE5MmMtMGRlMDExZTRhZTQyXkEyXkFqcGc@._V1_SX300.jpg
36527,https://m.media-amazon.com/images/M/MV5BMTMxMjM0MTY4Nl5BMl5BanBnXkFtZTcwMDU4MjEzMQ@@._V1_SX300.jpg
36529,https://m.media-amazon.com/images/M/MV5BNThlY2NkYmMtNTFhNi00MzBiLWJmNzEtZjk5MzYwYWU2MjllXkEyXkFqcGc@._V1_SX300.jpg
36533,https://m.media-amazon.com/images/M/MV5BODA0ODMyNDA2N15BMl5BanBnXkFtZTcwNDAxMDAzMQ@@._V1_SX300.jpg
36535,https://m.media-amazon.com/images/M/MV5BMjExNTU2MTczNl5BMl5BanBnXkFtZTYwODYxMjY3._V1_SX300.jpg
36537,https://m.media-amazon.com/images/M/MV5BZmIxYjc1MjUtYjliNC00MjQxLWEyYWQtN2JkYzVhNzI5NDQ5XkEyXkFqcGc@._V1_SX300.jpg
36708,https://m.media-amazon.com/images/M/MV5BMGZmMGIyMWItNGU0YS00Njc2LWI4ZjctNDU1ZjZjNTdhNDdjXkEyXkFqcGdeQXVyNTAyODkwOQ@@._V1_SX300.jpg
36850,https://m.media-amazon.com/images/M/MV5BOWVmNjQ0ZGItMDQ2Ni00MjllLTkyODctZGMyMzJiODE2ZDNlXkEyXkFqcGc@._V1_SX300.jpg
36931,https://m.media-amazon.com/images/M/MV5BNjA3MTU3ZmUtZDI0ZS00NTRkLTkyNjUtNWY3NjNjN2ZhNTVhXkEyXkFqcGc@._V1_SX300.jpg
37211,https://m.media-amazon.com/images/M/MV5BZGE4YTNkNTMtNTM3Yy00MDhjLThiNDktNzU4NGIzYjA2Nzc0XkEyXkFqcGc@._V1_SX300.jpg
37240,https://m.media-amazon.com/images/M/MV5BMTY2NzU2MjM0MF5BMl5BanBnXkFtZTYwMDMwNDE3._V1_SX300.jpg
37380,https://m.media-amazon.com/images/M/MV5BYjA5ZGQ1MDQtMGI0ZC00ZDY4LTg1NmYtNzgwNGE3MjQ0MzYyXkEyXkFqcGc@._V1_SX300.jpg
37382,https://m.media-amazon.com/images/M/MV5BMTkwOTA5Njc4Ml5BMl5BanBnXkFtZTcwNzg0MzEzMQ@@._V1_SX300.jpg
37384,https://m.media-amazon.com/images/M/MV5BMTIxNzY1MTQ5N15BMl5BanBnXkFtZTYwMTkxMzE3._V1_SX300.jpg
37386,https://m.media-amazon.com/images/M/MV5BMTc2Mzg0NjA2N15BMl5BanBnXkFtZTcwOTc5NjQzMw@@._V1_SX300.jpg
37444,https://m.media-amazon.com/images/M/MV5BN2JmYWNjODEtZjI1NC00ZDdhLTg3NmQtMTNhZGI2ZjllODhiXkEyXkFqcGc@._V1_SX300.jpg
37475,https://m.media-amazon.com/images/M/MV5BZjljODQ3NmMtMzJmNy00NmRjLTkwOWUtYmQ0NmNhYTU1MjNmXkEyXkFqcGc@._V1_SX300.jpg
37477,https://m.media-amazon.com/images/M/MV5BODcwMDU0NjU3NF5BMl5BanBnXkFtZTYwOTI3MDc2._V1_SX300.jpg
37495,https://m.media-amazon.com/images/M/MV5BZWViMDk1MzYtM2FiYS00MTdkLWI3YTQtNmFjN2FlMTY0NmM1XkEyXkFqcGc@._V1_SX300.jpg
37545,https://m.media-amazon.com/images/M/MV5BNjI4ZjAwY2ItMzliOC00NmExLWFhNWMtMGMxZmU4OWU1ODg3XkEyXkFqcGc@._V1_SX300.jpg
37720,https://m.media-amazon.com/images/M/MV5BMTI2NTM5MjQ0Nl5BMl5BanBnXkFtZTcwNDAxNjAzMQ@@._V1_SX300.jpg
37727,https://m.media-amazon.com/images/M/MV5BMGQyZmQ1OGItYWNkNi00YzU4LWJmZjktNTQyZjNlOGNmNWJlXkEyXkFqcGc@._V1_SX300.jpg
37729,https://m.media-amazon.com/images/M/MV5BMTk1MTY1NjU4MF5BMl5BanBnXkFtZTcwNjIzMTEzMw@@._V1_SX300.jpg
37731,https://m.media-amazon.com/images/M/MV5BMjExNTg3NzYwMV5BMl5BanBnXkFtZTcwMzcxMTEzMQ@@._V1_SX300.jpg
37733,https://m.media-amazon.com/images/M/MV5BMTczMzIzMTQ1OV5BMl5BanBnXkFtZTYwMDQwNjk2._V1_SX300.jpg
37736,https://m.media-amazon.com/images/M/MV5BZDBiNjAxMjQtODZiNi00NDUxLWJlZTctMmUwODc2NTM2ZjQyXkEyXkFqcGc@._V1_SX300.jpg
37739,https://m.media-amazon.com/images/M/MV5BMTQ4NDk3MDk0NV5BMl5BanBnXkFtZTcwMzk4OTgyMQ@@._V1_SX300.jpg
37741,https://m.media-amazon.com/images/M/MV5BMTczMzU0MjM1MV5BMl5BanBnXkFtZTcwMjczNzgyNA@@._V1_SX300.jpg
37830,https://m.media-amazon.com/images/M/MV5BMzc3MDg5ZjQtYjZmOS00NWQzLWFjMjAtNzI0NDJhYWE0OWY0XkEyXkFqcGc@._V1_SX300.jpg
37844,https://m.media-amazon.com/images/M/MV5BMTI2NTA4NjIwNl5BMl5BanBnXkFtZTYwNDQ3MzI3._V1_SX300.jpg
37853,https://m.media-amazon.com/images/M/MV5BNWViZjU1NWYtZGJhZi00YWNmLTg5MzgtZTk1NzA2NDgxYzcyXkEyXkFqcGc@._V1_SX300.jpg
37857,https://m.media-amazon.com/images/M/MV5BZGI2OGQzNzctMzMwNS00NjNiLTkzNmItN2E2NmJmNzJlYWI1XkEyXkFqcGc@._V1_SX300.jpg
38038,https://m.media-amazon.com/images/M/MV5BM2JkOTRkZTctN2ZiMy00ZGRmLWJkNzQtOGJkNmFiM2ZjNjYzXkEyXkFqcGc@._V1_SX300.jpg
38061,https://m.media-amazon.com/images/M/MV5BMTY5NDExMDA3M15BMl5BanBnXkFtZTYwNTc2MzA3._V1_SX300.jpg
38095,https://m.media-amazon.com/images/M/MV5BMzdkNTg2NmItOTU2ZC00ZjJjLWEwMGMtNTIzZTNlMjUwZjYwXkEyXkFqcGc@._V1_SX300.jpg
38159,https://m.media-amazon.com/images/M/MV5BMzkwYjBlMzktNGJiNi00OTk4LTlkMDYtOGQ5MjBkNmFhMzY4XkEyXkFqcGc@._V1_SX300.jpg
38164,https://m.media-amazon.com/images/M/MV5BMTQxNDYzNDA3NF5BMl5BanBnXkFtZTgwOTk1NDgyMTE@._V1_SX300.jpg
38198,https://m.media-amazon.com/images/M/MV5BMTk0NjY4NTI4MF5BMl5BanBnXkFtZTcwOTA0ODU0MQ@@._V1_SX300.jpg
38294,https://m.media-amazon.com/images/M/MV5BMTZkNGY0YjYtN2NlYS00MzY1LTg0N2MtNzdkN2IzNWJmYTEyXkEyXkFqcGc@._V1_SX300.jpg
38304,https://m.media-amazon.com/images/M/MV5BZjFkMDEzYTQtY2VhMy00MjIyLTg1MTMtMzVjOGE5OTVmYTlmXkEyXkFqcGc@._V1_SX300.jpg
38388,https://m.media-amazon.com/images/M/MV5BMjAxNDk2Njk1OV5BMl5BanBnXkFtZTcwOTE5MzIzMQ@@._V1_SX300.jpg
38583,https://m.media-amazon.com/images/M/MV5BMzFjMTRkMzktZGQxMC00ZDc2LThiM2MtZWQ4NDlkM2JmZTkxXkEyXkFqcGc@._V1_SX300.jpg
38798,https://m.media-amazon.com/images/M/MV5BNjVlZGExYjMtM2VmMS00YzRmLWJiM2QtNzNmNmFjYjNlZjg5XkEyXkFqcGc@._V1_SX300.jpg
38886,https://m.media-amazon.com/images/M/MV5BNmRkNmRiMDQtOWJmZS00OWQ0LThlZDQtNDRkYmEzMjQyZGZjXkEyXkFqcGc@._V1_SX300.jpg
38992,https://m.media-amazon.com/images/M/MV5BODAzOTAzNzkyNl5BMl5BanBnXkFtZTYwMTAzNjM3._V1_SX300.jpg
39183,https://m.media-amazon.com/images/M/MV5BMzM4OWFjMTMtZjNjOS00YmU3LTlhY2MtNjFiMTVkN2Y1OTZlXkEyXkFqcGc@._V1_SX300.jpg
39231,https://m.media-amazon.com/images/M/MV5BNTEyZWU4YmMtNTQwNC00OWM4LThkNzktNmQ1YmJkY2NjZDE1XkEyXkFqcGc@._V1_SX300.jpg
39234,https://m.media-amazon.com/images/M/MV5BNTM3OTEwODYzNl5BMl5BanBnXkFtZTcwNjM1NzUzMw@@._V1_SX300.jpg
39292,https://m.media-amazon.com/images/M/MV5BODBkZGQ2OGEtNjU0MC00YjdlLWFmZGEtNTZjZTRiZjhlNGRmXkEyXkFqcGc@._V1_SX300.jpg
39307,https://m.media-amazon.com/images/M/MV5BNjc0NjgzOGQtYTE2MC00N2EzLThhZDQtMzUwMTE3NDM0NjYwXkEyXkFqcGc@._V1_SX300.jpg
39381,https://m.media-amazon.com/images/M/MV5BZTU2NGQ0MzAtMzZiNy00NDUyLThhNDMtZGNjMjViZmM0NTMwXkEyXkFqcGc@._V1_SX300.jpg
39400,https://m.media-amazon.com/images/M/MV5BOWEzMjFiMWYtOTBhNy00NmRiLWI4ZWEtMDcyNTgzOWI1ZTUwXkEyXkFqcGc@._V1_SX300.jpg
39414,https://m.media-amazon.com/images/M/MV5BMjE2MTM5NjIyOV5BMl5BanBnXkFtZTcwOTg3NDAzMQ@@._V1_SX300.jpg
39427,https://m.media-amazon.com/images/M/MV5BZTk3ZThjZjgtYjhlMi00YjFlLWFkMjQtOGM0MTQxMGNmMzhjXkEyXkFqcGc@._V1_SX300.jpg
39435,https://m.media-amazon.com/images/M/MV5BZjM3OGM3ZjYtYTA3YS00OTc5LWE0M2UtZTNiZjc2Yzg0ZTlhXkEyXkFqcGc@._V1_SX300.jpg
39444,https://m.media-amazon.com/images/M/MV5BMTQ4NzAxMTE3Ml5BMl5BanBnXkFtZTYwMDAwMjY3._V1_SX300.jpg
39446,https://m.media-amazon.com/images/M/MV5BZGVlNjk3MmItZmUzNy00MzcyLWIzOTktZjllYWU5MDAyMjM1XkEyXkFqcGc@._V1_SX300.jpg
39449,https://m.media-amazon.com/images/M/MV5BMTgxMDg4MjUyNV5BMl5BanBnXkFtZTYwMTgwNDU3._V1_SX300.jpg
39516,https://m.media-amazon.com/images/M/MV5BYjNiMTFmZGItZWQ2NS00N2EzLWE0YTgtYWFiNjYyMmY1NzAyXkEyXkFqcGc@._V1_SX300.jpg
39715,https://m.media-amazon.com/images/M/MV5BYzRkYjY4NmQtNmMxZS00MjkyLTk2YTMtYTgwZGRlYjAzNjZmXkEyXkFqcGdeQXVyMTY5Nzc4MDY@._V1_SX300.jpg
39801,https://m.media-amazon.com/images/M/MV5BMmFmZGUwZGItZjhlNi00MGRhLTk3YzItNWQyN2NlODZhZmU3XkEyXkFqcGc@._V1_SX300.jpg
39869,https://m.media-amazon.com/images/M/MV5BZTM0NGQ3MTQtZDFhMy00NmFjLWFjN2QtNzljOWYyM2QzN2M4XkEyXkFqcGc@._V1_SX300.jpg
40148,https://m.media-amazon.com/images/M/MV5BMTQ1OTA3MjM4MF5BMl5BanBnXkFtZTYwMTMxODc4._V1_SX300.jpg
40278,https://m.media-amazon.com/images/M/MV5BNmQ1NmYzZDctZjA4ZS00MWNjLWJmNjUtMDI0ZjhmMGM4ZjAyXkEyXkFqcGc@._V1_SX300.jpg
40339,https://m.media-amazon.com/images/M/MV5BMTM3MTIzMDQxMV5BMl5BanBnXkFtZTYwNTE0Mjg3._V1_SX300.jpg
40412,https://m.media-amazon.com/images/M/MV5BMTI5Mzk1MDc2M15BMl5BanBnXkFtZTcwMjIzMDA0MQ@@._V1_SX300.jpg
40414,https://m.media-amazon.com/images/M/MV5BMWNhNDIxY2EtY2Q2ZC00ZTI5LTk1ZGUtNjE4YmY3ZDY5NDZlXkEyXkFqcGc@._V1_SX300.jpg
40478,https://m.media-amazon.com/images/M/MV5BNGNhYzdlZWQtNjVjMC00NjdkLTg4ZWItZjQzMGEwZmQ0NTgxXkEyXkFqcGc@._V1_SX300.jpg
40491,https://m.media-amazon.com/images/M/MV5BYTgyOGEwZWItNGUxMy00MTJjLWJhYzctYjA0MDM0NjAxYzhiXkEyXkFqcGc@._V1_SX300.jpg
40578,https://m.media-amazon.com/images/M/MV5BOWMxNjI3NDUtYjU4Ny00Mjk2LWJhN2MtZTliMDI0NjhiZTZiXkEyXkFqcGc@._V1_SX300.jpg
40581,https://m.media-amazon.com/images/M/MV5BMjA0Mzg2NjUzMl5BMl5BanBnXkFtZTcwNDg2ODUzMQ@@._V1_SX300.jpg
40583,https://m.media-amazon.com/images/M/MV5BYWQ0YmNiYjUtODg0NS00YjNkLWJhOTktOGMxNTdmYTM0ZmMzXkEyXkFqcGc@._V1_SX300.jpg
40597,https://m.media-amazon.com/images/M/MV5BMmY5ZjRiNzItZTZhZi00NWRlLTkyNzItMjJlMmMzZTNiMmQ5XkEyXkFqcGdeQXVyMjI0MjMwMzQ@._V1_SX300.jpg
40614,https://m.media-amazon.com/images/M/MV5BNTBiYTkxNTItZDE1Ni00ZjZmLWFiNTAtMTFmZjIzNTU0YTJiXkEyXkFqcGc@._V1_SX300.jpg
40617,https://m.media-amazon.com/images/M/MV5BNTgzODgyOTQ3OF5BMl5BanBnXkFtZTcwMjI0MjgyMQ@@._V1_SX300.jpg
40629,https://m.media-amazon.com/images/M/MV5BMTA1NDQ3NTcyOTNeQTJeQWpwZ15BbWU3MDA0MzA4MzE@._V1_SX300.jpg
40697,https://m.media-amazon.com/images/M/MV5BZTRmOWJjMWMtNDljOC00NzNlLWJhODItNjBjOGVkMDYxMzQ0XkEyXkFqcGc@._V1_SX300.jpg
40723,https://m.media-amazon.com/images/M/MV5BMTIzMjYwNTU4N15BMl5BanBnXkFtZTcwMjk0OTgzMQ@@._V1_SX300.jpg
40732,https://m.media-amazon.com/images/M/MV5BMjA5NzQ1NTgwNV5BMl5BanBnXkFtZTcwNjUxMzUzMw@@._V1_SX300.jpg
40815,https://m.media-amazon.com/images/M/MV5BMTI1NDMyMjExOF5BMl5BanBnXkFtZTcwOTc4MjQzMQ@@._V1_SX300.jpg
40819,https://m.media-amazon.com/images/M/MV5BMjIyOTU3MjUxOF5BMl5BanBnXkFtZTcwMTQ0NjYzMw@@._V1_SX300.jpg
40826,https://m.media-amazon.com/images/M/MV5BZGJiZDJjNGEtNTM0NS00YjBiLTk4NjgtM2ZkMDAyNzdmZThhXkEyXkFqcGc@._V1_SX300.jpg
40851,https://m.media-amazon.com/images/M/MV5BNDMzZDZhMTQtYzJkNi00OTI2LThjNDUtN2I2N2JjZmYwMWM5XkEyXkFqcGc@._V1_SX300.jpg
40870,https://m.media-amazon.com/images/M/MV5BMzVmM2I5Y2EtZTRmMS00YmVhLTk1ZmItNWJmNjIyYmJkZjgxXkEyXkFqcGc@._V1_SX300.jpg
40946,https://m.media-amazon.com/images/M/MV5BMTYxOTUzOTU3N15BMl5BanBnXkFtZTcwNzE4ODUzMQ@@._V1_SX300.jpg
40955,https://m.media-amazon.com/images/M/MV5BNjZjYTI1NGYtNDc3Ni00MGY5LWJmOTAtNDBhNmIxMzdmNzNjXkEyXkFqcGc@._V1_SX300.jpg
40959,https://m.media-amazon.com/images/M/MV5BODRjNDJkZjMtZGVhNS00Yjc5LWFhNmQtYzRmMjY3NzJkZmE3XkEyXkFqcGc@._V1_SX300.jpg
40962,https://m.media-amazon.com/images/M/MV5BY2U1MGNhNDQtZTk0My00ZmQyLTg3NWUtZGJhZjRkMTZkZTE4XkEyXkFqcGc@._V1_SX300.jpg
40966,https://m.media-amazon.com/images/M/MV5BMTE5MTQ4ODQzNl5BMl5BanBnXkFtZTYwMDIxNTQ3._V1_SX300.jpg
41014,https://m.media-amazon.com/images/M/MV5BMGFkOWMxYmYtZThjOS00YTQzLTg3YWUtZjFkZDczZTMxYjgxXkEyXkFqcGc@._V1_SX300.jpg
41285,https://m.media-amazon.com/images/M/MV5BMTQ1NzQ4OTM4MV5BMl5BanBnXkFtZTcwNzY2OTQzMw@@._V1_SX300.jpg
41527,https://m.media-amazon.com/images/M/MV5BMTIyNTg4MjE4Ml5BMl5BanBnXkFtZTYwNzk0Mzc2._V1_SX300.jpg
41566,https://m.media-amazon.com/images/M/MV5BMTc0NTUwMTU5OV5BMl5BanBnXkFtZTcwNjAwNzQzMw@@._V1_SX300.jpg
41569,https://m.media-amazon.com/images/M/MV5BMWY0NWE0ZjUtNjRlOS00ZDViLTgxNTQtMGMwN2FhNDY1YTg2XkEyXkFqcGc@._V1_SX300.jpg
41571,https://m.media-amazon.com/images/M/MV5BMTYxMzM4NTEzOV5BMl5BanBnXkFtZTcwNDMwNjQzMw@@._V1_SX300.jpg
41573,https://m.media-amazon.com/images/M/MV5BOWRjNzY1MmItNDUwNS00MGMzLWFkN2UtMTEzYjU4MmE2ZDAxXkEyXkFqcGc@._V1_SX300.jpg
41617,https://m.media-amazon.com/images/M/MV5BZDc1YzI1MzgtNzVhYy00MjYwLTgyZmEtYzFkMzhhOTgxNjI2XkEyXkFqcGc@._V1_SX300.jpg
41627,https://m.media-amazon.com/images/M/MV5BY2MyYmQxODEtNDk3Mi00Mjc2LTgxMTMtNWQyZmIzYjA4MzgyXkEyXkFqcGc@._V1_SX300.jpg
41712,https://m.media-amazon.com/images/M/MV5BZGIxYjRlZDMtYzczMC00NWQyLWJlNDItMTQ0NjRjYWZlYTA5XkEyXkFqcGc@._V1_SX300.jpg
41716,https://m.media-amazon.com/images/M/MV5BNjRkNDMwNWItMDg2Zi00YWRhLWE2OWYtY2ZiOWNkZTY3YmY5XkEyXkFqcGc@._V1_SX300.jpg
41724,https://m.media-amazon.com/images/M/MV5BNDY1NTI5MTAtYmNmMi00NzFjLTkzNWUtOWU2N2VkNDdkMTY3XkEyXkFqcGc@._V1_SX300.jpg
41769,https://m.media-amazon.com/images/M/MV5BMmQwNDU2ZDAtMTc2OS00Y2I5LTkzYTYtMzA3ZDIxNjM1NWVjXkEyXkFqcGc@._V1_SX300.jpg
41828,https://m.media-amazon.com/images/M/MV5BNmY5NWY2YTMtMTEyNC00OGI4LThmNzUtN2QwNDM0MTA1N2VjXkEyXkFqcGc@._V1_SX300.jpg
41863,https://m.media-amazon.com/images/M/MV5BNDBjNTZiNWUtZWFmMy00MzZhLWIyYzAtNjdjMDNmMzg2YTU0XkEyXkFqcGc@._V1_SX300.jpg
41997,https://m.media-amazon.com/images/M/MV5BMTcwNzYzMzMwMF5BMl5BanBnXkFtZTcwMzMzODczMQ@@._V1_SX300.jpg
42002,https://m.media-amazon.com/images/M/MV5BMGVhNmRlMGYtYWM1ZC00ZWU1LWFhOTAtZGY2ZWVkYWIyN2I4XkEyXkFqcGc@._V1_SX300.jpg
42004,https://m.media-amazon.com/images/M/MV5BMzdmNmNjNGQtMTViMy00NDc5LTk1MmMtY2VjZWRlYmUwMWQyXkEyXkFqcGc@._V1_SX300.jpg
42007,https://m.media-amazon.com/images/M/MV5BOTg3Njk2NTIxNF5BMl5BanBnXkFtZTcwNTc4MTEzMw@@._V1_SX300.jpg
42009,https://m.media-amazon.com/images/M/MV5BMmIyNTIzZDItN2E5NS00ZjhmLWJlNDktMTcxNjdmZjhjYzA3XkEyXkFqcGc@._V1_SX300.jpg
42011,https://m.media-amazon.com/images/M/MV5BNGViNDU2ZWYtYjljZS00NjdlLTkzOTEtMTlmOTNjYzIwZGIyXkEyXkFqcGc@._V1_SX300.jpg
42013,https://m.media-amazon.com/images/M/MV5BNDY2YjVlNGMtZmE0Yy00ZjhkLWFhMWUtMTI1NjgzMzQ0OTJiXkEyXkFqcGc@._V1_SX300.jpg
42015,https://m.media-amazon.com/images/M/MV5BMGZlZTk1Y2EtMjA0MC00MGFkLTg2MmYtMDc0YzNmNmJhNzBhXkEyXkFqcGc@._V1_SX300.jpg
42018,https://m.media-amazon.com/images/M/MV5BYmNjNjY3YmYtNTdhYy00MzgzLTk4MjEtNTkyYmEwMGI1ZjA3XkEyXkFqcGc@._V1_SX300.jpg
42176,https://m.media-amazon.com/images/M/MV5BYWFiZDE1ZDEtNmE0Yi00MmZkLWFhOWYtYzA5NWRjNDMwNGM3XkEyXkFqcGc@._V1_SX300.jpg
42191,https://m.media-amazon.com/images/M/MV5BMWUzZDMzYjgtMjU1MS00YjNjLWJjMWUtMDA0ODRiNTZlYzg2XkEyXkFqcGc@._V1_SX300.jpg
42285,https://m.media-amazon.com/images/M/MV5BNGI1ODM3MmQtZGZhZS00ZTc5LWIxZjYtNDliOTBiNGJjNzRlXkEyXkFqcGc@._V1_SX300.jpg
42418,https://m.media-amazon.com/images/M/MV5BZGRhNmVmZDMtYzAyNy00M2YyLThkYTItNjNkYzMzYjUyZDY4XkEyXkFqcGc@._V1_SX300.jpg
42422,https://m.media-amazon.com/images/M/MV5BNzZmYTc1ZGQtYTYwNi00NzQyLWE0NTUtMjAxYTc1ZWQwNGMyXkEyXkFqcGc@._V1_SX300.jpg
42556,https://m.media-amazon.com/images/M/MV5BMDgwMzhjZjQtMDM2Mi00N2YwLTk0YTMtZTQ4OGFlMDU3YWY0XkEyXkFqcGc@._V1_SX300.jpg
42559,https://m.media-amazon.com/images/M/MV5BMzE4OWJmODgtMDNjYy00Njg5LTllN2YtNTFmYzNlMTk5MDMxXkEyXkFqcGdeQXVyNjc1NTYyMjg@._V1_SX300.jpg
42602,https://m.media-amazon.com/images/M/MV5BMTgxMjYxNDg1Ml5BMl5BanBnXkFtZTcwODU3NzgyMQ@@._V1_SX300.jpg
42632,https://m.media-amazon.com/images/M/MV5BMDQ4MDM4YjEtN2E3Yy00NDJjLTgzNWUtN2M4ZTVkMGEzMzhiXkEyXkFqcGc@._V1_SX300.jpg
42638,https://m.media-amazon.com/images/M/MV5BM2M0OTA2ODMtMGY4Yi00YTJiLTg5ZDItMTBlMDEzYTYzODJiXkEyXkFqcGc@._V1_SX300.jpg
42718,https://m.media-amazon.com/images/M/MV5BYTBiN2MyZTEtY2VjMi00ZDg1LWE3MGUtY2I1MDJmNjMxNGE5XkEyXkFqcGc@._V1_SX300.jpg
42723,https://m.media-amazon.com/images/M/MV5BMTY1NDA3ODM1OV5BMl5BanBnXkFtZTcwMDM5NzEzMQ@@._V1_SX300.jpg
42725,https://m.media-amazon.com/images/M/MV5BZGQyMjIyNzYtNGRjZi00OWUzLTkzNTAtZGZlNjViNGNiZTE4XkEyXkFqcGc@._V1_SX300.jpg
42728,https://m.media-amazon.com/images/M/MV5BYjU0YTE1MGEtNTgzMS00ZmE4LTk1MTItNTYzODVmNWY4NmRhXkEyXkFqcGc@._V1_SX300.jpg
42730,https://m.media-amazon.com/images/M/MV5BMjA2MDY4OTE1N15BMl5BanBnXkFtZTcwOTI5OTMzMQ@@._V1_SX300.jpg
42732,https://m.media-amazon.com/images/M/MV5BOTM0NzJjMmMtOTUwNC00ZTk4LWIyZmQtOTBlZjdmZGM5NzY0XkEyXkFqcGc@._V1_SX300.jpg
42734,https://m.media-amazon.com/images/M/MV5BOTE4ZDU2MzYtM2Y0Yy00YWI5LTlhM2EtZjJlYjBmMzI3NWVmXkEyXkFqcGc@._V1_SX300.jpg
42738,https://m.media-amazon.com/images/M/MV5BMjEzNDY1OTQwOV5BMl5BanBnXkFtZTcwNjcxMTIzMw@@._V1_SX300.jpg
42740,https://m.media-amazon.com/images/M/MV5BMTg0MjM2NzI2OF5BMl5BanBnXkFtZTcwOTgwODYzMQ@@._V1_SX300.jpg
42761,https://m.media-amazon.com/images/M/MV5BMTg5NDA4MTI4Ml5BMl5BanBnXkFtZTcwOTI1NjAzMQ@@._V1_SX300.jpg
42943,https://m.media-amazon.com/images/M/MV5BMzIxZDFhZWQtZmQ1My00MDZmLThkNzItNmIwZjYwMzhlZDM0XkEyXkFqcGc@._V1_SX300.jpg
42946,https://m.media-amazon.com/images/M/MV5BNDk3OTcyYmYtM2ViOC00MjhmLWE1ZjYtNTVmOGNlNzlkMDFjXkEyXkFqcGc@._V1_SX300.jpg
43289,https://m.media-amazon.com/images/M/MV5BMWZjNzEwNDQtMDZlMC00ZDU2LThkNzgtMDQ3MzEzMjliODEyXkEyXkFqcGc@._V1_SX300.jpg
43333,https://m.media-amazon.com/images/M/MV5BMmY1ZWYyMmItYWM5ZC00MjhhLWIwY2QtYmY2NDA1NzY2NzVkXkEyXkFqcGc@._V1_SX300.jpg
43376,https://m.media-amazon.com/images/M/MV5BMTk3OTk2NTAyMV5BMl5BanBnXkFtZTcwMzAyMDIzMQ@@._V1_SX300.jpg
43396,https://m.media-amazon.com/images/M/MV5BN2IwYTI1MzMtYWYzMC00Y2I5LWJlODUtMTQwMTYwNjY4MTg3XkEyXkFqcGc@._V1_SX300.jpg
43419,https://m.media-amazon.com/images/M/MV5BYzc0ZGQ3M2UtNmM1Ni00YjliLTljNjUtNTA4NGE1NjY3Yjc1XkEyXkFqcGc@._V1_SX300.jpg
43460,https://m.media-amazon.com/images/M/MV5BZTc2OWQyMWItZTBiNC00NjFkLTg5YTYtMWM0ZGYwMzQ2N2NkXkEyXkFqcGc@._V1_SX300.jpg
43549,https://m.media-amazon.com/images/M/MV5BNTg2MDRjMzQtYjNiZC00NDMzLWFkNWUtN2E1NjkxY2M3ZjI2XkEyXkFqcGc@._V1_SX300.jpg
43556,https://m.media-amazon.com/images/M/MV5BNDQxMzA1Mjk5MF5BMl5BanBnXkFtZTcwMTM5NjEzMQ@@._V1_SX300.jpg
43558,https://m.media-amazon.com/images/M/MV5BNGUwZjlkNGQtMzlmNi00OGM1LTgyZGYtMWVhY2FiMmEyMjkxXkEyXkFqcGc@._V1_SX300.jpg
43560,https://m.media-amazon.com/images/M/MV5BMjAwNDUxODEwMF5BMl5BanBnXkFtZTcwMzgyMTIzMQ@@._V1_SX300.jpg
43677,https://m.media-amazon.com/images/M/MV5BYTZmMDE0ZDMtYjg2Mi00YWU0LWI2NzItNTQzMjMwNGRkNTAyXkEyXkFqcGc@._V1_SX300.jpg
43679,https://m.media-amazon.com/images/M/MV5BMzI3NzE0MmEtYmFjZC00NTJhLWI4OWUtNGRmNDEwNGU3NzM0XkEyXkFqcGc@._V1_SX300.jpg
43684,https://m.media-amazon.com/images/M/MV5BMzMzNzU0NzQ1NF5BMl5BanBnXkFtZTcwNTMzOTEzMQ@@._V1_SX300.jpg
43708,https://m.media-amazon.com/images/M/MV5BM2UzZGY4OWItN2E3Mi00ZGM5LWI1NjMtMjlmMmQ1MDVmMjRjXkEyXkFqcGc@._V1_SX300.jpg
43744,https://m.media-amazon.com/images/M/MV5BYzI1NzNlYTUtZWRlYi00YzU2LWFjZmItMzg1Y2M0ZjA5YmI3XkEyXkFqcGc@._V1_SX300.jpg
43836,https://m.media-amazon.com/images/M/MV5BZTE2ODdmMTktNmEwMy00ZDZmLWJmNDAtYTEyN2FjYjcwM2M1XkEyXkFqcGc@._V1_SX300.jpg
43869,https://m.media-amazon.com/images/M/MV5BODIxNzYxNDEzNl5BMl5BanBnXkFtZTgwMjA1NTM2MTI@._V1_SX300.jpg
43871,https://m.media-amazon.com/images/M/MV5BMTkwOTAyMTkwOV5BMl5BanBnXkFtZTYwMjY2MTM3._V1_SX300.jpg
43904,https://m.media-amazon.com/images/M/MV5BZDIxMWUzOGMtMDBlZC00YzBjLTlkYjUtMTk0MjdmNDk3NTg4XkEyXkFqcGc@._V1_SX300.jpg
43908,https://m.media-amazon.com/images/M/MV5BMTc5MzQxNTU3N15BMl5BanBnXkFtZTcwODE2MzIzMQ@@._V1_SX300.jpg
43912,https://m.media-amazon.com/images/M/MV5BMTc5MzI3NDE4MF5BMl5BanBnXkFtZTcwNTIyNzYzMw@@._V1_SX300.jpg
43914,https://m.media-amazon.com/images/M/MV5BMTQzMzc2Njk1MV5BMl5BanBnXkFtZTcwODI3NDIzMQ@@._V1_SX300.jpg
43917,https://m.media-amazon.com/images/M/MV5BMjExMjAwNzE0N15BMl5BanBnXkFtZTYwMDY4NDk2._V1_SX300.jpg
43919,https://m.media-amazon.com/images/M/MV5BYzNjNThhNjUtMmQ3YS00YmQzLWJmMjktMWMyODMyMDc4ZmJkXkEyXkFqcGc@._V1_SX300.jpg
43921,https://m.media-amazon.com/images/M/MV5BMTIwOTAzMDc4MF5BMl5BanBnXkFtZTcwNjY5MzIzMQ@@._V1_SX300.jpg
43928,https://m.media-amazon.com/images/M/MV5BOTJmZmY1NmQtNmFhNC00MGM2LTlkM2YtNWFiMWM0ZWM3NzJmXkEyXkFqcGc@._V1_SX300.jpg
43930,https://m.media-amazon.com/images/M/MV5BMTU5MjdlOGItYjAyNy00OTliLTgyNjItY2FjNmIxYTE0YTNjXkEyXkFqcGc@._V1_SX300.jpg
43932,https://m.media-amazon.com/images/M/MV5BMTMyOTg5MjY1OF5BMl5BanBnXkFtZTcwNTM1ODYzMQ@@._V1_SX300.jpg
43936,https://m.media-amazon.com/images/M/MV5BMTQ1NDEwMzEwMl5BMl5BanBnXkFtZTcwNzM4MTEzMw@@._V1_SX300.jpg
44004,https://m.media-amazon.com/images/M/MV5BMTg0OTc2MDQ3NV5BMl5BanBnXkFtZTcwNDUwMjEzMw@@._V1_SX300.jpg
44020,https://m.media-amazon.com/images/M/MV5BMTYyMjk0NTMwMl5BMl5BanBnXkFtZTgwNzY0NjAwNzE@._V1_SX300.jpg
44022,https://m.media-amazon.com/images/M/MV5BMjAwODg3OTAxMl5BMl5BanBnXkFtZTcwMjg2NjYyMw@@._V1_SX300.jpg
44189,https://m.media-amazon.com/images/M/MV5BYTBiNDZhZDMtNDg3MS00OWIxLWI2ODQtMmI5ZWJlYmQzYjM4XkEyXkFqcGc@._V1_SX300.jpg
44191,https://m.media-amazon.com/images/M/MV5BOTI5ODc3NzExNV5BMl5BanBnXkFtZTcwNzYxNzQzMw@@._V1_SX300.jpg
44193,https://m.media-amazon.com/images/M/MV5BYjVkM2VmZDYtM2E2OS00NTIwLThlZjctM2NkM2QwYmIxMTFiXkEyXkFqcGc@._V1_SX300.jpg
44195,https://m.media-amazon.com/images/M/MV5BMTI2MDk5MjE4NV5BMl5BanBnXkFtZTYwMjkwNTU3._V1_SX300.jpg
44197,https://m.media-amazon.com/images/M/MV5BNTYzYjBhM2MtY2ZmNS00ZDQ1LWE1MDktNGY0ZmQ4NzI3ODIzXkEyXkFqcGc@._V1_SX300.jpg
44199,https://m.media-amazon.com/images/M/MV5BZWFmMDZkYjktMjYyOS00MTM2LTg2MmQtOTUwMzJjMDlhZDY1XkEyXkFqcGc@._V1_SX300.jpg
44204,https://m.media-amazon.com/images/M/MV5BNGVhMjgzZDktOTc5Yy00Y2M1LTk5NjctNWQwMmY5NmRjNTZiXkEyXkFqcGc@._V1_SX300.jpg
44225,https://m.media-amazon.com/images/M/MV5BZDA1ZWVjOTEtYjZjNC00MTEyLTkzMWUtOGZlZWY1NmY2NGU3XkEyXkFqcGc@._V1_SX300.jpg
44238,https://m.media-amazon.com/images/M/MV5BZDFmZTkyZjctNWVjNS00ZjkyLWEzMjQtZWY2NDBjYjVmZTY2XkEyXkFqcGc@._V1_SX300.jpg
44241,https://m.media-amazon.com/images/M/MV5BMWEzNWFkYTktZWRkNy00MGJlLWE2N2YtNzA4OTkwYWRmZDk0XkEyXkFqcGdeQXVyMTQxNzMzNDI@._V1_SX300.jpg
44243,https://m.media-amazon.com/images/M/MV5BMTU2MTUxOTU0N15BMl5BanBnXkFtZTcwOTgzOTgxMQ@@._V1_SX300.jpg
44301,https://m.media-amazon.com/images/M/MV5BNTAyNzAyODEtMjNmOC00Njg2LWFlOWYtNzViMGE2MTczNzE0XkEyXkFqcGc@._V1_SX300.jpg
44397,https://m.media-amazon.com/images/M/MV5BMzk0MTg5MzEyOF5BMl5BanBnXkFtZTcwNDUyMzIzMQ@@._V1_SX300.jpg
44399,https://m.media-amazon.com/images/M/MV5BMTY0NzM0OTE1N15BMl5BanBnXkFtZTcwMjQ0NjIzMQ@@._V1_SX300.jpg
44511,https://m.media-amazon.com/images/M/MV5BMjE0NzU3NDI5NF5BMl5BanBnXkFtZTcwNTQxOTUzMQ@@._V1_SX300.jpg
44555,https://m.media-amazon.com/images/M/MV5BYjM1N2Q0YWEtN2E5MC00NDM3LTk2NTEtMTc1NTk5OTA5ZGIzXkEyXkFqcGc@._V1_SX300.jpg
44597,https://m.media-amazon.com/images/M/MV5BY2NjMDc3YzgtNmIwMC00ZWRlLWJiMDktYTM0YmM0NjdjYmEwXkEyXkFqcGc@._V1_SX300.jpg
44613,https://m.media-amazon.com/images/M/MV5BNjViYjM1Y2MtZjQxYi00N2U2LWEyOWYtMWViZjc5NDM4NzFkXkEyXkFqcGc@._V1_SX300.jpg
44633,https://m.media-amazon.com/images/M/MV5BMjE0NTk1NzUyN15BMl5BanBnXkFtZTcwMDUyMzIzMQ@@._V1_SX300.jpg
44657,https://m.media-amazon.com/images/M/MV5BMTZkOTU2M2QtYzQxOS00MGIxLWIyNTUtN2Q1MWEzZGVlYmFiXkEyXkFqcGc@._V1_SX300.jpg
44665,https://m.media-amazon.com/images/M/MV5BNzJkYjA4YjEtMTZlZi00NjFjLTgwNDMtN2VhYTY0MDU3ZjcwXkEyXkFqcGc@._V1_SX300.jpg
44694,https://m.media-amazon.com/images/M/MV5BMjA0NTUxMjY1OV5BMl5BanBnXkFtZTcwNjI2OTMzMQ@@._V1_SX300.jpg
44709,https://m.media-amazon.com/images/M/MV5BMTUzMDIwNjIzM15BMl5BanBnXkFtZTcwNTczODQzMQ@@._V1_SX300.jpg
44719,https://m.media-amazon.com/images/M/MV5BN2Y2MGE3OTUtMDhkZC00MmU1LTg5NTktYjExNGZmNjgzNjJiXkEyXkFqcGdeQXVyMTY2MzYyNzA@._V1_SX300.jpg
44731,https://m.media-amazon.com/images/M/MV5BMThiNWRmNDQtOWM0ZC00YjI1LWFmMmMtYzBhZjMzODk4NmJmXkEyXkFqcGc@._V1_SX300.jpg
44759,https://m.media-amazon.com/images/M/MV5BMTkzNzM3ODY3Nl5BMl5BanBnXkFtZTcwNzMyNDcyNA@@._V1_SX300.jpg
44761,https://m.media-amazon.com/images/M/MV5BMTk4MjQzMzA2N15BMl5BanBnXkFtZTcwMTU2MzIzMQ@@._V1_SX300.jpg
44773,https://m.media-amazon.com/images/M/MV5BMDhkZmYwMjYtMDc3MS00ZTZmLWEyNzUtZjEzODA2NGNjYTlhXkEyXkFqcGdeQXVyMTk5MjAyMjM@._V1_SX300.jpg
44777,https://m.media-amazon.com/images/M/MV5BNjYxZGQ3N2MtYTZlZi00Zjk3LWI5YTAtOGJjMDJiOThmYTExXkEyXkFqcGc@._V1_SX300.jpg
44788,https://m.media-amazon.com/images/M/MV5BMTk0NDIwMDUxNl5BMl5BanBnXkFtZTcwMzY3MzIzMQ@@._V1_SX300.jpg
44828,https://m.media-amazon.com/images/M/MV5BMTk5NDQwOGItYTQ4Mi00MGFjLWEzYjMtMDZkMTIxMGJhNWIyXkEyXkFqcGc@._V1_SX300.jpg
44840,https://m.media-amazon.com/images/M/MV5BMTcxMzg3NDQwNl5BMl5BanBnXkFtZTcwMjk1ODQzMQ@@._V1_SX300.jpg
44849,https://m.media-amazon.com/images/M/MV5BMjEyMzA4ODQ3MV5BMl5BanBnXkFtZTcwMTkwNDUzMQ@@._V1_SX300.jpg
44851,https://m.media-amazon.com/images/M/MV5BNGI1ODAzM2YtZGY1MS00YmYwLWEyODEtOWQzM2Q2NzVlZTFmXkEyXkFqcGc@._V1_SX300.jpg
44864,https://m.media-amazon.com/images/M/MV5BMjE3Mjc3NjQ5NV5BMl5BanBnXkFtZTYwMjY5MjE3._V1_SX300.jpg
44889,https://m.media-amazon.com/images/M/MV5BYWEwYzJmMDItZGYyYi00ZTZkLWE2NTUtZTg0YjVmODdjZmNhXkEyXkFqcGc@._V1_SX300.jpg
44929,https://m.media-amazon.com/images/M/MV5BYjdhNDA3MmItZDBkOC00NmEyLTljZDgtMmYyYWFmMDA1ZGRkXkEyXkFqcGc@._V1_SX300.jpg
44931,https://m.media-amazon.com/images/M/MV5BMTcxNTUxMTcwOV5BMl5BanBnXkFtZTgwNDk2Njk1MDE@._V1_SX300.jpg
44937,https://m.media-amazon.com/images/M/MV5BMTk5NjI0NDExNl5BMl5BanBnXkFtZTcwOTQwNzIzMQ@@._V1_SX300.jpg
44943,https://m.media-amazon.com/images/M/MV5BMTIyMzUyNzYzNV5BMl5BanBnXkFtZTcwMTk2NzEyMQ@@._V1_SX300.jpg
44972,https://m.media-amazon.com/images/M/MV5BMjExNDQwM2QtYjFiNy00N2ZlLWE4ZGEtODdmYjY5NDdhNWE3XkEyXkFqcGc@._V1_SX300.jpg
44974,https://m.media-amazon.com/images/M/MV5BMTc0MzgzNTI3N15BMl5BanBnXkFtZTcwNDk3MDIzMQ@@._V1_SX300.jpg
45028,https://m.media-amazon.com/images/M/MV5BMjdlOGRjZGYtOTdjZi00OTJiLWE3OTYtYmFiNmFiOTZiNjVjXkEyXkFqcGc@._V1_SX300.jpg
45062,https://m.media-amazon.com/images/M/MV5BMTQ4OTcyODc1N15BMl5BanBnXkFtZTcwNDE0MjYzMQ@@._V1_SX300.jpg
45074,https://m.media-amazon.com/images/M/MV5BMTQ5ODgzNjQ3OF5BMl5BanBnXkFtZTcwNTYyMTQzMQ@@._V1_SX300.jpg
45081,https://m.media-amazon.com/images/M/MV5BYTczZmZlZmEtODU4ZS00YzgzLThiMDUtMGE0ZmJhYzdhZGY5XkEyXkFqcGc@._V1_SX300.jpg
45106,https://m.media-amazon.com/images/M/MV5BMjE0MTk1NzM4MV5BMl5BanBnXkFtZTcwOTUzMjYzMQ@@._V1_SX300.jpg
45175,https://m.media-amazon.com/images/M/MV5BMTY5OTg0NDEyNV5BMl5BanBnXkFtZTcwNDQwOTMzMQ@@._V1_SX300.jpg
45183,https://m.media-amazon.com/images/M/MV5BM2JhMjVjZTktODVkYi00ZTM2LTlkMDAtMDBhMDVjYTQxZmYzXkEyXkFqcGc@._V1_SX300.jpg
45186,https://m.media-amazon.com/images/M/MV5BNzY1MzdjMjYtNDJiZS00N2U4LWI0MWQtZTRiZWYxMzU3ZmI4XkEyXkFqcGc@._V1_SX300.jpg
45208,https://m.media-amazon.com/images/M/MV5BNDgxNDE2NDU3MV5BMl5BanBnXkFtZTcwMzA2ODQzMQ@@._V1_SX300.jpg
45210,https://m.media-amazon.com/images/M/MV5BMTI1Nzc3NjAwOF5BMl5BanBnXkFtZTcwNzYzMjYzMQ@@._V1_SX300.jpg
45221,https://m.media-amazon.com/images/M/MV5BMTI1MDAzMDgzMF5BMl5BanBnXkFtZTcwNzc1ODQzMQ@@._V1_SX300.jpg
45361,https://m.media-amazon.com/images/M/MV5BOTg0MDcyNDczMl5BMl5BanBnXkFtZTcwNjE4ODIzMQ@@._V1_SX300.jpg
45382,https://m.media-amazon.com/images/M/MV5BNzAxNTI5MzI3NV5BMl5BanBnXkFtZTcwMTI0NDgzMQ@@._V1_SX300.jpg
45431,https://m.media-amazon.com/images/M/MV5BN2ZiYjQ2ZDctMDI3Yy00YmViLWEyMGYtZTYxMmE2MGM5Y2M5XkEyXkFqcGc@._V1_SX300.jpg
45440,https://m.media-amazon.com/images/M/MV5BMjA2NzUzNzIwMV5BMl5BanBnXkFtZTcwMDgxNDgzMQ@@._V1_SX300.jpg
45442,https://m.media-amazon.com/images/M/MV5BMTIwOTMwODM2Nl5BMl5BanBnXkFtZTYwMDY5NjU3._V1_SX300.jpg
45447,https://m.media-amazon.com/images/M/MV5BMjIxMjQyMTc3Nl5BMl5BanBnXkFtZTcwMTA1MDUzMw@@._V1_SX300.jpg
45499,https://m.media-amazon.com/images/M/MV5BMThmOWE3OWEtODJmNC00ZDEzLTk4MWUtNzEzM2RiNmJiZmU3XkEyXkFqcGc@._V1_SX300.jpg
45501,https://m.media-amazon.com/images/M/MV5BZTVhNTdkNmYtYWViNC00MjJjLWFjMjMtMmY1YzA1NzI3MzQ0XkEyXkFqcGc@._V1_SX300.jpg
45503,https://m.media-amazon.com/images/M/MV5BOGFiOGJmZjItMDQzMy00YTA0LWEyODMtNmRiYTI4OWYwNTk1XkEyXkFqcGc@._V1_SX300.jpg
45517,https://m.media-amazon.com/images/M/MV5BMTg5NzY0MzA2MV5BMl5BanBnXkFtZTYwNDc3NTc2._V1_SX300.jpg
45635,https://m.media-amazon.com/images/M/MV5BMjAzODM0MTUyNl5BMl5BanBnXkFtZTgwNTQzNjU0MTI@._V1_SX300.jpg
45648,https://m.media-amazon.com/images/M/MV5BMTkwMTgwODMxMl5BMl5BanBnXkFtZTcwNDU0MjIzMQ@@._V1_SX300.jpg
45658,https://m.media-amazon.com/images/M/MV5BYjk4NTVhNjYtYWQwZC00NTI4LTgzZWYtYjNmZmEwODkzZDNhXkEyXkFqcGdeQXVyMTY5Nzc4MDY@._V1_SX300.jpg
45662,https://m.media-amazon.com/images/M/MV5BNDhhMTBlODEtMGIxOC00MzVjLTllMzctY2NkMWNmODY3MWZmXkEyXkFqcGc@._V1_SX300.jpg
45666,https://m.media-amazon.com/images/M/MV5BMjMyNmEzNWYtMDNkYS00NGFmLWE3YjYtNDViYjUyMDA3MTlkXkEyXkFqcGc@._V1_SX300.jpg
45668,https://m.media-amazon.com/images/M/MV5BMTYxMTgxNDI3MV5BMl5BanBnXkFtZTcwMzIxMTIzMw@@._V1_SX300.jpg
45672,https://m.media-amazon.com/images/M/MV5BMTA1MTUxNDY4NzReQTJeQWpwZ15BbWU2MDE3ODAxNw@@._V1_SX300.jpg
45720,https://m.media-amazon.com/images/M/MV5BOWM3NTI3YWEtYjJmMy00M2U5LWI1NzEtZWM3ZDY2ZWNjOGRiXkEyXkFqcGc@._V1_SX300.jpg
45722,https://m.media-amazon.com/images/M/MV5BMTcwODc1MTMxM15BMl5BanBnXkFtZTYwMDg1NzY3._V1_SX300.jpg
45726,https://m.media-amazon.com/images/M/MV5BMTUxOTg0MzczOV5BMl5BanBnXkFtZTcwODk1MTQzMQ@@._V1_SX300.jpg
45728,https://m.media-amazon.com/images/M/MV5BNDViOTRjNTUtOGMxYi00MWVhLTg3ZmYtNDA1MjMwMjBlNTIzXkEyXkFqcGc@._V1_SX300.jpg
45730,https://m.media-amazon.com/images/M/MV5BMjEyNTc0NTk5M15BMl5BanBnXkFtZTcwMDE5NzkyMw@@._V1_SX300.jpg
45732,https://m.media-amazon.com/images/M/MV5BNjAwN2M5ODgtNTFhNS00ZTkwLWIzN2ItZjM2NzhlMmM2OGU3XkEyXkFqcGc@._V1_SX300.jpg
45880,https://m.media-amazon.com/images/M/MV5BMmE4NzQzNGItNTY4My00ZTBhLTk2ZjItZDJkMjRlYTE2MGRiXkEyXkFqcGc@._V1_SX300.jpg
45928,https://m.media-amazon.com/images/M/MV5BMTc1MTM0MTA2N15BMl5BanBnXkFtZTcwMTk1OTIzMQ@@._V1_SX300.jpg
45950,https://m.media-amazon.com/images/M/MV5BOTg3NjYxMjM5OF5BMl5BanBnXkFtZTcwMzQzMDA0MQ@@._V1_SX300.jpg
45969,https://m.media-amazon.com/images/M/MV5BYjIyYmFhMDItNzdkOC00M2ZiLWI0MTAtZDhjZGUyMjBmN2QzXkEyXkFqcGc@._V1_SX300.jpg
46062,https://m.media-amazon.com/images/M/MV5BNzA2MmIxYWUtOGRiYi00ZTVkLWE4YTQtY2MyN2I5ZmRmOTBjXkEyXkFqcGc@._V1_SX300.jpg
46105,https://m.media-amazon.com/images/M/MV5BOTI5ODAyMDk2M15BMl5BanBnXkFtZTcwNzMwNzAzMQ@@._V1_SX300.jpg
46231,https://m.media-amazon.com/images/M/MV5BY2RhNDI0MmEtYTgyNC00NmQ5LWJlZjUtMjgzMzJkNTE3OTYyXkEyXkFqcGc@._V1_SX300.jpg
46322,https://m.media-amazon.com/images/M/MV5BNjI1N2ZmOWMtODE2ZS00MzU5LWJhMzYtNWNmNDQ2NGIzNDM0XkEyXkFqcGc@._V1_SX300.jpg
46335,https://m.media-amazon.com/images/M/MV5BMTQ2NTMxODEyNV5BMl5BanBnXkFtZTcwMDgxMjA0MQ@@._V1_SX300.jpg
46337,https://m.media-amazon.com/images/M/MV5BNTRhMGU5NmYtOTVmNy00OGMzLWFhMWYtZjNlNWY3ZTY3MjBkXkEyXkFqcGc@._V1_SX300.jpg
46347,https://m.media-amazon.com/images/M/MV5BMmM2NzBmMmEtODI5Ny00ZDA1LTk2Y2MtZWQ1NmQ4OTA1N2YzXkEyXkFqcGc@._V1_SX300.jpg
46367,https://m.media-amazon.com/images/M/MV5BNDY1YjMyZjctZjc1Mi00ZTEyLTk5NjItYzhjZDFjNWU1ZDBmXkEyXkFqcGc@._V1_SX300.jpg
46530,https://m.media-amazon.com/images/M/MV5BMjg1ZGRiMTEtYmU4Zi00NTkwLWJmODQtMjU3MTAyMGQ2OGZlXkEyXkFqcGc@._V1_SX300.jpg
46559,https://m.media-amazon.com/images/M/MV5BMTQ2Njk1NDg0MV5BMl5BanBnXkFtZTcwMzQ2MTMzMQ@@._V1_SX300.jpg
46572,https://m.media-amazon.com/images/M/MV5BZWQ1NDA1NDgtZTdlMi00NjM1LWI2NjgtMjExOTVlMjU4MGIyXkEyXkFqcGc@._V1_SX300.jpg
46574,https://m.media-amazon.com/images/M/MV5BMTY2MjM1OTk1OF5BMl5BanBnXkFtZTcwNzE2NzYzMQ@@._V1_SX300.jpg
46578,https://m.media-amazon.com/images/M/MV5BMTgzNTgzODU0NV5BMl5BanBnXkFtZTcwMjEyMjMzMQ@@._V1_SX300.jpg
46664,https://m.media-amazon.com/images/M/MV5BYjA0ODM0NTktNTZhYy00OGI0LWE0ZTItY2NhYTdiZTE2MGNiXkEyXkFqcGc@._V1_SX300.jpg
46723,https://m.media-amazon.com/images/M/MV5BNDY3YjliMzgtMTkxYi00MmRkLWI1YTktNGQ3NGJhNzVhNzg5XkEyXkFqcGc@._V1_SX300.jpg
46772,https://m.media-amazon.com/images/M/MV5BMTgwMTM0MzgyNF5BMl5BanBnXkFtZTcwMjg4MzMzMQ@@._V1_SX300.jpg
46850,https://m.media-amazon.com/images/M/MV5BMTkzNDMwODg5MV5BMl5BanBnXkFtZTYwMzU5NTc3._V1_SX300.jpg
46855,https://m.media-amazon.com/images/M/MV5BMTQxZGZhOTctM2MyYi00OGZkLTgwOWItNThlNjJkNWEwOWM5XkEyXkFqcGc@._V1_SX300.jpg
46862,https://m.media-amazon.com/images/M/MV5BZTAzYTgxMTItYjE0MC00MDMwLWIwYmItMGJlNzFiMTJmNzI5XkEyXkFqcGc@._V1_SX300.jpg
46865,https://m.media-amazon.com/images/M/MV5BMTI0NTA3MjI3NV5BMl5BanBnXkFtZTcwNTI1ODYzMQ@@._V1_SX300.jpg
46948,https://m.media-amazon.com/images/M/MV5BMTIzNjE1NDg1N15BMl5BanBnXkFtZTcwOTg2NTMzMQ@@._V1_SX300.jpg
46965,https://m.media-amazon.com/images/M/MV5BMThjYjk2MDItYTFiNS00N2I1LTgwYjktMWM4ODFjYTczYmUxXkEyXkFqcGc@._V1_SX300.jpg
46967,https://m.media-amazon.com/images/M/MV5BNThiY2M5NmUtYTg5NC00NDNjLWE5YWUtZDQzY2Y5NWZlOTQyXkEyXkFqcGc@._V1_SX300.jpg
46970,https://m.media-amazon.com/images/M/MV5BNzAzOTk1OTIyM15BMl5BanBnXkFtZTcwNDIzNTQzMQ@@._V1_SX300.jpg
46972,https://m.media-amazon.com/images/M/MV5BNGMyYjYyZDAtNzRiZC00ZjRkLTkwYjktODkxODQzNTFiMTVmXkEyXkFqcGc@._V1_SX300.jpg
46974,https://m.media-amazon.com/images/M/MV5BMTIxMzE5ODEwOV5BMl5BanBnXkFtZTcwMzM3MzIzMQ@@._V1_SX300.jpg
46976,https://m.media-amazon.com/images/M/MV5BZWU4YzI3MGQtMmUxYi00N2NjLTg5NWItNDc1ZTU4NWZjNzc2XkEyXkFqcGc@._V1_SX300.jpg
47044,https://m.media-amazon.com/images/M/MV5BMWRiNDhjYTItMWMwNy00Mzk3LWFjNjktNzk3OWMwNWFjY2RhXkEyXkFqcGc@._V1_SX300.jpg
47099,https://m.media-amazon.com/images/M/MV5BMTQ5NjQ0NDI3NF5BMl5BanBnXkFtZTcwNDI0MjEzMw@@._V1_SX300.jpg
47122,https://m.media-amazon.com/images/M/MV5BYWZlYzFmYzMtNjI2MS00MmE3LTlhZTQtNzBlZmYyZjM3MmFmXkEyXkFqcGc@._V1_SX300.jpg
47124,https://m.media-amazon.com/images/M/MV5BMjE2OTYwMzQzNl5BMl5BanBnXkFtZTcwNDM1MjMzMQ@@._V1_SX300.jpg
47200,https://m.media-amazon.com/images/M/MV5BMjg0NjAxNDY4MV5BMl5BanBnXkFtZTcwODA5MjMzMw@@._V1_SX300.jpg
47202,https://m.media-amazon.com/images/M/MV5BZTgxY2FiM2ItMGJiNS00NGQ1LTk2MGYtYzBmNDJlZTQ5ZWU5XkEyXkFqcGc@._V1_SX300.jpg
47254,https://m.media-amazon.com/images/M/MV5BMTc3NDU0MTgyN15BMl5BanBnXkFtZTcwNjgwMzY4NA@@._V1_SX300.jpg
47261,https://m.media-amazon.com/images/M/MV5BOWJhYTQ1NzItNGU4Ni00YzczLWI2MWEtNWM0MjA4Y2ZhYTFhXkEyXkFqcGc@._V1_SX300.jpg
47382,https://m.media-amazon.com/images/M/MV5BYjFmOTU4MjgtNzFkNy00NDZlLThkMDUtNTExNTk1ZjhhZjNhXkEyXkFqcGc@._V1_SX300.jpg
47384,https://m.media-amazon.com/images/M/MV5BMTM0NjczMzUyM15BMl5BanBnXkFtZTcwMDEwMjQzMQ@@._V1_SX300.jpg
47404,https://m.media-amazon.com/images/M/MV5BMGU4ZDhlNjUtNDIxZC00MDhlLTg5YzEtNDg2NzRiNjlmOTdlXkEyXkFqcGc@._V1_SX300.jpg
47423,https://m.media-amazon.com/images/M/MV5BMTg4ODg1OTIwNl5BMl5BanBnXkFtZTcwOTA3ODQzMQ@@._V1_SX300.jpg
47446,https://m.media-amazon.com/images/M/MV5BMTk1OTUwODY3OF5BMl5BanBnXkFtZTcwNjYwOTkzMQ@@._V1_SX300.jpg
47465,https://m.media-amazon.com/images/M/MV5BMTMwNDQ0Mjk5N15BMl5BanBnXkFtZTcwNjQzNjczMQ@@._V1_SX300.jpg
47491,https://m.media-amazon.com/images/M/MV5BMTU4NTc5NjM5M15BMl5BanBnXkFtZTgwODEyMTE0MDE@._V1_SX300.jpg
47516,https://m.media-amazon.com/images/M/MV5BMTk3MTY2MDAzMF5BMl5BanBnXkFtZTcwNjQ4MjUzMQ@@._V1_SX300.jpg
47518,https://m.media-amazon.com/images/M/MV5BMTkzNzY5OTc3Nl5BMl5BanBnXkFtZTcwNjE4NDQzMQ@@._V1_SX300.jpg
47538,https://m.media-amazon.com/images/M/MV5BM2RiYTQ5YzgtMzEyMC00NWI0LWI1NTctOWM3YmJkNDdjMmMyXkEyXkFqcGc@._V1_SX300.jpg
47566,https://m.media-amazon.com/images/M/MV5BYjE4ZGFhNjEtY2Y4NC00ZmEyLWI0NDUtNzY1ZWQzMjljZjAxXkEyXkFqcGc@._V1_SX300.jpg
47610,https://m.media-amazon.com/images/M/MV5BNzNmYmI4YWMtMGFkOS00ODVkLTg3MTEtOTExNDg3ZjQ0MGM3XkEyXkFqcGc@._V1_SX300.jpg
47629,https://m.media-amazon.com/images/M/MV5BMTQ3NTMxODg1Ml5BMl5BanBnXkFtZTcwMjEyMjczMQ@@._V1_SX300.jpg
47640,https://m.media-amazon.com/images/M/MV5BMTI4NzYyMDE0OF5BMl5BanBnXkFtZTcwOTIzODczMw@@._V1_SX300.jpg
47644,https://m.media-amazon.com/images/M/MV5BMjA1NjI2ODA5MF5BMl5BanBnXkFtZTcwNjMyMTMzMQ@@._V1_SX300.jpg
47646,https://m.media-amazon.com/images/M/MV5BOTAxMTgyMDI2NF5BMl5BanBnXkFtZTcwMjU4NjgzMQ@@._V1_SX300.jpg
47721,https://m.media-amazon.com/images/M/MV5BN2VmNGVkNGYtM2U4OC00Yjk1LWJlOTctYjM5YWJjZjY1NzMyXkEyXkFqcGc@._V1_SX300.jpg
47725,https://m.media-amazon.com/images/M/MV5BZDRkY2FiM2UtNzA5OS00NGQ3LTk2NjktZjE1MTIzMDE5YjgzXkEyXkFqcGc@._V1_SX300.jpg
47736,https://m.media-amazon.com/images/M/MV5BZGM3Zjk2NjAtYmJkMi00YWJmLTk2ZmItMTBmZDc1MTM0YWY2XkEyXkFqcGc@._V1_SX300.jpg
47774,https://m.media-amazon.com/images/M/MV5BY2NmOTkxNWMtNTZjMS00NThlLWExZmUtZGU0YzM1MmM2OGViXkEyXkFqcGc@._V1_SX300.jpg
47793,https://m.media-amazon.com/images/M/MV5BMzM1OTc5NzAyMl5BMl5BanBnXkFtZTcwNzMzOTkzMQ@@._V1_SX300.jpg
47810,https://m.media-amazon.com/images/M/MV5BOWM1MjYzM2MtY2RmNS00OGUxLTlkNGItZjM3YjdmMTk1YjQ4XkEyXkFqcGc@._V1_SX300.jpg
47894,https://m.media-amazon.com/images/M/MV5BNjA0NDhkZDMtM2E2ZS00ZjY1LTgxN2UtMjNhN2NlMGQ5ZGIxXkEyXkFqcGc@._V1_SX300.jpg
47937,https://m.media-amazon.com/images/M/MV5BZDliZTQwZDgtYTIyYy00NWU0LWI1ZmItNjM1ZjkzYWQ0NWFkXkEyXkFqcGc@._V1_SX300.jpg
47950,https://m.media-amazon.com/images/M/MV5BMTc4ODQ2OTI5NF5BMl5BanBnXkFtZTcwMDIyNjYzMQ@@._V1_SX300.jpg
47952,https://m.media-amazon.com/images/M/MV5BNjI1MTM1OTEwMV5BMl5BanBnXkFtZTcwODYzNzUzMQ@@._V1_SX300.jpg
47970,https://m.media-amazon.com/images/M/MV5BMTk3Mjk4Mjg1OV5BMl5BanBnXkFtZTgwMzU0NTgxMDI@._V1_SX300.jpg
47978,https://m.media-amazon.com/images/M/MV5BMTU1Mzc0ODE4MF5BMl5BanBnXkFtZTcwNjU1MzYzMQ@@._V1_SX300.jpg
47997,https://m.media-amazon.com/images/M/MV5BNmNhN2NiOGUtOGM0Yy00ZjA3LTljNjAtNGZjZDZlNzdlZDcxXkEyXkFqcGc@._V1_SX300.jpg
47999,https://m.media-amazon.com/images/M/MV5BYjY0MjBkYWEtMjAxMy00MmUzLTk3M2QtNDQ0ZjI4OTM4YWY0XkEyXkFqcGc@._V1_SX300.jpg
48001,https://m.media-amazon.com/images/M/MV5BMTQzMDE4MzM4NV5BMl5BanBnXkFtZTcwOTMyNzYzMQ@@._V1_SX300.jpg
48032,https://m.media-amazon.com/images/M/MV5BMjUyNjRiYjctYzdlZS00ODczLTgyODAtNGI4ZWFjYmY5ZTQ1XkEyXkFqcGc@._V1_SX300.jpg
48043,https://m.media-amazon.com/images/M/MV5BMTU5OTczMTcxMV5BMl5BanBnXkFtZTcwNDg3MTEzMw@@._V1_SX300.jpg
48045,https://m.media-amazon.com/images/M/MV5BMGU1NDhjYzMtZDhhYS00YTJlLTllNDEtY2U2NmJhMTVlMzViXkEyXkFqcGc@._V1_SX300.jpg
48082,https://m.media-amazon.com/images/M/MV5BMTg3NTcxNzY5NV5BMl5BanBnXkFtZTcwODk5NTQzMQ@@._V1_SX300.jpg
48142,https://m.media-amazon.com/images/M/MV5BMTg0MDc1OTQ5NF5BMl5BanBnXkFtZTcwNzE1ODUzMQ@@._V1_SX300.jpg
48150,https://m.media-amazon.com/images/M/MV5BNWQ4NDBiYWItNDdkYS00MWI4LThhMjctYmMwODUzYjkyNjQ0XkEyXkFqcGc@._V1_SX300.jpg
48161,https://m.media-amazon.com/images/M/MV5BNzk4NTAwNTAzN15BMl5BanBnXkFtZTcwNjczODYzMQ@@._V1_SX300.jpg
48214,https://m.media-amazon.com/images/M/MV5BMTY3MDcxOTMwNF5BMl5BanBnXkFtZTcwMDc2MDI0MQ@@._V1_SX300.jpg
48262,https://m.media-amazon.com/images/M/MV5BNmZkYjUzMmMtZTE5ZC00NGM3LWJhZGItZTNjZDUzOTNkOGYwXkEyXkFqcGc@._V1_SX300.jpg
48304,https://m.media-amazon.com/images/M/MV5BMzJkNzI3ZmEtZmRhOS00YTM1LWI3OTAtZmVjZmNkODIxNmFmXkEyXkFqcGc@._V1_SX300.jpg
48319,https://m.media-amazon.com/images/M/MV5BMTYxMDg5NTkxMF5BMl5BanBnXkFtZTcwNjA4MDUzMQ@@._V1_SX300.jpg
48322,https://m.media-amazon.com/images/M/MV5BNzgzNDYyOTcxNl5BMl5BanBnXkFtZTcwODczNzUzMQ@@._V1_SX300.jpg
48326,https://m.media-amazon.com/images/M/MV5BMzY1MTIyNDg4MF5BMl5BanBnXkFtZTcwODQ4MTEzMw@@._V1_SX300.jpg
48342,https://m.media-amazon.com/images/M/MV5BOWRkN2RkNjEtNjhiMy00MjE0LWJjNjktNzYyYWYyMTkyYWQzXkEyXkFqcGc@._V1_SX300.jpg
48385,https://m.media-amazon.com/images/M/MV5BMTk0MTQ3NDQ4Ml5BMl5BanBnXkFtZTcwOTQ3OTQzMw@@._V1_SX300.jpg
48394,https://m.media-amazon.com/images/M/MV5BOTc1NTAxMWItMWFlNy00MmU2LTkwMTMtNzMwOTg5OTQ5YTFiXkEyXkFqcGc@._V1_SX300.jpg
48412,https://m.media-amazon.com/images/M/MV5BMTI0MDkzMzQ1M15BMl5BanBnXkFtZTcwMDQ3MTQzMQ@@._V1_SX300.jpg
48414,https://m.media-amazon.com/images/M/MV5BMTQwOTg2MjU0OV5BMl5BanBnXkFtZTcwMzIzNTQzMQ@@._V1_SX300.jpg
48416,https://m.media-amazon.com/images/M/MV5BMjE4MDQ4NjMxMl5BMl5BanBnXkFtZTYwMDE0NzU3._V1_SX300.jpg
48516,https://m.media-amazon.com/images/M/MV5BMTI1MTY2OTIxNV5BMl5BanBnXkFtZTYwNjQ4NjY3._V1_SX300.jpg
48518,https://m.media-amazon.com/images/M/MV5BMTIwMzAxNDcyMl5BMl5BanBnXkFtZTYwMjMwMDc2._V1_SX300.jpg
48520,https://m.media-amazon.com/images/M/MV5BMTc4NTc2NDI5OF5BMl5BanBnXkFtZTcwMDQ4NzYzMQ@@._V1_SX300.jpg
48560,https://m.media-amazon.com/images/M/MV5BMTIwOTU2NjE0N15BMl5BanBnXkFtZTcwMTg2MDUzMQ@@._V1_SX300.jpg
48593,https://m.media-amazon.com/images/M/MV5BMTM0NzQxMjk0OV5BMl5BanBnXkFtZTcwMDUyNDgzMQ@@._V1_SX300.jpg
48596,https://m.media-amazon.com/images/M/MV5BMTE5OTU4NjQwMl5BMl5BanBnXkFtZTcwODI1ODYzMQ@@._V1_SX300.jpg
48598,https://m.media-amazon.com/images/M/MV5BMjQ1NTAyODYxOF5BMl5BanBnXkFtZTgwODE0MDczMjI@._V1_SX300.jpg
48638,https://m.media-amazon.com/images/M/MV5BZjJkZjNlOGQtMWQ3ZS00MWFlLTlhY2YtZGI4YjdjYzg0NzkxXkEyXkFqcGc@._V1_SX300.jpg
48649,https://m.media-amazon.com/images/M/MV5BNjMwYTg1M2YtYmQwMS00ODQ4LWE1ODItYTIzOTk0ZjcyZGY3XkEyXkFqcGdeQXVyMzY1MzQyOTY@._V1_SX300.jpg
48678,https://m.media-amazon.com/images/M/MV5BMTI0MzI5MTY1OV5BMl5BanBnXkFtZTcwMzU4MjYzMQ@@._V1_SX300.jpg
48696,https://m.media-amazon.com/images/M/MV5BMTYwNzEwNTI3MV5BMl5BanBnXkFtZTcwODUyODczMQ@@._V1_SX300.jpg
48698,https://m.media-amazon.com/images/M/MV5BMTM1NTM5MDQ3Ml5BMl5BanBnXkFtZTcwMjMzMjgzMQ@@._V1_SX300.jpg
48738,https://m.media-amazon.com/images/M/MV5BZDg4NjA0YzctNWMzMi00NmY1LTkyMGYtZjI4ZjFmZjMzMGE0XkEyXkFqcGc@._V1_SX300.jpg
48741,https://m.media-amazon.com/images/M/MV5BNjExMTI0MjY4MV5BMl5BanBnXkFtZTgwMTI0MDczMjI@._V1_SX300.jpg
48744,https://m.media-amazon.com/images/M/MV5BOTcwMzFiYzktYTZmMi00ZjEzLWE0Y2ItNjBhMmQ1ZmI3NzZhXkEyXkFqcGc@._V1_SX300.jpg
48774,https://m.media-amazon.com/images/M/MV5BMDNkNmNiYzYtYWY0YS00NWEwLTgwMWUtYjM0M2E4Nzk3MzhmXkEyXkFqcGc@._V1_SX300.jpg
48780,https://m.media-amazon.com/images/M/MV5BMjA4NDI0MTIxNF5BMl5BanBnXkFtZTYwNTM0MzY2._V1_SX300.jpg
48783,https://m.media-amazon.com/images/M/MV5BMTU2MjYxMjMyMF5BMl5BanBnXkFtZTYwMzAwMDc3._V1_SX300.jpg
48872,https://m.media-amazon.com/images/M/MV5BMzQ3NzU3MzU5OF5BMl5BanBnXkFtZTcwNDM4NDIzMQ@@._V1_SX300.jpg
48877,https://m.media-amazon.com/images/M/MV5BODQ4YTAwZTItZGFjZi00YjNiLTllYzUtYWY3OWM2OTQzODVkXkEyXkFqcGc@._V1_SX300.jpg
48879,https://m.media-amazon.com/images/M/MV5BOTEzMjQ5NzEwNl5BMl5BanBnXkFtZTcwMDYwMTgzMQ@@._V1_SX300.jpg
48883,https://m.media-amazon.com/images/M/MV5BZmU2NDMzODQtZTBjZS00ZDllLWIzNGItMjUyYTZmYjU4ZDY0XkEyXkFqcGdeQXVyNjc5NjEzNA@@._V1_SX300.jpg
48982,https://m.media-amazon.com/images/M/MV5BMTI1MzE1MDk2N15BMl5BanBnXkFtZTYwMjEwMzI3._V1_SX300.jpg
48997,https://m.media-amazon.com/images/M/MV5BMTg2Mzk2NjkzNl5BMl5BanBnXkFtZTYwMzIzOTc2._V1_SX300.jpg
49013,https://m.media-amazon.com/images/M/MV5BMTI4ODQ4MzgzMl5BMl5BanBnXkFtZTcwODc5NTUzMQ@@._V1_SX300.jpg
49110,https://m.media-amazon.com/images/M/MV5BMTUxNTIwMTY3MF5BMl5BanBnXkFtZTgwMDU0MTQ5MDE@._V1_SX300.jpg
49130,https://m.media-amazon.com/images/M/MV5BMWMxMzNjODAtNmYyYy00OGFjLTk2MGEtZDUxYTY1MjRiMGVjXkEyXkFqcGc@._V1_SX300.jpg
49132,https://m.media-amazon.com/images/M/MV5BMTQwODM0NzM1NV5BMl5BanBnXkFtZTcwNDY0NTkzMQ@@._V1_SX300.jpg
49220,https://m.media-amazon.com/images/M/MV5BMTIxNzg0NTY4MV5BMl5BanBnXkFtZTcwNDk4NjkzMQ@@._V1_SX300.jpg
49263,https://m.media-amazon.com/images/M/MV5BMTI1MDA0MjU4M15BMl5BanBnXkFtZTcwNDA2MjA0MQ@@._V1_SX300.jpg
49265,https://m.media-amazon.com/images/M/MV5BZDNiYzIwOGEtMGJmMC00YTBhLThjOGQtODBjMmVlMTA0YmEwXkEyXkFqcGc@._V1_SX300.jpg
49272,https://m.media-amazon.com/images/M/MV5BMTM5MjI4NDExNF5BMl5BanBnXkFtZTcwMDM1MjMzMQ@@._V1_SX300.jpg
49274,https://m.media-amazon.com/images/M/MV5BNjViZDZhNjctM2MwOS00MDdhLWIwMTYtNjNmNGY2OGMzZWZhXkEyXkFqcGc@._V1_SX300.jpg
49276,https://m.media-amazon.com/images/M/MV5BMTQ2ODkxNDE1N15BMl5BanBnXkFtZTcwOTMzMjkzMQ@@._V1_SX300.jpg
49278,https://m.media-amazon.com/images/M/MV5BMzEwNTAwNjEwMV5BMl5BanBnXkFtZTYwMzgzMjA3._V1_SX300.jpg
49280,https://m.media-amazon.com/images/M/MV5BMDQzZGMxMTEtNmQzYS00YzgyLTk5YTUtMDIxZDY1ZmU5Y2Q2XkEyXkFqcGc@._V1_SX300.jpg
49284,https://m.media-amazon.com/images/M/MV5BMTI2NDMzNDg2NV5BMl5BanBnXkFtZTcwNjUwNjI0MQ@@._V1_SX300.jpg
49286,https://m.media-amazon.com/images/M/MV5BZmEwNDg0M2QtMDdiNy00YTliLTk4ZjctOThjZjczODVmMTdkXkEyXkFqcGc@._V1_SX300.jpg
49314,https://m.media-amazon.com/images/M/MV5BMTk0Mzc1NTY1N15BMl5BanBnXkFtZTYwMTMxOTY3._V1_SX300.jpg
49347,https://m.media-amazon.com/images/M/MV5BZDljZTAzYjYtYWQwMi00NzE2LWI4ZjAtMTQ2OTRhZDI0NjI2XkEyXkFqcGc@._V1_SX300.jpg
49389,https://m.media-amazon.com/images/M/MV5BOWUwMWMxZjEtNTMzNy00NDc4LWEyNjktYzRjZjQ4MGI4ZDZhXkEyXkFqcGc@._V1_SX300.jpg
49396,https://m.media-amazon.com/images/M/MV5BOGI1M2MwYzEtZmMwOC00NGUzLWIzMzYtOTczZWM3NDYwZTkyXkEyXkFqcGc@._V1_SX300.jpg
49524,https://m.media-amazon.com/images/M/MV5BMTc0MDM4MzM4Nl5BMl5BanBnXkFtZTcwNTczNzUzMQ@@._V1_SX300.jpg
49530,https://m.media-amazon.com/images/M/MV5BOGYzOGI0YTUtNTAwYy00M2JhLTgyODEtMjlhZTk1Yzc5ZTBhXkEyXkFqcGc@._V1_SX300.jpg
49647,https://m.media-amazon.com/images/M/MV5BMTQ5MTUzMTAzMl5BMl5BanBnXkFtZTcwNTE0NTcyMw@@._V1_SX300.jpg
49649,https://m.media-amazon.com/images/M/MV5BOWY3YWEzYzYtYjY4MC00ODA5LTliMTAtNWUxNTI4YWRhMjIxXkEyXkFqcGc@._V1_SX300.jpg
49651,https://m.media-amazon.com/images/M/MV5BMTM2OTUzNDE3NV5BMl5BanBnXkFtZTcwODczMzkzMQ@@._V1_SX300.jpg
49666,https://m.media-amazon.com/images/M/MV5BNjg2MTM0NTIxOF5BMl5BanBnXkFtZTcwNDkzMDgzMQ@@._V1_SX300.jpg
49688,https://m.media-amazon.com/images/M/MV5BZWIxNDI0MzAtZjZhZC00YzdkLThlZDEtOWI4YTRmOGE0ZGYyXkEyXkFqcGc@._V1_SX300.jpg
49735,https://m.media-amazon.com/images/M/MV5BMTYzMTIzNDI3MV5BMl5BanBnXkFtZTgwNDQwMjMxMTE@._V1_SX300.jpg
49772,https://m.media-amazon.com/images/M/MV5BZDlmZTY4MDMtYmJiYS00MTkxLTk2OWQtOThkN2E2Y2UzYTMzXkEyXkFqcGc@._V1_SX300.jpg
49793,https://m.media-amazon.com/images/M/MV5BMTQwNDczNTg5MF5BMl5BanBnXkFtZTcwNDMwMzEzMw@@._V1_SX300.jpg
49822,https://m.media-amazon.com/images/M/MV5BMTU5MjExMzA1Nl5BMl5BanBnXkFtZTgwMzIxNzQxMTE@._V1_SX300.jpg
49824,https://m.media-amazon.com/images/M/MV5BMTY1MzIwNDQyNl5BMl5BanBnXkFtZTcwNDEwNzYyMw@@._V1_SX300.jpg
49910,https://m.media-amazon.com/images/M/MV5BZDFjNWQ5MzktOThjZS00NmY5LWEwNTMtNGFhZGNhYjc3NzBmXkEyXkFqcGc@._V1_SX300.jpg
49917,https://m.media-amazon.com/images/M/MV5BYmRmZjBlZTUtYmM2NC00YmVlLTg5NWItMzE0ZGFjM2M4ZThkXkEyXkFqcGc@._V1_SX300.jpg
49932,https://m.media-amazon.com/images/M/MV5BMTQ3NDQyNjM3NF5BMl5BanBnXkFtZTcwMzk5MDU0MQ@@._V1_SX300.jpg
49957,https://m.media-amazon.com/images/M/MV5BNjIxZjYxY2EtMTdmMi00NDliLTkxMmQtN2FmN2NmMGZiMDUwXkEyXkFqcGc@._V1_SX300.jpg
49961,https://m.media-amazon.com/images/M/MV5BODdhZDJjNDgtZjAxZi00ZGE2LWJiYzYtZTJhMmRmYjgzMzY0XkEyXkFqcGc@._V1_SX300.jpg
50003,https://m.media-amazon.com/images/M/MV5BMTIyNDQ0NDExMl5BMl5BanBnXkFtZTcwODAxMTk0MQ@@._V1_SX300.jpg
50005,https://m.media-amazon.com/images/M/MV5BMTFhYWNkNzMtZGFiNy00MTcxLTlmNzMtMWNkODQ4N2MxZWFmXkEyXkFqcGc@._V1_SX300.jpg
50064,https://m.media-amazon.com/images/M/MV5BMTk3ODEzNDMxN15BMl5BanBnXkFtZTcwMzExODkzMQ@@._V1_SX300.jpg
50068,https://m.media-amazon.com/images/M/MV5BMjE0NzgwODI4M15BMl5BanBnXkFtZTcwNjg3OTA0MQ@@._V1_SX300.jpg
50147,https://m.media-amazon.com/images/M/MV5BMTY0NDQzODE2OV5BMl5BanBnXkFtZTgwNjQ4ODE3MDI@._V1_SX300.jpg
50158,https://m.media-amazon.com/images/M/MV5BMTU5NDA4NDE2Ml5BMl5BanBnXkFtZTcwNDMxMDIzMw@@._V1_SX300.jpg
50160,https://m.media-amazon.com/images/M/MV5BMTA0NjgzMDIzNjVeQTJeQWpwZ15BbWU3MDE3ODk0NDE@._V1_SX300.jpg
50189,https://m.media-amazon.com/images/M/MV5BNTNlMTk4YjEtMWY1ZC00ODkzLWEzM2UtZmFiYjUwYTRhOWZkXkEyXkFqcGdeQXVyMTY5Nzc4MDY@._V1_SX300.jpg
50274,https://m.media-amazon.com/images/M/MV5BMTQ1ODQ4MDg0OV5BMl5BanBnXkFtZTcwOTk5NDQ0MQ@@._V1_SX300.jpg
50354,https://m.media-amazon.com/images/M/MV5BYTVjYzM1NmMtZWVlZC00ZTZmLTkyYjgtNTY2YjUzZDM1MDMyXkEyXkFqcGc@._V1_SX300.jpg
50356,https://m.media-amazon.com/images/M/MV5BY2YxZDhlZTgtZTI0Ni00OGJjLThjYTYtM2Q4NjFmOWZhMTY4XkEyXkFqcGc@._V1_SX300.jpg
50440,https://m.media-amazon.com/images/M/MV5BNTJmZWQ3NTktMjRmOS00ZTRlLWIyM2ItYzA2MzlkMmYzYWFhXkEyXkFqcGc@._V1_SX300.jpg
50442,https://m.media-amazon.com/images/M/MV5BMjExODMyNzQzMl5BMl5BanBnXkFtZTYwNzMwNTg3._V1_SX300.jpg
50445,https://m.media-amazon.com/images/M/MV5BMTIwOTA3NzI4NF5BMl5BanBnXkFtZTcwNjY2ODA0MQ@@._V1_SX300.jpg
50514,https://m.media-amazon.com/images/M/MV5BN2NjM2FkM2QtNTcwNy00YWFjLTlhOWEtZWIxMzhlNWFlYmFmXkEyXkFqcGc@._V1_SX300.jpg
50601,https://m.media-amazon.com/images/M/MV5BMTMzOTk1MzIyN15BMl5BanBnXkFtZTcwNTM3MjczMQ@@._V1_SX300.jpg
50610,https://m.media-amazon.com/images/M/MV5BMTU3MTU2MDY2OV5BMl5BanBnXkFtZTcwNjc0ODUzMQ@@._V1_SX300.jpg
50613,https://m.media-amazon.com/images/M/MV5BNGUxZTQ0YjYtNDVlNy00OTA2LTg5YmMtNWRhYmRlMDgwMzkyXkEyXkFqcGdeQXVyNDIzMzcwNjc@._V1_SX300.jpg
50658,https://m.media-amazon.com/images/M/MV5BNzI3NzJiYmMtYzIwMS00Njk2LWEzYjktYjk0N2I2MTVkYjMwXkEyXkFqcGc@._V1_SX300.jpg
50685,https://m.media-amazon.com/images/M/MV5BM2M0ZTNlZDAtMmQ0Zi00NGZjLWE4YzAtZDM3NTcxOTcxZDM0XkEyXkFqcGc@._V1_SX300.jpg
50740,https://m.media-amazon.com/images/M/MV5BMThkOTA1MWQtMmI3MC00MDI3LWExMzctNjUwYmExMmZjZmIyXkEyXkFqcGc@._V1_SX300.jpg
50792,https://m.media-amazon.com/images/M/MV5BNTk2NjU1MjMyNV5BMl5BanBnXkFtZTcwMzc5NjE0MQ@@._V1_SX300.jpg
50794,https://m.media-amazon.com/images/M/MV5BYzM4YmE2NWMtMjYxZS00OWU4LTk5NTctYzA4YTFlOTExNDM0XkEyXkFqcGc@._V1_SX300.jpg
50796,https://m.media-amazon.com/images/M/MV5BOGVjYmUwYzAtN2NlZS00ZTk1LTllZTUtYmZlZTQ1YzVlY2I5XkEyXkFqcGc@._V1_SX300.jpg
50798,https://m.media-amazon.com/images/M/MV5BMTA3NDM5ODU3NzleQTJeQWpwZ15BbWU3MDgyMjgyNDE@._V1_SX300.jpg
50800,https://m.media-amazon.com/images/M/MV5BMTMxMjMzMTMwOF5BMl5BanBnXkFtZTcwNDA4MDIzMw@@._V1_SX300.jpg
50802,https://m.media-amazon.com/images/M/MV5BMjAyNjU4NTMzNl5BMl5BanBnXkFtZTcwNzk3NzI0MQ@@._V1_SX300.jpg
50804,https://m.media-amazon.com/images/M/MV5BMTIzMTA0NTM4NF5BMl5BanBnXkFtZTcwNjY3ODM0MQ@@._V1_SX300.jpg
50806,https://m.media-amazon.com/images/M/MV5BMTI4NDE4MjgyNV5BMl5BanBnXkFtZTcwMTQwODc0MQ@@._V1_SX300.jpg
50842,https://m.media-amazon.com/images/M/MV5BMjAzNjM0NzM1MV5BMl5BanBnXkFtZTcwMDE5Mzg0MQ@@._V1_SX300.jpg
50851,https://m.media-amazon.com/images/M/MV5BMTIzMjg0MTE0NV5BMl5BanBnXkFtZTcwNTEzMzkzMQ@@._V1_SX300.jpg
50872,https://m.media-amazon.com/images/M/MV5BMTMzODU0NTkxMF5BMl5BanBnXkFtZTcwMjQ4MzMzMw@@._V1_SX300.jpg
50912,https://m.media-amazon.com/images/M/MV5BMGVjOTcwMzYtMDAyOC00YTQxLWIwMjYtN2FkYTg2MTE3NzgwXkEyXkFqcGc@._V1_SX300.jpg
50923,https://m.media-amazon.com/images/M/MV5BZmIxMjdkZDQtZGNhYy00NjBhLTk5YTQtODNjNzA1ZDEwZDZiXkEyXkFqcGc@._V1_SX300.jpg
50942,https://m.media-amazon.com/images/M/MV5BZDBlNGQ3YzQtNDBiOS00NzI3LTg3YmYtNmZlYjJjN2JkOWZjXkEyXkFqcGdeQXVyMTQxNzMzNDI@._V1_SX300.jpg
50954,https://m.media-amazon.com/images/M/MV5BMjM0NzYwMDI4MF5BMl5BanBnXkFtZTgwOTU1OTkwMzE@._V1_SX300.jpg
50999,https://m.media-amazon.com/images/M/MV5BODQ4NTE5ZWUtYmQ3Yy00NTIwLWIxMDUtYjQyZmEyMDU3ZWE5XkEyXkFqcGc@._V1_SX300.jpg
51024,https://m.media-amazon.com/images/M/MV5BN2M2MTkwNTEtZTU1Mi00YmVmLTg4YjgtOTM5MTk4Y2Q5OTgwXkEyXkFqcGc@._V1_SX300.jpg
51037,https://m.media-amazon.com/images/M/MV5BMTUyODU2NjM0Ml5BMl5BanBnXkFtZTcwMTUzMTA0MQ@@._V1_SX300.jpg
51077,https://m.media-amazon.com/images/M/MV5BMzIyNDE5ODI1OV5BMl5BanBnXkFtZTcwNTIyNDE0MQ@@._V1_SX300.jpg
51080,https://m.media-amazon.com/images/M/MV5BNzNmMmQ3ODYtYjBjMC00ODcxLThmMmQtYTM1NmEyNTBkNTdhXkEyXkFqcGc@._V1_SX300.jpg
51082,https://m.media-amazon.com/images/M/MV5BMTYyMDIzMDUzMV5BMl5BanBnXkFtZTcwMjQ4ODQ0MQ@@._V1_SX300.jpg
51084,https://m.media-amazon.com/images/M/MV5BNDY5MTQwODI3OV5BMl5BanBnXkFtZTcwODM2MjEzMw@@._V1_SX300.jpg
51086,https://m.media-amazon.com/images/M/MV5BYWYwNmZlZWEtZmVmYy00NTU2LTk5MjUtY2I3ZmY4OGQ0OGVkXkEyXkFqcGc@._V1_SX300.jpg
51088,https://m.media-amazon.com/images/M/MV5BNjkwOTk3MTAyNV5BMl5BanBnXkFtZTcwNjY5NzkyMw@@._V1_SX300.jpg
51091,https://m.media-amazon.com/images/M/MV5BNzE4NzY0NzM2MF5BMl5BanBnXkFtZTcwMTc4MTY0MQ@@._V1_SX300.jpg
51167,https://m.media-amazon.com/images/M/MV5BZDE3MTBkNmQtNGFjMC00YTcwLWExY2ItN2MyMGZkNWJlMmFmXkEyXkFqcGc@._V1_SX300.jpg
51174,https://m.media-amazon.com/images/M/MV5BNWEzN2Y1OWItMzc0MS00NDA0LTgxMzYtMTZmMjhiMGRkZjAxXkEyXkFqcGc@._V1_SX300.jpg
51255,https://m.media-amazon.com/images/M/MV5BYjFkZTkzZTQtNjM1ZS00M2EyLWE3MTAtMmY5Yzk0NTc0NDc3XkEyXkFqcGc@._V1_SX300.jpg
51314,https://m.media-amazon.com/images/M/MV5BNDZhNzI3NGMtNDA0MS00YjExLThhOTYtNDMxZTFlMjBiOWYyXkEyXkFqcGc@._V1_SX300.jpg
51357,https://m.media-amazon.com/images/M/MV5BOTIxMzI1YzYtYjlmOC00ODVkLWIzNGEtYWE3NDViODE5YzljXkEyXkFqcGc@._V1_SX300.jpg
51412,https://m.media-amazon.com/images/M/MV5BMTg3MjgyNjE1Nl5BMl5BanBnXkFtZTcwNTY1NDU0MQ@@._V1_SX300.jpg
51471,https://m.media-amazon.com/images/M/MV5BMTI5MTkxMDA4M15BMl5BanBnXkFtZTcwNjA4Mjg0MQ@@._V1_SX300.jpg
51498,https://m.media-amazon.com/images/M/MV5BNDEzZTk5NmUtOWUzZS00YzdkLTk5YmMtNTUwMzY0MWYzOTQ5XkEyXkFqcGc@._V1_SX300.jpg
51540,https://m.media-amazon.com/images/M/MV5BNDFkMTRkZmQtM2I0NC00NjJjLWJlMDctNTNiZWYxYzhjZDZiXkEyXkFqcGc@._V1_SX300.jpg
51545,https://m.media-amazon.com/images/M/MV5BZTczY2ExODctNDExYS00NDNlLWIyZTAtZWFjNzBmNmI2NDZiXkEyXkFqcGc@._V1_SX300.jpg
51562,https://m.media-amazon.com/images/M/MV5BMTMzMTUzMDA5OV5BMl5BanBnXkFtZTYwNTA3NDc5._V1_SX300.jpg
51573,https://m.media-amazon.com/images/M/MV5BOWMzNjBmZDAtNTA3NC00YzUyLTk2ODMtODVlNGJhMmY5ZjllXkEyXkFqcGc@._V1_SX300.jpg
51575,https://m.media-amazon.com/images/M/MV5BYTRmMWQ2NWEtMjM3Ni00ZGZhLWE1NGYtOWVjODYzNDA1M2ZmXkEyXkFqcGc@._V1_SX300.jpg
51662,https://m.media-amazon.com/images/M/MV5BMjc4OTc0ODgwNV5BMl5BanBnXkFtZTcwNjM1ODE0MQ@@._V1_SX300.jpg
51666,https://m.media-amazon.com/images/M/MV5BMjZiNTBiNTYtMGE5Zi00MTU2LTk4NjUtMmFiOWQ3Zjc1YjYyXkEyXkFqcGc@._V1_SX300.jpg
51694,https://m.media-amazon.com/images/M/MV5BMTI2MTE3OTY5Nl5BMl5BanBnXkFtZTcwNzA1NzA0MQ@@._V1_SX300.jpg
51698,https://m.media-amazon.com/images/M/MV5BMTIwMTkzMDI1N15BMl5BanBnXkFtZTcwMzc1NzI0MQ@@._V1_SX300.jpg
51705,https://m.media-amazon.com/images/M/MV5BNmNlYTlkM2QtN2ViNC00MmExLTlkMzUtOWE3ZGYxYWZkZjIwXkEyXkFqcGc@._V1_SX300.jpg
51709,https://m.media-amazon.com/images/M/MV5BMTQzYzI1MDAtYzVkOC00N2U1LThmNzYtNmYyNDg5MzQwYjEwXkEyXkFqcGc@._V1_SX300.jpg
51834,https://m.media-amazon.com/images/M/MV5BMTIzMjQyMDMxM15BMl5BanBnXkFtZTcwMjAwOTM1MQ@@._V1_SX300.jpg
51884,https://m.media-amazon.com/images/M/MV5BMTAzNDA1NjEyMDJeQTJeQWpwZ15BbWU2MDkxODQxNw@@._V1_SX300.jpg
51903,https://m.media-amazon.com/images/M/MV5BMzA0NTcxODEyN15BMl5BanBnXkFtZTcwOTA4MjI0MQ@@._V1_SX300.jpg
51925,https://m.media-amazon.com/images/M/MV5BZWFiMTdmZjMtODMyOC00NjUwLTg2ODAtMGFmNDBhZmFlYmZhXkEyXkFqcGc@._V1_SX300.jpg
51927,https://m.media-amazon.com/images/M/MV5BMjEyNDQwMTQ3OV5BMl5BanBnXkFtZTcwMTY5MzI0MQ@@._V1_SX300.jpg
51931,https://m.media-amazon.com/images/M/MV5BOTYyMTExNTgwNF5BMl5BanBnXkFtZTcwMDY4MTEzMw@@._V1_SX300.jpg
51933,https://m.media-amazon.com/images/M/MV5BMTIxMjk2MTM5NF5BMl5BanBnXkFtZTcwMDA0OTM0MQ@@._V1_SX300.jpg
51935,https://m.media-amazon.com/images/M/MV5BYmE0NWZiMjktY2U4MC00MDVmLTljMGMtMWZiMThiNjczNzViXkEyXkFqcGc@._V1_SX300.jpg
51937,https://m.media-amazon.com/images/M/MV5BMDE1ODZmNTQtZTk0YS00MDdlLTk5MTAtZGIzMGZjNGI5NTI3XkEyXkFqcGc@._V1_SX300.jpg
51939,https://m.media-amazon.com/images/M/MV5BMjE1MzcwNTE5OV5BMl5BanBnXkFtZTcwMTIxNzQ0MQ@@._V1_SX300.jpg
52042,https://m.media-amazon.com/images/M/MV5BMTIzMjc2ODQ2NV5BMl5BanBnXkFtZTYwODkzNTA3._V1_SX300.jpg
52241,https://m.media-amazon.com/images/M/MV5BMjkyMzE5Nzg0OV5BMl5BanBnXkFtZTcwNTM3MzU0MQ@@._V1_SX300.jpg
52245,https://m.media-amazon.com/images/M/MV5BMTY3MDMyMTYxMl5BMl5BanBnXkFtZTcwMjk0NzI0MQ@@._V1_SX300.jpg
52279,https://m.media-amazon.com/images/M/MV5BMTIwMDQyNjQzNl5BMl5BanBnXkFtZTcwMjEwODI0MQ@@._V1_SX300.jpg
52281,https://m.media-amazon.com/images/M/MV5BMjA0MzExNzc3MV5BMl5BanBnXkFtZTcwODAxMzM0MQ@@._V1_SX300.jpg
52283,https://m.media-amazon.com/images/M/MV5BMzE1OTY2NTctOGE1NS00MGNjLWExMGUtZDk0MjRkNzJjZWUxXkEyXkFqcGc@._V1_SX300.jpg
52287,https://m.media-amazon.com/images/M/MV5BMjVjY2E5MWYtZDZmNy00NzllLThlNzEtMmQ4MjExNTIxZDUzXkEyXkFqcGc@._V1_SX300.jpg
52299,https://m.media-amazon.com/images/M/MV5BMTA4NjAzNDMzMjleQTJeQWpwZ15BbWU3MDcxNzg0MzE@._V1_SX300.jpg
52319,https://m.media-amazon.com/images/M/MV5BY2Q2Yzk1Y2MtZTBjOC00MDdmLWIwM2QtNTJjZmIyYmY3NjVjXkEyXkFqcGc@._V1_SX300.jpg
52328,https://m.media-amazon.com/images/M/MV5BNmExYTA4MGYtNWUwNC00YTZhLWE0YzUtMjI0OGYyMmQ4YTVkXkEyXkFqcGc@._V1_SX300.jpg
52375,https://m.media-amazon.com/images/M/MV5BYWVjYWU2YzAtNjA1OS00Mzc4LTgyOGEtMjU0ZTQwNTQzNjMzXkEyXkFqcGc@._V1_SX300.jpg
52435,https://m.media-amazon.com/images/M/MV5BZmQ3YWZhNDctY2JmOS00MTEwLTg4MjYtY2NmNjg2MzUzYzhmXkEyXkFqcGc@._V1_SX300.jpg
52458,https://m.media-amazon.com/images/M/MV5BMTMyNTIxOTQ3M15BMl5BanBnXkFtZTcwMjU2NzAzMw@@._V1_SX300.jpg
52462,https://m.media-amazon.com/images/M/MV5BMTc0OTQwNzYyNF5BMl5BanBnXkFtZTcwMDc5NTM0MQ@@._V1_SX300.jpg
52579,https://m.media-amazon.com/images/M/MV5BNWI3YjYxYWUtNmExZS00NjFlLWEwNmMtOThjNGI0ZWU2OGQ5XkEyXkFqcGc@._V1_SX300.jpg
52604,https://m.media-amazon.com/images/M/MV5BMzIzNjQyMzkwM15BMl5BanBnXkFtZTcwOTg5ODQ0MQ@@._V1_SX300.jpg
52644,https://m.media-amazon.com/images/M/MV5BMTQ3MDk2MDI5N15BMl5BanBnXkFtZTcwMDgyNzUzMw@@._V1_SX300.jpg
52668,https://m.media-amazon.com/images/M/MV5BYjEwOWM2M2UtZjAxMi00MGQxLTg0NDktODgxZjFjZDZmMThhXkEyXkFqcGc@._V1_SX300.jpg
52694,https://m.media-amazon.com/images/M/MV5BZTFlZTIxMzYtZTU4Ny00YjZiLTg0OGMtOTFmNmI1ZDVmODQ3XkEyXkFqcGc@._V1_SX300.jpg
52712,https://m.media-amazon.com/images/M/MV5BNjQ3MjAwNTc1NV5BMl5BanBnXkFtZTcwMzQ3MjczMQ@@._V1_SX300.jpg
52715,https://m.media-amazon.com/images/M/MV5BMTQxNjU3MjQ4Ml5BMl5BanBnXkFtZTYwMzkyMDQ3._V1_SX300.jpg
52722,https://m.media-amazon.com/images/M/MV5BODE2NzNhMDctYjUzMC00Y2M5LWI2Y2EtODJkZTFjN2Y5ODlmXkEyXkFqcGc@._V1_SX300.jpg
52724,https://m.media-amazon.com/images/M/MV5BNzcyMzgwNzU2N15BMl5BanBnXkFtZTcwMDcyODYzMw@@._V1_SX300.jpg
52730,https://m.media-amazon.com/images/M/MV5BYzUzYjZhZDItMzkyYi00OWMyLWI3YTUtMTllNGZkMTVmOTc2XkEyXkFqcGc@._V1_SX300.jpg
52767,https://m.media-amazon.com/images/M/MV5BMTllNGYzZTYtNjkzMy00MWM4LTlhYTEtMjE4Mjk3MTRiNDlmXkEyXkFqcGc@._V1_SX300.jpg
52784,https://m.media-amazon.com/images/M/MV5BMTM2NjI2MDkyNV5BMl5BanBnXkFtZTcwMjcyNTE0MQ@@._V1_SX300.jpg
52831,https://m.media-amazon.com/images/M/MV5BNWFkOTI2YmQtNjQwYS00YThiLWIzNDgtZmM2YWYzOTRlMTlmXkEyXkFqcGc@._V1_SX300.jpg
52867,https://m.media-amazon.com/images/M/MV5BMjA4MTcxNDcyOV5BMl5BanBnXkFtZTcwNTM5MjY0MQ@@._V1_SX300.jpg
52885,https://m.media-amazon.com/images/M/MV5BZGJkYjkyMDUtM2U3ZC00NDM3LWI0MzItZjU5MmYwYjg2YmIwXkEyXkFqcGc@._V1_SX300.jpg
52950,https://m.media-amazon.com/images/M/MV5BMjMzNjQwODc2N15BMl5BanBnXkFtZTgwMDI3MDQzMzI@._V1_SX300.jpg
52952,https://m.media-amazon.com/images/M/MV5BNWJmYzE4OTUtNDNjYy00NGQwLTlhMDYtMzliNjViZWNjNmViXkEyXkFqcGc@._V1_SX300.jpg
52967,https://m.media-amazon.com/images/M/MV5BMjExMzgyOTUyNF5BMl5BanBnXkFtZTcwNTUzMDg0MQ@@._V1_SX300.jpg
52973,https://m.media-amazon.com/images/M/MV5BYmIyMDA5YzgtZmNhMC00YWNlLTgwYjItOTc0ZGNjNTcwNzAxXkEyXkFqcGc@._V1_SX300.jpg
52975,https://m.media-amazon.com/images/M/MV5BYzBiNjJhNmUtMjM0Yi00ZjZkLTliNzUtYWEyYmVkZTFhMmQzXkEyXkFqcGc@._V1_SX300.jpg
53000,https://m.media-amazon.com/images/M/MV5BMTUxMjc2MTcxNV5BMl5BanBnXkFtZTcwMzgzOTY0MQ@@._V1_SX300.jpg
53022,https://m.media-amazon.com/images/M/MV5BMWQxNzQ3NGItYTc2Ni00ZjBiLTlhN2QtZTA2MDhkNmY5ZWVhXkEyXkFqcGc@._V1_SX300.jpg
53024,https://m.media-amazon.com/images/M/MV5BMjA1NDg4NjUzM15BMl5BanBnXkFtZTcwMTk3NDI0MQ@@._V1_SX300.jpg
53121,https://m.media-amazon.com/images/M/MV5BOTgyMjc3ODk2MV5BMl5BanBnXkFtZTcwMjY0MjEzMw@@._V1_SX300.jpg
53123,https://m.media-amazon.com/images/M/MV5BYmFmZmRkNzYtMTcyNy00NjY3LTkyNTUtNGExZjViNGFhZDdkXkEyXkFqcGc@._V1_SX300.jpg
53125,https://m.media-amazon.com/images/M/MV5BMjIyNjkxNzEyMl5BMl5BanBnXkFtZTYwMjc3MDE3._V1_SX300.jpg
53127,https://m.media-amazon.com/images/M/MV5BMjIzOTUzMDkzMV5BMl5BanBnXkFtZTcwMDY2MjMzMw@@._V1_SX300.jpg
53129,https://m.media-amazon.com/images/M/MV5BMTQyNTk5MTMxN15BMl5BanBnXkFtZTcwNTc0ODI1NA@@._V1_SX300.jpg
53138,https://m.media-amazon.com/images/M/MV5BMTMxNzc4NzYyNF5BMl5BanBnXkFtZTcwNDYwMTc0MQ@@._V1_SX300.jpg
53140,https://m.media-amazon.com/images/M/MV5BMTIzMzMyMTg1OV5BMl5BanBnXkFtZTcwNjMxNjcyMQ@@._V1_SX300.jpg
53143,https://m.media-amazon.com/images/M/MV5BMjEwYmZkMjQtMmFlNi00MmIzLWIzMjYtNmQ5Njc4NDNhOGE1XkEyXkFqcGc@._V1_SX300.jpg
53161,https://m.media-amazon.com/images/M/MV5BMTAwMjQ0NjQzMTReQTJeQWpwZ15BbWU4MDEyNjg3NTIx._V1_SX300.jpg
53280,https://m.media-amazon.com/images/M/MV5BMjg5ODA5MzAxMV5BMl5BanBnXkFtZTgwMzkyNDM2MTI@._V1_SX300.jpg
53318,https://m.media-amazon.com/images/M/MV5BMDA3ZDBmZjgtZjUzYS00MDg3LTkwYWMtMzMyNjFjMjMxZWJiXkEyXkFqcGc@._V1_SX300.jpg
53322,https://m.media-amazon.com/images/M/MV5BMTMyNTc1NzY5MV5BMl5BanBnXkFtZTcwNDM4NTQzMw@@._V1_SX300.jpg
53326,https://m.media-amazon.com/images/M/MV5BOGIwNzYyZWQtNjQ0My00ZWFkLWI1NGUtNmQ1Mjg5YWE2MDdjXkEyXkFqcGc@._V1_SX300.jpg
53355,https://m.media-amazon.com/images/M/MV5BOTA3NDJmY2EtODE3YS00ODA2LTkzODUtY2QzOTNiOTc5MGRkXkEyXkFqcGc@._V1_SX300.jpg
53435,https://m.media-amazon.com/images/M/MV5BMjA1NTQ3MjI2N15BMl5BanBnXkFtZTYwNTQ4MTI3._V1_SX300.jpg
53447,https://m.media-amazon.com/images/M/MV5BMTM4NjM1MTg2Nl5BMl5BanBnXkFtZTcwMjc2MDE2MQ@@._V1_SX300.jpg
53450,https://m.media-amazon.com/images/M/MV5BYTFkNDllNTgtOTQwZC00NDYzLTkyZTctY2E0ZDEwOGFmZDZjXkEyXkFqcGc@._V1_SX300.jpg
53453,https://m.media-amazon.com/images/M/MV5BOTBlMzJlYTEtYmZlMi00Mjg5LTkxZmItNWJjMzMzMjQ2NjMxXkEyXkFqcGc@._V1_SX300.jpg
53460,https://m.media-amazon.com/images/M/MV5BMjE4NDE3NzcwM15BMl5BanBnXkFtZTcwMTI0ODYzMw@@._V1_SX300.jpg
53464,https://m.media-amazon.com/images/M/MV5BNmZmMTU0OGQtOWRmNS00ZjA1LWJkM2EtYmUwNGEzMjIyZDM1XkEyXkFqcGc@._V1_SX300.jpg
53466,https://m.media-amazon.com/images/M/MV5BNWRiMWViNjQtNDY1Yy00ZDIzLWFjMTMtMzE4MmE4ZGE2NWQ2XkEyXkFqcGc@._V1_SX300.jpg
53468,https://m.media-amazon.com/images/M/MV5BODIyNTNhZTgtMGFiYi00NmE1LWJlZTctNWMzYmU1ZWYwODVkXkEyXkFqcGc@._V1_SX300.jpg
53519,https://m.media-amazon.com/images/M/MV5BYjRlOTM0OTktZTBjNi00ZjZiLWJkMzktMmU2ZDBkMTQxN2FmXkEyXkFqcGc@._V1_SX300.jpg
53550,https://m.media-amazon.com/images/M/MV5BNzUxNzUzNzU2MV5BMl5BanBnXkFtZTcwNTgzNzU2NA@@._V1_SX300.jpg
53574,https://m.media-amazon.com/images/M/MV5BODAyMjEzOTE0NF5BMl5BanBnXkFtZTcwMTc1NjU0MQ@@._V1_SX300.jpg
53578,https://m.media-amazon.com/images/M/MV5BMTQ5MjM1MjY4NV5BMl5BanBnXkFtZTcwOTM3NzM0MQ@@._V1_SX300.jpg
53808,https://m.media-amazon.com/images/M/MV5BMTMxMjk3MzIyMl5BMl5BanBnXkFtZTcwODAyNjMzMQ@@._V1_SX300.jpg
53883,https://m.media-amazon.com/images/M/MV5BMWMyNjAwMDctYTYzNS00YzQ1LTkxYzctYjgxNjA2OGFiOWYyXkEyXkFqcGc@._V1_SX300.jpg
53894,https://m.media-amazon.com/images/M/MV5BMWNkNjUxZjgtYjZiMy00ODI5LTkxYTktYTExMzdiOTZhZDNlXkEyXkFqcGc@._V1_SX300.jpg
53921,https://m.media-amazon.com/images/M/MV5BMTg4OTk0NDc3MV5BMl5BanBnXkFtZTcwOTU0ODc0MQ@@._V1_SX300.jpg
53953,https://m.media-amazon.com/images/M/MV5BMjQ2ODkxMjc4OV5BMl5BanBnXkFtZTgwMTgzNzQyMTI@._V1_SX300.jpg
53956,https://m.media-amazon.com/images/M/MV5BMjE4OTIyNTM1MF5BMl5BanBnXkFtZTcwMjUzNTg0MQ@@._V1_SX300.jpg
53972,https://m.media-amazon.com/images/M/MV5BNDQxMDE1OTg4NV5BMl5BanBnXkFtZTcwMTMzOTQzMw@@._V1_SX300.jpg
53974,https://m.media-amazon.com/images/M/MV5BMTI5MTM2MjQ5NV5BMl5BanBnXkFtZTcwOTc3MDc0MQ@@._V1_SX300.jpg
53993,https://m.media-amazon.com/images/M/MV5BMTUxMTEzODYxMV5BMl5BanBnXkFtZTcwNzQ4ODU0MQ@@._V1_SX300.jpg
53996,https://m.media-amazon.com/images/M/MV5BZjM3ZDA2YmItMzhiMi00ZGI3LTg3ZGQtOTk3Nzk0MDY0ZDZhXkEyXkFqcGc@._V1_SX300.jpg
54001,https://m.media-amazon.com/images/M/MV5BYWJmM2M1YzItMjY1Ni00YzRmLTg5YWYtNDFmNTJjNzQ0ODkyXkEyXkFqcGc@._V1_SX300.jpg
54004,https://m.media-amazon.com/images/M/MV5BNjdlZWU3MTQtODRhNi00YWFlLWE1ZmYtZjU0MWEzYzhlZmM4XkEyXkFqcGc@._V1_SX300.jpg
54116,https://m.media-amazon.com/images/M/MV5BNDA0OTM5MzQ3M15BMl5BanBnXkFtZTcwMjM2NzI0MQ@@._V1_SX300.jpg
54121,https://m.media-amazon.com/images/M/MV5BOWI2YWMzZmUtZmE0YS00ZDQ0LWI0Y2YtZWViNmY4ZjdjMmM1XkEyXkFqcGc@._V1_SX300.jpg
54185,https://m.media-amazon.com/images/M/MV5BODUyMzUzNDQ2Nl5BMl5BanBnXkFtZTcwNDc3OTQ1MQ@@._V1_SX300.jpg
54190,https://m.media-amazon.com/images/M/MV5BYTEyZTAyMjAtYjAwMi00YTkzLWE0MTAtYzZiNjY5YTcyMzlhXkEyXkFqcGc@._V1_SX300.jpg
54256,https://m.media-amazon.com/images/M/MV5BNjYwNjA3OTY0Nl5BMl5BanBnXkFtZTcwNDMyNDUzMw@@._V1_SX300.jpg
54259,https://m.media-amazon.com/images/M/MV5BMjkyMTE1OTYwNF5BMl5BanBnXkFtZTcwMDIxODYzMw@@._V1_SX300.jpg
54272,https://m.media-amazon.com/images/M/MV5BMzIxN2IzOGItOTcyZi00MTkzLWE4ZjktZTdlOWFiYWE4NzlmXkEyXkFqcGc@._V1_SX300.jpg
54274,https://m.media-amazon.com/images/M/MV5BNGFlOTlmZTAtMzlmMy00NTNkLWJkNTYtMzgxZjA0MDFmY2FmXkEyXkFqcGc@._V1_SX300.jpg
54276,https://m.media-amazon.com/images/M/MV5BMTI1NzQ5MzU1OV5BMl5BanBnXkFtZTcwNzExODU0MQ@@._V1_SX300.jpg
54281,https://m.media-amazon.com/images/M/MV5BMTUyNTgyNDI2NF5BMl5BanBnXkFtZTcwOTA2NTg1MQ@@._V1_SX300.jpg
54286,https://m.media-amazon.com/images/M/MV5BYzE3ZGM4MzctZjU5MC00NWE2LTg5ZjYtMDFiM2ZlMWQ1MjkwXkEyXkFqcGc@._V1_SX300.jpg
54354,https://m.media-amazon.com/images/M/MV5BZGRmNjI3ZWQtYzcyZS00NzFjLThkZTYtNGE0Y2NkYjA0ZjRlXkEyXkFqcGc@._V1_SX300.jpg
54372,https://m.media-amazon.com/images/M/MV5BMjA1NDcyMzY1Ml5BMl5BanBnXkFtZTcwNjc1MDY3MQ@@._V1_SX300.jpg
54503,https://m.media-amazon.com/images/M/MV5BNjk0MzdlZGEtNTRkOC00ZDRiLWJkYjAtMzUzYTRiNzk1YTViXkEyXkFqcGc@._V1_SX300.jpg
54617,https://m.media-amazon.com/images/M/MV5BMTcxODExMjcxOF5BMl5BanBnXkFtZTcwMjA3MzE3MQ@@._V1_SX300.jpg
54648,https://m.media-amazon.com/images/M/MV5BMTA0Nzg5NjQ0MDBeQTJeQWpwZ15BbWU3MDE4Mzg5NDE@._V1_SX300.jpg
54686,https://m.media-amazon.com/images/M/MV5BZjU1OTVkMTItOTQxZC00ZmUxLTg5NWYtYzY2YjljOGYyZDBiXkEyXkFqcGc@._V1_SX300.jpg
54732,https://m.media-amazon.com/images/M/MV5BMjA3MDQ1Mzc4N15BMl5BanBnXkFtZTcwODI0NTc0MQ@@._V1_SX300.jpg
54734,https://m.media-amazon.com/images/M/MV5BMTk3ODc3ODAxN15BMl5BanBnXkFtZTcwNzcwMDU1MQ@@._V1_SX300.jpg
54736,https://m.media-amazon.com/images/M/MV5BMjA1MDIzOTYwMV5BMl5BanBnXkFtZTcwMTM5OTA1MQ@@._V1_SX300.jpg
54745,https://m.media-amazon.com/images/M/MV5BNDg0MWNmZmItYWZiNy00OWE0LWI0ZDAtNTIwMWUwYzk5ZDdhXkEyXkFqcGc@._V1_SX300.jpg
54768,https://m.media-amazon.com/images/M/MV5BMTM1NTUyMTExMF5BMl5BanBnXkFtZTcwNzk0MDI1MQ@@._V1_SX300.jpg
54771,https://m.media-amazon.com/images/M/MV5BMTQ1NzM0NjI4M15BMl5BanBnXkFtZTcwOTg2NjUzMw@@._V1_SX300.jpg
54780,https://m.media-amazon.com/images/M/MV5BZTQ0ZDI4MzAtNjJiNC00MDIwLThjZjAtZmEzM2U5YTIzNTFjXkEyXkFqcGc@._V1_SX300.jpg
54785,https://m.media-amazon.com/images/M/MV5BMTMzOTg4MzcxNF5BMl5BanBnXkFtZTcwMzY5MDE1MQ@@._V1_SX300.jpg
54787,https://m.media-amazon.com/images/M/MV5BNzY4Yzc5MjgtNWU5ZC00MzhiLTg0ZDQtNjM1ZWRjYzZhY2NhXkEyXkFqcGc@._V1_SX300.jpg
54796,https://m.media-amazon.com/images/M/MV5BMjAyNTY3NTcyOF5BMl5BanBnXkFtZTcwMTcyMjM1MQ@@._V1_SX300.jpg
54881,https://m.media-amazon.com/images/M/MV5BM2RmNGM4YWItNDIzMS00OGQ5LTkyOGQtNTc1MGZkZTM0MDIwXkEyXkFqcGc@._V1_SX300.jpg
54908,https://m.media-amazon.com/images/M/MV5BYTJhY2RmNzUtMDk3ZS00ZDI4LWI3M2YtOTVmOGE5MDg5YjIxXkEyXkFqcGc@._V1_SX300.jpg
54910,https://m.media-amazon.com/images/M/MV5BMjE5MDE3MTQxOV5BMl5BanBnXkFtZTcwNDY0NzA0MQ@@._V1_SX300.jpg
54934,https://m.media-amazon.com/images/M/MV5BMTUxNzUwNzcyNV5BMl5BanBnXkFtZTcwNjM3MTg0MQ@@._V1_SX300.jpg
54962,https://m.media-amazon.com/images/M/MV5BMTI5ODI5MTUzN15BMl5BanBnXkFtZTcwOTIwMTE1MQ@@._V1_SX300.jpg
54995,https://m.media-amazon.com/images/M/MV5BNmEzZTAxNDQtN2ZmMy00NGNlLWI3NDYtNGI3ZTlkNWU1NWZhXkEyXkFqcGc@._V1_SX300.jpg
54997,https://m.media-amazon.com/images/M/MV5BODE0NTcxNTQzNF5BMl5BanBnXkFtZTcwMzczOTIzMw@@._V1_SX300.jpg
54999,https://m.media-amazon.com/images/M/MV5BMjEwMDA1MDUwNl5BMl5BanBnXkFtZTcwMDQzMzM1MQ@@._V1_SX300.jpg
55020,https://m.media-amazon.com/images/M/MV5BNzc4MjU2MzY2N15BMl5BanBnXkFtZTcwNjExNTk0MQ@@._V1_SX300.jpg
55036,https://m.media-amazon.com/images/M/MV5BZjY0YjA2N2QtNzlmYy00ZDRjLWEzNTQtYzVmMzY0ZDM0ZTNlXkEyXkFqcGc@._V1_SX300.jpg
55052,https://m.media-amazon.com/images/M/MV5BZmQ5ZjZlMzMtODA1ZS00NTNiLWIzOTYtOTQyYjQ2YWQxMTA1XkEyXkFqcGc@._V1_SX300.jpg
55061,https://m.media-amazon.com/images/M/MV5BODcyMTE2NTQxN15BMl5BanBnXkFtZTcwMzkyMjY0MQ@@._V1_SX300.jpg
55067,https://m.media-amazon.com/images/M/MV5BMTMwMTg0MTczNV5BMl5BanBnXkFtZTcwNzEzNjgzMQ@@._V1_SX300.jpg
55069,https://m.media-amazon.com/images/M/MV5BMTk3NDY2MDg0MF5BMl5BanBnXkFtZTYwODcwODc4._V1_SX300.jpg
55071,https://m.media-amazon.com/images/M/MV5BMTg0NDYzODE4OV5BMl5BanBnXkFtZTcwMjAyOTk0MQ@@._V1_SX300.jpg
55080,https://m.media-amazon.com/images/M/MV5BMTA4OTA4Njk4MDdeQTJeQWpwZ15BbWU3MDc0NDY1MzM@._V1_SX300.jpg
55094,https://m.media-amazon.com/images/M/MV5BNzQwNzI3NzMtMGQ1Ny00NzU0LWIxMDUtMTNjMDc5M2I5NjQ0XkEyXkFqcGc@._V1_SX300.jpg
55110,https://m.media-amazon.com/images/M/MV5BMTA2MmQzNGQtZTYzYy00YTM1LTkyNjItZTJkOGEzNDAyMzZkXkEyXkFqcGc@._V1_SX300.jpg
55112,https://m.media-amazon.com/images/M/MV5BMTY3OTQ4MzI4NV5BMl5BanBnXkFtZTcwNDU3ODE1MQ@@._V1_SX300.jpg
55116,https://m.media-amazon.com/images/M/MV5BNTQ0OTA5NzgxMV5BMl5BanBnXkFtZTcwODc4OTM1MQ@@._V1_SX300.jpg
55118,https://m.media-amazon.com/images/M/MV5BMTcwMzU0OTY3NF5BMl5BanBnXkFtZTYwNzkwNjg2._V1_SX300.jpg
55156,https://m.media-amazon.com/images/M/MV5BMTYwOTE0OTcyMV5BMl5BanBnXkFtZTcwNDg5MzE0MQ@@._V1_SX300.jpg
55167,https://m.media-amazon.com/images/M/MV5BYjI0M2IyNzgtOWM3ZC00YzY5LTg0MDQtNWQ1MjUwMzMwYTQzXkEyXkFqcGc@._V1_SX300.jpg
55190,https://m.media-amazon.com/images/M/MV5BMWI4MTljYmQtNzI2Zi00YTFmLTkyMjctNzJkZDQzOTBiODg1XkEyXkFqcGc@._V1_SX300.jpg
55205,https://m.media-amazon.com/images/M/MV5BMTM1ZjQyZGQtYzNkNS00ZmVmLWI4YTItM2FhOWExMjU2MzIxXkEyXkFqcGc@._V1_SX300.jpg
55207,https://m.media-amazon.com/images/M/MV5BMTMwMTgyMTY2MV5BMl5BanBnXkFtZTYwNzk1Nzg2._V1_SX300.jpg
55232,https://m.media-amazon.com/images/M/MV5BYzk4YjU4ZTItNTYwNi00ZjZkLTlhMzEtODkyMWEwN2JkN2Q4XkEyXkFqcGc@._V1_SX300.jpg
55241,https://m.media-amazon.com/images/M/MV5BMTc2NTcwNDM5MV5BMl5BanBnXkFtZTcwODMzMzM1MQ@@._V1_SX300.jpg
55245,https://m.media-amazon.com/images/M/MV5BMTU1NzM1MTE1OV5BMl5BanBnXkFtZTYwNDQyMjU3._V1_SX300.jpg
55247,https://m.media-amazon.com/images/M/MV5BNTgwZTJhNWMtNzVjMy00YzQzLWI4MTAtYmJhOGQ5ZmQ3MDM0XkEyXkFqcGc@._V1_SX300.jpg
55250,https://m.media-amazon.com/images/M/MV5BYjIzMDQ1ZDctNTUwOC00YmQyLTlhZGItNDIwZDIwMjcxMzVjXkEyXkFqcGc@._V1_SX300.jpg
55253,https://m.media-amazon.com/images/M/MV5BNzc4Mzc4NTQtMzkwZS00ZWUzLTk1YWUtNDVlY2U1YTMzMTg2XkEyXkFqcGc@._V1_SX300.jpg
55259,https://m.media-amazon.com/images/M/MV5BMTI4ODI5MzEwM15BMl5BanBnXkFtZTYwMTg4Njk3._V1_SX300.jpg
55261,https://m.media-amazon.com/images/M/MV5BMjExNTM2NTE2NF5BMl5BanBnXkFtZTcwOTI5MDUzMw@@._V1_SX300.jpg
55267,https://m.media-amazon.com/images/M/MV5BMjA2Nzc1NzQ1OV5BMl5BanBnXkFtZTcwOTE0MDE1MQ@@._V1_SX300.jpg
55269,https://m.media-amazon.com/images/M/MV5BZDY4Mzc2YTQtZDg4ZS00OGIzLWJhOGMtOTQ2OThmNzg4NTc4XkEyXkFqcGc@._V1_SX300.jpg
55272,https://m.media-amazon.com/images/M/MV5BMTY0MTQ5OTcyNF5BMl5BanBnXkFtZTcwMDE0NzUzMw@@._V1_SX300.jpg
55274,https://m.media-amazon.com/images/M/MV5BMTgzODIwNzcyMF5BMl5BanBnXkFtZTcwMTg0MTQ1MQ@@._V1_SX300.jpg
55276,https://m.media-amazon.com/images/M/MV5BMTc0NTU5MjI2MV5BMl5BanBnXkFtZTcwMTg5NTQzMw@@._V1_SX300.jpg
55278,https://m.media-amazon.com/images/M/MV5BZWZhNDU2MTMtOGJmZi00ZmQ0LWJkY2QtMTU0OGM0Zjg1YzRjXkEyXkFqcGc@._V1_SX300.jpg
55280,https://m.media-amazon.com/images/M/MV5BZThiOTA4N2UtNzJiYS00MDI0LWI3OWItYzYxYzU3M2YwM2M4XkEyXkFqcGc@._V1_SX300.jpg
55282,https://m.media-amazon.com/images/M/MV5BZWVjOTM3NmItZjU1Mi00YTVjLTlkM2YtNTJlYjI2YzUyNmUxXkEyXkFqcGc@._V1_SX300.jpg
55290,https://m.media-amazon.com/images/M/MV5BOTlmNmU2NDgtZDU1OS00OTFhLWJlNTgtMWE2OGQ1OTg1MGM4XkEyXkFqcGc@._V1_SX300.jpg
55292,https://m.media-amazon.com/images/M/MV5BNDI5OTAxMjc2OV5BMl5BanBnXkFtZTcwMDMzMDU1MQ@@._V1_SX300.jpg
55294,https://m.media-amazon.com/images/M/MV5BY2M4ZjhiOWItY2Q4MC00N2UwLThlYjktNjE2NzNlNjlhZTAxXkEyXkFqcGc@._V1_SX300.jpg
55363,https://m.media-amazon.com/images/M/MV5BMTY2NDI2MTc2NV5BMl5BanBnXkFtZTcwNjA2NTQzMw@@._V1_SX300.jpg
55391,https://m.media-amazon.com/images/M/MV5BMjE1NDE0Nzk3MV5BMl5BanBnXkFtZTcwMjE3ODQzMQ@@._V1_SX300.jpg
55442,https://m.media-amazon.com/images/M/MV5BNzk3NTI2NGUtNmM1Yy00YTRmLWE2YTItZTYyNGM0ZjdjOTliXkEyXkFqcGc@._V1_SX300.jpg
55444,https://m.media-amazon.com/images/M/MV5BNTEzOTYwMTcxN15BMl5BanBnXkFtZTcwNTgyNjI1MQ@@._V1_SX300.jpg
55451,https://m.media-amazon.com/images/M/MV5BMTY5MTYwMzM3MF5BMl5BanBnXkFtZTcwOTAxODM1MQ@@._V1_SX300.jpg
55492,https://m.media-amazon.com/images/M/MV5BMGE2Y2NlYmItYzA2MC00YmY5LTlkYTUtZGZjZWEzYTk3ZjIwXkEyXkFqcGc@._V1_SX300.jpg
55553,https://m.media-amazon.com/images/M/MV5BNzcwMTA1MjEzMl5BMl5BanBnXkFtZTcwNzE0MzQ0MQ@@._V1_SX300.jpg
55555,https://m.media-amazon.com/images/M/MV5BNTNmODE5OTQtMWUyYS00MTVlLWJlMjAtM2FhMjU3MmQ4OWJkXkEyXkFqcGc@._V1_SX300.jpg
55577,https://m.media-amazon.com/images/M/MV5BNjc0NjUyNzg3MF5BMl5BanBnXkFtZTYwODMxOTM3._V1_SX300.jpg
55620,https://m.media-amazon.com/images/M/MV5BNmUwZGZmNzItZmIzOC00ZmQxLTg5ZjMtNzMzN2UwZWVlYWE3XkEyXkFqcGc@._V1_SX300.jpg
55687,https://m.media-amazon.com/images/M/MV5BMTIyMjY4OTQwNV5BMl5BanBnXkFtZTcwMzE5NjA1MQ@@._V1_SX300.jpg
55721,https://m.media-amazon.com/images/M/MV5BZjU3Yzk3NzctYWNiNy00YWMzLThiOGItODc3NmEzODBkYjRmXkEyXkFqcGc@._V1_SX300.jpg
55729,https://m.media-amazon.com/images/M/MV5BMzQxMzIzMjY3N15BMl5BanBnXkFtZTcwMDMzMjM1MQ@@._V1_SX300.jpg
55765,https://m.media-amazon.com/images/M/MV5BZGExM2MwNjUtNThkNi00ZjBmLWJhZDgtN2ZmOWJiZWEwNGMxXkEyXkFqcGc@._V1_SX300.jpg
55768,https://m.media-amazon.com/images/M/MV5BMjE1MDYxOTA4MF5BMl5BanBnXkFtZTcwMDE0MDUzMw@@._V1_SX300.jpg
55805,https://m.media-amazon.com/images/M/MV5BZTI5NDMyMWMtOTllMS00NGRhLTkzYmQtZTU2NjZiYmUyMzE1XkEyXkFqcGc@._V1_SX300.jpg
55814,https://m.media-amazon.com/images/M/MV5BMTc3MjkzMDkxN15BMl5BanBnXkFtZTcwODAyMTU1MQ@@._V1_SX300.jpg
55820,https://m.media-amazon.com/images/M/MV5BMjA5Njk3MjM4OV5BMl5BanBnXkFtZTcwMTc5MTE1MQ@@._V1_SX300.jpg
55830,https://m.media-amazon.com/images/M/MV5BMTU4MjY2MTU2MV5BMl5BanBnXkFtZTYwNjUzODc4._V1_SX300.jpg
55844,https://m.media-amazon.com/images/M/MV5BMTU1NDEwOTY4MV5BMl5BanBnXkFtZTcwOTEwNjI0MQ@@._V1_SX300.jpg
55854,https://m.media-amazon.com/images/M/MV5BNTI4MTY3ZTgtODY5MC00YmIzLTgzZmMtZWZhNzAyYmQ3YWY4XkEyXkFqcGc@._V1_SX300.jpg
55872,https://m.media-amazon.com/images/M/MV5BNDIwNjE3NjU2NV5BMl5BanBnXkFtZTcwNTQ2NjQzMw@@._V1_SX300.jpg
55908,https://m.media-amazon.com/images/M/MV5BOTE1NGYxNjgtYmVlMS00ODEwLTg2NjAtMTdjODMzY2I1ZjZmXkEyXkFqcGc@._V1_SX300.jpg
55946,https://m.media-amazon.com/images/M/MV5BMTcyMzc0MzYyM15BMl5BanBnXkFtZTcwMTM2NDk0NA@@._V1_SX300.jpg
55995,https://m.media-amazon.com/images/M/MV5BMTUzMjM0MTc3MF5BMl5BanBnXkFtZTcwNzU0ODMyMw@@._V1_SX300.jpg
56003,https://m.media-amazon.com/images/M/MV5BOGEzOWQ4NzUtZTRiZi00MDU1LTg3OGMtMDk4NmFmODhkMjg5XkEyXkFqcGc@._V1_SX300.jpg
56012,https://m.media-amazon.com/images/M/MV5BMTc1NzEyNzU5Ml5BMl5BanBnXkFtZTcwMzQ1OTc0MQ@@._V1_SX300.jpg
56022,https://m.media-amazon.com/images/M/MV5BNTk1MzQ0MzEtYjFhMy00MTA0LWI5NmMtYmE0YWNlMGJjOGIyXkEyXkFqcGc@._V1_SX300.jpg
56060,https://m.media-amazon.com/images/M/MV5BMTU2NjQ5NjkzMl5BMl5BanBnXkFtZTcwOTI3NDU3MQ@@._V1_SX300.jpg
56145,https://m.media-amazon.com/images/M/MV5BMTU2NjQyNDY1Ml5BMl5BanBnXkFtZTcwMTk1MDU1MQ@@._V1_SX300.jpg
56152,https://m.media-amazon.com/images/M/MV5BMjE4NDQ2Mjc0OF5BMl5BanBnXkFtZTcwNzQ2NDE1MQ@@._V1_SX300.jpg
56156,https://m.media-amazon.com/images/M/MV5BZTU4YTUzNGMtZjUyZC00MWU3LWFiZmItMmIwMDA5YmViNGU3XkEyXkFqcGc@._V1_SX300.jpg
56169,https://m.media-amazon.com/images/M/MV5BMjE3NDczNTIyOV5BMl5BanBnXkFtZTcwMDQwMjU1MQ@@._V1_SX300.jpg
56171,https://m.media-amazon.com/images/M/MV5BMTM2NDkxMjQxMV5BMl5BanBnXkFtZTYwNTMxMDM4._V1_SX300.jpg
56174,https://m.media-amazon.com/images/M/MV5BMGE1OWZkZmItNmVhMC00YzAxLTgxOTctNjg3NWExM2RmOWJkXkEyXkFqcGc@._V1_SX300.jpg
56176,https://m.media-amazon.com/images/M/MV5BNDVjMWNkNjEtOGU5YS00Y2Q2LTgwYjMtMTg0YWM2ZGE2MDM3XkEyXkFqcGc@._V1_SX300.jpg
56251,https://m.media-amazon.com/images/M/MV5BM2U3NmRiNDItMDQwYy00Y2Q0LWJiYzItNjAzNThkZjFlM2RiXkEyXkFqcGdeQXVyNTA4NzY1MzY@._V1_SX300.jpg
56274,https://m.media-amazon.com/images/M/MV5BMTI4MTU2OTk3OF5BMl5BanBnXkFtZTYwMjE2MjY2._V1_SX300.jpg
56286,https://m.media-amazon.com/images/M/MV5BMTY4MzM2MjcwNV5BMl5BanBnXkFtZTcwODg3MDU1MQ@@._V1_SX300.jpg
56333,https://m.media-amazon.com/images/M/MV5BMWZlNmEyNmYtOTRjNy00MWEwLTkyNTUtZmU1OTk0ZWYyMmY2XkEyXkFqcGc@._V1_SX300.jpg
56336,https://m.media-amazon.com/images/M/MV5BMTM3MTgzZDYtZjlhOS00YTFhLTgzYTItZTdjNmI3MGNkODdhL2ltYWdlXkEyXkFqcGdeQXVyMTQxNzMzNDI@._V1_SX300.jpg
56339,https://m.media-amazon.com/images/M/MV5BMTE3ZDYxMjctZDJhOC00NDY4LTgwMjYtOTZiNTYwM2Y1N2VhXkEyXkFqcGc@._V1_SX300.jpg
56367,https://m.media-amazon.com/images/M/MV5BMTIwMDgwODc5Nl5BMl5BanBnXkFtZTYwMjQzMDM4._V1_SX300.jpg
56379,https://m.media-amazon.com/images/M/MV5BMDQ3YThmYjMtOGY2OS00ZGUxLTkzOTAtOGJjY2Y0MTk4ZWQ5XkEyXkFqcGdeQXVyMTQxNzE3ODA3._V1_SX300.jpg
56389,https://m.media-amazon.com/images/M/MV5BMjZkMGI3Y2YtMzEyOS00MjExLWI2YjktYzc0Y2FhMTkyMWMxXkEyXkFqcGc@._V1_SX300.jpg
56563,https://m.media-amazon.com/images/M/MV5BM2VjZGRlOTktNjY5OC00MDFkLWI1YWItODUwNjU3MTEzMDVmXkEyXkFqcGc@._V1_SX300.jpg
56587,https://m.media-amazon.com/images/M/MV5BMTY2NTUyMjIyNF5BMl5BanBnXkFtZTYwNzYwMDM4._V1_SX300.jpg
56607,https://m.media-amazon.com/images/M/MV5BMmRmZmU3YzgtN2ZhYi00ZmUxLWJhYzUtYjFlMmJlZDZmNTBiXkEyXkFqcGc@._V1_SX300.jpg
56620,https://m.media-amazon.com/images/M/MV5BNDg2NTgxODQ0NF5BMl5BanBnXkFtZTcwMzg1MTU1MQ@@._V1_SX300.jpg
56715,https://m.media-amazon.com/images/M/MV5BZTQzY2ZlYzItY2M0Ny00YjIwLWJjYTQtNDEzNzJmNzE2MTc1XkEyXkFqcGc@._V1_SX300.jpg
56757,https://m.media-amazon.com/images/M/MV5BMTg3NjUxMzM5NV5BMl5BanBnXkFtZTcwMzQ1NjQzMw@@._V1_SX300.jpg
56775,https://m.media-amazon.com/images/M/MV5BMjEwMjUyOTQ0MF5BMl5BanBnXkFtZTYwODA2Njk3._V1_SX300.jpg
56782,https://m.media-amazon.com/images/M/MV5BMjAxODQ4MDU5NV5BMl5BanBnXkFtZTcwMDU4MjU1MQ@@._V1_SX300.jpg
56788,https://m.media-amazon.com/images/M/MV5BMTgwMDgwMDc4MF5BMl5BanBnXkFtZTYwOTU3MDM4._V1_SX300.jpg
56801,https://m.media-amazon.com/images/M/MV5BYWVhYTlmNTAtNTk5ZS00MWYzLWFkZmYtOWE3YTZlYmFkYThjXkEyXkFqcGc@._V1_SX300.jpg
56805,https://m.media-amazon.com/images/M/MV5BMTk5NDMyNTk0N15BMl5BanBnXkFtZTcwMTQ4MDUzMw@@._V1_SX300.jpg
56837,https://m.media-amazon.com/images/M/MV5BMWI4YTcxN2ItYTEwOS00YTE1LWJhYWYtNTkyYzliNTgwMzU1XkEyXkFqcGc@._V1_SX300.jpg
56869,https://m.media-amazon.com/images/M/MV5BMTM4NjI0ODMzOF5BMl5BanBnXkFtZTcwMzk1OTQ2OA@@._V1_SX300.jpg
56908,https://m.media-amazon.com/images/M/MV5BNmM5YTBjNjgtYjA0Zi00ZGVkLWFkMDAtYTlhOTdkN2Y2Y2VkXkEyXkFqcGc@._V1_SX300.jpg
56915,https://m.media-amazon.com/images/M/MV5BMTc1MjcxMjg5OV5BMl5BanBnXkFtZTcwNDE1NzYzMw@@._V1_SX300.jpg
56921,https://m.media-amazon.com/images/M/MV5BMTk5MzUxNTYwMF5BMl5BanBnXkFtZTcwNTIyMjU1MQ@@._V1_SX300.jpg
56941,https://m.media-amazon.com/images/M/MV5BNTg2MDg4MjI5NV5BMl5BanBnXkFtZTcwMzQ0MDczMw@@._V1_SX300.jpg
56949,https://m.media-amazon.com/images/M/MV5BZWM3ZjRiNGUtNmZkMy00YWNkLWI5MGUtYWI1NTc5NGVkODJkXkEyXkFqcGc@._V1_SX300.jpg
57147,https://m.media-amazon.com/images/M/MV5BZDE4ZTMyODItOGFlYi00ZDQwLTgwN2UtNDI1ZmZhNWY4NGJjXkEyXkFqcGc@._V1_SX300.jpg
57183,https://m.media-amazon.com/images/M/MV5BZTI0ZGRiMDEtNGNjMS00MGU4LWI3OTktNzcxMDZmZTk3MTljXkEyXkFqcGc@._V1_SX300.jpg
57243,https://m.media-amazon.com/images/M/MV5BYzJiNTJiODMtMDExOC00NDhhLWJlNzAtY2Y5ZWU1ZTlmOTE2XkEyXkFqcGc@._V1_SX300.jpg
57274,https://m.media-amazon.com/images/M/MV5BMDEzNDc5ODMtZTAyNi00MTNkLThkNGUtZGE2MDY0MjBiYjMzXkEyXkFqcGc@._V1_SX300.jpg
57326,https://m.media-amazon.com/images/M/MV5BMTQ4ODI0ODA1Ml5BMl5BanBnXkFtZTcwNzMzMjU1MQ@@._V1_SX300.jpg
57368,https://m.media-amazon.com/images/M/MV5BOWM3NmYyMjAtMjU3YS00MDJjLThmNDItNWUzZmFmMzk5NTEyXkEyXkFqcGc@._V1_SX300.jpg
57421,https://m.media-amazon.com/images/M/MV5BZmZhMjRiOGItMGQ4My00MDlhLTk5MjAtMWQxODFlZjYxNmFjXkEyXkFqcGc@._V1_SX300.jpg
57499,https://m.media-amazon.com/images/M/MV5BMjgzMDE2NTEwMF5BMl5BanBnXkFtZTgwODA0Njk1NzE@._V1_SX300.jpg
57502,https://m.media-amazon.com/images/M/MV5BN2Q3NWY2MGUtNDI5Yi00YWNkLTg0ODgtNjRjZWI3OGIyMTc4XkEyXkFqcGc@._V1_SX300.jpg
57504,https://m.media-amazon.com/images/M/MV5BNWNjMTVhNDctZjFiNi00MzQwLTgwMDAtM2UxZTBiOTIyMjk4XkEyXkFqcGc@._V1_SX300.jpg
57522,https://m.media-amazon.com/images/M/MV5BMjE4MTYzMTMxMl5BMl5BanBnXkFtZTYwNzc0Nzc4._V1_SX300.jpg
57526,https://m.media-amazon.com/images/M/MV5BMTYyNTcwODYzMF5BMl5BanBnXkFtZTcwNjMwMzU1MQ@@._V1_SX300.jpg
57528,https://m.media-amazon.com/images/M/MV5BMTI5Mjg1MzM4NF5BMl5BanBnXkFtZTcwNTAyNzUzMw@@._V1_SX300.jpg
57532,https://m.media-amazon.com/images/M/MV5BMmQ3NTAyODYtZjAxMy00ZTE4LWJhNmEtZGUyZjhlOTlhMTE1XkEyXkFqcGc@._V1_SX300.jpg
57536,https://m.media-amazon.com/images/M/MV5BMTI1MTI1OTUxNl5BMl5BanBnXkFtZTcwMDQzMjU1MQ@@._V1_SX300.jpg
57637,https://m.media-amazon.com/images/M/MV5BODIxMzcwNTgyMF5BMl5BanBnXkFtZTcwMjk5Mzk1MQ@@._V1_SX300.jpg
57640,https://m.media-amazon.com/images/M/MV5BMjA5NzgyMjc2Nl5BMl5BanBnXkFtZTcwOTU3MDI3MQ@@._V1_SX300.jpg
57669,https://m.media-amazon.com/images/M/MV5BNjliZjBlNDItOWUyZC00ZTExLTg5NmUtNzE5ZmQyZWVmZmE5XkEyXkFqcGc@._V1_SX300.jpg
57772,https://m.media-amazon.com/images/M/MV5BMWQxMGM2YTAtMzJlMS00MTRkLWJkNDUtMzhkOGI1ZWE0OTRkXkEyXkFqcGc@._V1_SX300.jpg
57843,https://m.media-amazon.com/images/M/MV5BMjEyOTc1MjY0Nl5BMl5BanBnXkFtZTcwNzM0ODI1MQ@@._V1_SX300.jpg
57910,https://m.media-amazon.com/images/M/MV5BMWI0OTRjZTctMTY1ZS00YjkxLWFiYjEtYjMxYmUzZDhlNzUyXkEyXkFqcGc@._V1_SX300.jpg
57951,https://m.media-amazon.com/images/M/MV5BMTU3MTYxMDU5Ml5BMl5BanBnXkFtZTYwNTgwNzc4._V1_SX300.jpg
58025,https://m.media-amazon.com/images/M/MV5BMWQ3NjA3NTYtNDJiYi00ZTE0LWFmNzMtZjc0NTUxNjk2YTFkXkEyXkFqcGc@._V1_SX300.jpg
58047,https://m.media-amazon.com/images/M/MV5BMTc1Mzc1ODMxMF5BMl5BanBnXkFtZTcwNDY1MzU1MQ@@._V1_SX300.jpg
58078,https://m.media-amazon.com/images/M/MV5BMTQ2NDY3NjU5NV5BMl5BanBnXkFtZTcwMTQ4ODQ1MQ@@._V1_SX300.jpg
58103,https://m.media-amazon.com/images/M/MV5BMTI3MjI1NjMzNV5BMl5BanBnXkFtZTYwNDc4Njk3._V1_SX300.jpg
58105,https://m.media-amazon.com/images/M/MV5BOWRiMmUzZTctYWUxNy00ZjkyLWE4NTctMzFlMTFkYmI5NmFkXkEyXkFqcGc@._V1_SX300.jpg
58107,https://m.media-amazon.com/images/M/MV5BZTdlNDU4NDktZWI2NS00MGJlLThiMDYtYjRlYTQ3ODYxZjEzXkEyXkFqcGc@._V1_SX300.jpg
58154,https://m.media-amazon.com/images/M/MV5BMTQ2NTg1Mjk1Ml5BMl5BanBnXkFtZTYwODI5Njk3._V1_SX300.jpg
58156,https://m.media-amazon.com/images/M/MV5BMTc1MjQ4NTc3M15BMl5BanBnXkFtZTcwMTc3NTg1MQ@@._V1_SX300.jpg
58162,https://m.media-amazon.com/images/M/MV5BMTgzOTg0NTk5NF5BMl5BanBnXkFtZTcwMjMxNDI2MQ@@._V1_SX300.jpg
58191,https://m.media-amazon.com/images/M/MV5BMTcxNzMxNzA3OF5BMl5BanBnXkFtZTcwODgyMzU1MQ@@._V1_SX300.jpg
58287,https://m.media-amazon.com/images/M/MV5BYjQ1NTI2YmItZTBiNS00ZTliLWFmZmUtZTVmYjQ5MTlmMmMwXkEyXkFqcGc@._V1_SX300.jpg
58291,https://m.media-amazon.com/images/M/MV5BMTc5NjM4Njg1NF5BMl5BanBnXkFtZTcwMDE2OTc1MQ@@._V1_SX300.jpg
58293,https://m.media-amazon.com/images/M/MV5BZWZmYzI5OWMtZDg4Ny00ZThiLWFjYjQtNjQ1NzA1MWY1OTJiXkEyXkFqcGc@._V1_SX300.jpg
58295,https://m.media-amazon.com/images/M/MV5BZmQ5OTkxZDMtYTAxYS00OWE1LThhMWItYjdlYjJmNWZlNWU5XkEyXkFqcGc@._V1_SX300.jpg
58297,https://m.media-amazon.com/images/M/MV5BMTUwODU2NzE2OF5BMl5BanBnXkFtZTcwMTAwMDA2MQ@@._V1_SX300.jpg
58299,https://m.media-amazon.com/images/M/MV5BM2I3NzAwN2ItYWY1Yi00OTlhLTkxMjEtZTk3MDc1MWFlMDdlXkEyXkFqcGc@._V1_SX300.jpg
58301,https://m.media-amazon.com/images/M/MV5BMTg4OTExNTYzMV5BMl5BanBnXkFtZTcwOTg1MDU1MQ@@._V1_SX300.jpg
58303,https://m.media-amazon.com/images/M/MV5BMDg2ZTlkMzQtOTdkMS00NTYwLTg2MmQtZWVjNDhmZDQ3YTBlXkEyXkFqcGc@._V1_SX300.jpg
58306,https://m.media-amazon.com/images/M/MV5BOTc3ZmVhYTYtZjk5OC00ZjdlLTkzNjItZGFjM2JmZjIzMGMzXkEyXkFqcGc@._V1_SX300.jpg
58309,https://m.media-amazon.com/images/M/MV5BMTM2OTA5MzU3Nl5BMl5BanBnXkFtZTcwMjQwMjU1MQ@@._V1_SX300.jpg
58315,https://m.media-amazon.com/images/M/MV5BMTg3OTY1MTQ3MF5BMl5BanBnXkFtZTcwMDIzMTM3MQ@@._V1_SX300.jpg
58332,https://m.media-amazon.com/images/M/MV5BNDg5MjAxMjA2Nl5BMl5BanBnXkFtZTcwMjE1OTc1MQ@@._V1_SX300.jpg
58347,https://m.media-amazon.com/images/M/MV5BZWFjODJjMWEtZjEyNS00OTRkLTk0ZmMtMmEyMjZlYTdjYTA1XkEyXkFqcGc@._V1_SX300.jpg
58351,https://m.media-amazon.com/images/M/MV5BMTI4NTg4ODU0NF5BMl5BanBnXkFtZTcwNjA1MjU1MQ@@._V1_SX300.jpg
58376,https://m.media-amazon.com/images/M/MV5BMjEzMDIzNzM2MF5BMl5BanBnXkFtZTcwNDM5OTk1MQ@@._V1_SX300.jpg
58404,https://m.media-amazon.com/images/M/MV5BNTU5NzM0NTU0NF5BMl5BanBnXkFtZTgwOTEyNzAwNzE@._V1_SX300.jpg
58425,https://m.media-amazon.com/images/M/MV5BMTY0NjI0ODY3NV5BMl5BanBnXkFtZTcwNDg5MDU1MQ@@._V1_SX300.jpg
58492,https://m.media-amazon.com/images/M/MV5BMTY2MDMwNjgzNF5BMl5BanBnXkFtZTcwNzE1OTc1MQ@@._V1_SX300.jpg
58554,https://m.media-amazon.com/images/M/MV5BMTk5Nzk4MDI4NV5BMl5BanBnXkFtZTcwODA2OTAyOA@@._V1_SX300.jpg
58559,https://m.media-amazon.com/images/M/MV5BMTMxNTMwODM0NF5BMl5BanBnXkFtZTcwODAyMTk2Mw@@._V1_SX300.jpg
58627,https://m.media-amazon.com/images/M/MV5BMTkzNDg3MTIyMF5BMl5BanBnXkFtZTcwOTAwNDc1MQ@@._V1_SX300.jpg
58655,https://m.media-amazon.com/images/M/MV5BMTkxNzkwOTc3OF5BMl5BanBnXkFtZTcwMTc1MzU1MQ@@._V1_SX300.jpg
58783,https://m.media-amazon.com/images/M/MV5BMmVmMGQ5YWItNmMzMS00M2Y4LWE3NDItOTVmNWFlZmRmMjNiXkEyXkFqcGc@._V1_SX300.jpg
58803,https://m.media-amazon.com/images/M/MV5BMjAyNTU5OTcxOV5BMl5BanBnXkFtZTcwMDEyNjM2MQ@@._V1_SX300.jpg
58806,https://m.media-amazon.com/images/M/MV5BMTg1NTI3ODI3OV5BMl5BanBnXkFtZTcwMzk3NDI2MQ@@._V1_SX300.jpg
58826,https://m.media-amazon.com/images/M/MV5BMzcwNjcxODgwOV5BMl5BanBnXkFtZTcwMzMzNTM2MQ@@._V1_SX300.jpg
58839,https://m.media-amazon.com/images/M/MV5BMjU1OTEyMzQxNV5BMl5BanBnXkFtZTcwMDU3NTg1MQ@@._V1_SX300.jpg
58842,https://m.media-amazon.com/images/M/MV5BM2E4NjZlMmItOWMxNS00NzE5LWJlMzgtOGRjODMyMzEwMWU0XkEyXkFqcGc@._V1_SX300.jpg
58870,https://m.media-amazon.com/images/M/MV5BZDM3NWFjNGYtNGI2MC00NGNlLWE5NGQtODg1N2FlMjg2OGU3XkEyXkFqcGdeQXVyNzc5MjA3OA@@._V1_SX300.jpg
58876,https://m.media-amazon.com/images/M/MV5BMjAyNTI1NDg1MV5BMl5BanBnXkFtZTcwNzE2NTg1MQ@@._V1_SX300.jpg
58879,https://m.media-amazon.com/images/M/MV5BYTg5ZTY5ZmQtNDA5NC00MTEyLTlmYWUtY2M1MTNiZTY4MmMyXkEyXkFqcGc@._V1_SX300.jpg
58964,https://m.media-amazon.com/images/M/MV5BZDRjMTM2ODUtNjJmZC00MzhlLTg1MDUtYjAxOTFhN2E5ZTU0XkEyXkFqcGc@._V1_SX300.jpg
58972,https://m.media-amazon.com/images/M/MV5BY2YyY2FjMzgtM2YxNi00NWYzLWIyMzUtZGJhZTY2YWJhYTU2XkEyXkFqcGc@._V1_SX300.jpg
58975,https://m.media-amazon.com/images/M/MV5BYjYzZmRlZTAtNTU1Zi00NzM5LTk4NDctNGY3ZTJlNzAyYTNmXkEyXkFqcGc@._V1_SX300.jpg
58998,https://m.media-amazon.com/images/M/MV5BMTYzODgzMjAyM15BMl5BanBnXkFtZTcwMTI3NzI2MQ@@._V1_SX300.jpg
59014,https://m.media-amazon.com/images/M/MV5BMTc0Njc1MTU5Nl5BMl5BanBnXkFtZTcwMjA4NDE2MQ@@._V1_SX300.jpg
59016,https://m.media-amazon.com/images/M/MV5BYjFiYzYyYWYtNTE2Mi00M2QyLWE3ODYtNDBiZGZiMDY0ZTdkXkEyXkFqcGc@._V1_SX300.jpg
59018,https://m.media-amazon.com/images/M/MV5BMTIzNTg3NzkzNV5BMl5BanBnXkFtZTcwNzMwMjU2MQ@@._V1_SX300.jpg
59022,https://m.media-amazon.com/images/M/MV5BMTQ3NTg3OTk0OV5BMl5BanBnXkFtZTcwODAwMzU1MQ@@._V1_SX300.jpg
59026,https://m.media-amazon.com/images/M/MV5BYzNhZGY2NDUtOWFmNi00MWZjLWI2MDktY2M2Nzk5YWY3N2VjXkEyXkFqcGc@._V1_SX300.jpg
59037,https://m.media-amazon.com/images/M/MV5BNzE3MWIxNzktYzQyMy00NGQ5LThmZTktM2ZkZjc0NWEzZTg5XkEyXkFqcGc@._V1_SX300.jpg
59103,https://m.media-amazon.com/images/M/MV5BMTUwNTExMTg3NF5BMl5BanBnXkFtZTcwNDYyMTM2MQ@@._V1_SX300.jpg
59118,https://m.media-amazon.com/images/M/MV5BMTI4ODY1MjIyNV5BMl5BanBnXkFtZTcwMTExMTM5MQ@@._V1_SX300.jpg
59126,https://m.media-amazon.com/images/M/MV5BMTIxMDcxMTA3M15BMl5BanBnXkFtZTcwNzk5NzU2MQ@@._V1_SX300.jpg
59129,https://m.media-amazon.com/images/M/MV5BOTk1YmQ5OGUtMWE5OS00YWY3LTk5MGItOWZhZTBmMmI1YmQ5XkEyXkFqcGc@._V1_SX300.jpg
59131,https://m.media-amazon.com/images/M/MV5BMTUyMjU0MzA5OV5BMl5BanBnXkFtZTgwMzUzMTA2MDE@._V1_SX300.jpg
59141,https://m.media-amazon.com/images/M/MV5BMTM1MjM0ODc5N15BMl5BanBnXkFtZTcwMjMxMDg1MQ@@._V1_SX300.jpg
59143,https://m.media-amazon.com/images/M/MV5BMTM2OTk1MDI2MF5BMl5BanBnXkFtZTcwNjE3MjU2MQ@@._V1_SX300.jpg
59220,https://m.media-amazon.com/images/M/MV5BMjE0NjEyMzUxMl5BMl5BanBnXkFtZTgwMTA5NzU0MTI@._V1_SX300.jpg
59258,https://m.media-amazon.com/images/M/MV5BMTYwNTc1Nzk1N15BMl5BanBnXkFtZTcwNjE4OTI2MQ@@._V1_SX300.jpg
59295,https://m.media-amazon.com/images/M/MV5BMTY0ODIzMDAxOV5BMl5BanBnXkFtZTcwMTc0MDk2MQ@@._V1_SX300.jpg
59306,https://m.media-amazon.com/images/M/MV5BZmFmYzZiZGQtNDYzYi00NjYxLWE3NTgtOTYyMWI3MTI5YTUzXkEyXkFqcGc@._V1_SX300.jpg
59315,https://m.media-amazon.com/images/M/MV5BMTczNTI2ODUwOF5BMl5BanBnXkFtZTcwMTU0NTIzMw@@._V1_SX300.jpg
59333,https://m.media-amazon.com/images/M/MV5BZGRkZWU1NTYtNTMyYS00ODEyLTllY2UtMDc5ZjhiYWQ3MTY5XkEyXkFqcGc@._V1_SX300.jpg
59336,https://m.media-amazon.com/images/M/MV5BMTUzMzQxODQzM15BMl5BanBnXkFtZTcwMjIwMDM2MQ@@._V1_SX300.jpg
59369,https://m.media-amazon.com/images/M/MV5BYTAxNTY2NjMtYjk5Yy00Nzg4LTkyMmItYmMzMDM2OWQ1ZGQ3XkEyXkFqcGc@._V1_SX300.jpg
59387,https://m.media-amazon.com/images/M/MV5BMjAzODUwMjM1M15BMl5BanBnXkFtZTcwNjU2MjU2MQ@@._V1_SX300.jpg
59421,https://m.media-amazon.com/images/M/MV5BNmU3NDdkNDktYWJjNC00ZDAyLWI4ODItZjdhYjg2ZjZhNzM1XkEyXkFqcGc@._V1_SX300.jpg
59429,https://m.media-amazon.com/images/M/MV5BMmM4NWY0M2YtZDdhYy00ZmRlLTliMGYtYThmNjQ3NWEyOGU0XkEyXkFqcGdeQXVyMTY5Nzc4MDY@._V1_SX300.jpg
59440,https://m.media-amazon.com/images/M/MV5BNzI4OTYwOTg0MF5BMl5BanBnXkFtZTcwMTM1MjUyNw@@._V1_SX300.jpg
59501,https://m.media-amazon.com/images/M/MV5BOTBiYzYyYWYtYTZlMC00OGYyLTg1ZTYtYWU4OGY4NTRhMzg4XkEyXkFqcGc@._V1_SX300.jpg
59549,https://m.media-amazon.com/images/M/MV5BMTQwMjcxMjc5MF5BMl5BanBnXkFtZTcwODAzNzc5MQ@@._V1_SX300.jpg
59604,https://m.media-amazon.com/images/M/MV5BMTUwMDcyNjE1MF5BMl5BanBnXkFtZTcwOTA1Njg0MQ@@._V1_SX300.jpg
59615,https://m.media-amazon.com/images/M/MV5BYTFiMDk2NzItZDU5Ni00ZjBjLTkzYWQtYzcwZDIwMWZjMmZiXkEyXkFqcGc@._V1_SX300.jpg
59667,https://m.media-amazon.com/images/M/MV5BMjI0MzgwNjI1NV5BMl5BanBnXkFtZTcwNDAzNzc5MQ@@._V1_SX300.jpg
59725,https://m.media-amazon.com/images/M/MV5BYWRjMGMxM2UtODgyYS00OTAxLTk0MDctZjFhOWY0NWUxNmI0XkEyXkFqcGc@._V1_SX300.jpg
59727,https://m.media-amazon.com/images/M/MV5BMTkxODAyODMwNV5BMl5BanBnXkFtZTcwNzk5Nzk2MQ@@._V1_SX300.jpg
59731,https://m.media-amazon.com/images/M/MV5BODEyNzczNTM1MV5BMl5BanBnXkFtZTcwNTI5NTE3MQ@@._V1_SX300.jpg
59738,https://m.media-amazon.com/images/M/MV5BMzM0MjU1MzUzMF5BMl5BanBnXkFtZTcwMjcwNDQyOQ@@._V1_SX300.jpg
59784,https://m.media-amazon.com/images/M/MV5BZDU5MDNiMGItYjVmZi00NDUxLTg2OTktNGE0NzNlNzM4NzgyXkEyXkFqcGc@._V1_SX300.jpg
59810,https://m.media-amazon.com/images/M/MV5BNDMwNDYzOTg4NF5BMl5BanBnXkFtZTcwNzEwNzE3MQ@@._V1_SX300.jpg
59814,https://m.media-amazon.com/images/M/MV5BMTI5MjIwMDIyMF5BMl5BanBnXkFtZTcwNTUwOTY0MQ@@._V1_SX300.jpg
59900,https://m.media-amazon.com/images/M/MV5BMzE2MzEzNDc5M15BMl5BanBnXkFtZTcwMzYxOTA3MQ@@._V1_SX300.jpg
59915,https://m.media-amazon.com/images/M/MV5BNjQ4MWNhZTItZWRmNS00YjI3LTg5NmYtMTczMjJkY2M1OTMxXkEyXkFqcGc@._V1_SX300.jpg
59947,https://m.media-amazon.com/images/M/MV5BYjI3MTg4YzMtNTJjZS00ZTc5LWFjNWQtNjM2MTRiZDM5MzA2XkEyXkFqcGc@._V1_SX300.jpg
59985,https://m.media-amazon.com/images/M/MV5BMTAzMjA1NTExNzVeQTJeQWpwZ15BbWU3MDI4OTI1NjE@._V1_SX300.jpg
59995,https://m.media-amazon.com/images/M/MV5BMTUyMjY2NDU2Ml5BMl5BanBnXkFtZTcwMDU2MjM3MQ@@._V1_SX300.jpg
60030,https://m.media-amazon.com/images/M/MV5BMjg0MGEwZDUtNDNjOS00MTZmLTk5OGUtYWU3YjY1ZjZlMTcxXkEyXkFqcGc@._V1_SX300.jpg
60037,https://m.media-amazon.com/images/M/MV5BMTc2MjcwNjI0MF5BMl5BanBnXkFtZTcwMjM4NjM3MQ@@._V1_SX300.jpg
60040,https://m.media-amazon.com/images/M/MV5BMTUyNzk3MjA1OF5BMl5BanBnXkFtZTcwMTE1Njg2MQ@@._V1_SX300.jpg
60046,https://m.media-amazon.com/images/M/MV5BMTM2MTM3MjM4NV5BMl5BanBnXkFtZTcwNDI1MzA3MQ@@._V1_SX300.jpg
60069,https://m.media-amazon.com/images/M/MV5BMjExMTg5OTU0NF5BMl5BanBnXkFtZTcwMjMxMzMzMw@@._V1_SX300.jpg
60072,https://m.media-amazon.com/images/M/MV5BMTQwNDM2MTMwMl5BMl5BanBnXkFtZTgwMjE4NjQxMTE@._V1_SX300.jpg
60074,https://m.media-amazon.com/images/M/MV5BMTgyMzc4ODU3NV5BMl5BanBnXkFtZTcwNjk5Mzc1MQ@@._V1_SX300.jpg
60126,https://m.media-amazon.com/images/M/MV5BMTY0NzQ4MDU0NV5BMl5BanBnXkFtZTcwMzA2NzQ2MQ@@._V1_SX300.jpg
60128,https://m.media-amazon.com/images/M/MV5BMTI1MDA2MzY2NV5BMl5BanBnXkFtZTcwODkxMTA3MQ@@._V1_SX300.jpg
60141,https://m.media-amazon.com/images/M/MV5BMTg5MjIwMzgwNF5BMl5BanBnXkFtZTcwOTg3NzI3Mg@@._V1_SX300.jpg
60161,https://m.media-amazon.com/images/M/MV5BOTQxMDYyMjA0NF5BMl5BanBnXkFtZTcwNjE2NjU2MQ@@._V1_SX300.jpg
60289,https://m.media-amazon.com/images/M/MV5BMWRkOTdjODItMDA2OC00ZWUwLWJmYjEtMmVlZjJlNjIxODdiXkEyXkFqcGc@._V1_SX300.jpg
60291,https://m.media-amazon.com/images/M/MV5BMTc5MTU0MzI0NV5BMl5BanBnXkFtZTcwNDYzNjQ3MQ@@._V1_SX300.jpg
60293,https://m.media-amazon.com/images/M/MV5BOTkwNDkzMDI1Ml5BMl5BanBnXkFtZTcwMTc1OTA3MQ@@._V1_SX300.jpg
60303,https://m.media-amazon.com/images/M/MV5BNjRjZTYyODEtMWJjYS00MGZhLTk0NWYtY2VhODI1Y2YxN2RhXkEyXkFqcGc@._V1_SX300.jpg
60333,https://m.media-amazon.com/images/M/MV5BOTI3NjkyNjY2OV5BMl5BanBnXkFtZTcwOTUwMTU3MQ@@._V1_SX300.jpg
60363,https://m.media-amazon.com/images/M/MV5BMTI5MTM4NTA5MV5BMl5BanBnXkFtZTcwNzc0MTU2MQ@@._V1_SX300.jpg
60365,https://m.media-amazon.com/images/M/MV5BZDM2Y2RiMjgtMDM1Zi00Mjk2LTg5ZGQtZTIwNTJjOTMxMGQxXkEyXkFqcGc@._V1_SX300.jpg
60389,https://m.media-amazon.com/images/M/MV5BMTk2NjU1ODEwMl5BMl5BanBnXkFtZTcwOTE0NTkxMg@@._V1_SX300.jpg
60397,https://m.media-amazon.com/images/M/MV5BMTA2MDU0MjM0MzReQTJeQWpwZ15BbWU3MDYwNzgwNzE@._V1_SX300.jpg
60408,https://m.media-amazon.com/images/M/MV5BYmIyZTBhOGUtNDBmZC00YjkyLWI1ZmUtYWNkMGU1NzgzZDQ4XkEyXkFqcGc@._V1_SX300.jpg
60471,https://m.media-amazon.com/images/M/MV5BMTYxNzAxNDU3Ml5BMl5BanBnXkFtZTcwMDU0ODg2MQ@@._V1_SX300.jpg
60487,https://m.media-amazon.com/images/M/MV5BMGMzMTI1OWEtOWE0OS00NmZlLWE0NjktZjNjODZhOTI1MWZmXkEyXkFqcGc@._V1_SX300.jpg
60514,https://m.media-amazon.com/images/M/MV5BMTk1MzY1MzU1MF5BMl5BanBnXkFtZTcwOTQ2NjM3MQ@@._V1_SX300.jpg
60516,https://m.media-amazon.com/images/M/MV5BOTMyMDVkMDEtNzc1Yy00ZDA0LWJkNDMtZmFmN2I5MGIzMzhhXkEyXkFqcGc@._V1_SX300.jpg
60522,https://m.media-amazon.com/images/M/MV5BZTAwM2ZkYjItMDVlZC00OWQ5LWIwNmMtMmI4MGI2OWEwNTc2XkEyXkFqcGc@._V1_SX300.jpg
60538,https://m.media-amazon.com/images/M/MV5BNGQ3MGFiNGYtYmZlMS00OTI4LTg4MDgtODVmMDY3ZDczMDMwXkEyXkFqcGc@._V1_SX300.jpg
60647,https://m.media-amazon.com/images/M/MV5BNDJjZmM1YTctZjM5NS00YjJjLTkxNzItYzU5OTQyOTY1NjkzXkEyXkFqcGc@._V1_SX300.jpg
60674,https://m.media-amazon.com/images/M/MV5BOTU3NmIwNGYtMzJmMS00MDM5LWEwMjMtYzE1MmVkYTU2MzcwXkEyXkFqcGdeQXVyNTE1NjY5Mg@@._V1_SX300.jpg
60684,https://m.media-amazon.com/images/M/MV5BYmJiNTUwYWUtZDllNi00ODdjLWFmNTEtOTVlNmYxYTZhNzYzXkEyXkFqcGc@._V1_SX300.jpg
60735,https://m.media-amazon.com/images/M/MV5BMjEzNzdlMTAtYjAxOS00ZGUxLTg0ZWUtOGYwYmNkNWE2Yzc3XkEyXkFqcGc@._V1_SX300.jpg
60737,https://m.media-amazon.com/images/M/MV5BNTRhYWM5YTQtNDFkNC00OGIzLWIxYjYtZDliYTRjOGE1ZDAyXkEyXkFqcGc@._V1_SX300.jpg
60753,https://m.media-amazon.com/images/M/MV5BOTY3ZjgxZTgtN2E5Zi00ZDU3LTg0ZTQtYWIxNDM5OWVhYzVhXkEyXkFqcGc@._V1_SX300.jpg
60756,https://m.media-amazon.com/images/M/MV5BYWNiOGZkOTgtNGMzMC00MDg5LTliM2UtN2VjMDI3N2ViOWE5XkEyXkFqcGc@._V1_SX300.jpg
60760,https://m.media-amazon.com/images/M/MV5BMTI2YjFmMjgtZjcxZi00OWIxLWFiM2QtODUzODkwYmEwMGNlXkEyXkFqcGc@._V1_SX300.jpg
60766,https://m.media-amazon.com/images/M/MV5BMTMxNTk3NDY1NV5BMl5BanBnXkFtZTcwNDk0ODg3MQ@@._V1_SX300.jpg
60803,https://m.media-amazon.com/images/M/MV5BZGMwMjgyZmEtMzcwOC00YmM2LWE0NjAtZTMwYjUzZWE4ODg1XkEyXkFqcGc@._V1_SX300.jpg
60818,https://m.media-amazon.com/images/M/MV5BYzA3MGZiNTctNGRiZS00NDQxLThlNzQtMDNmODk4NzlmOWYzXkEyXkFqcGc@._V1_SX300.jpg
60832,https://m.media-amazon.com/images/M/MV5BMTkzMTI1NzYyMV5BMl5BanBnXkFtZTcwODkyMTM2MQ@@._V1_SX300.jpg
60857,https://m.media-amazon.com/images/M/MV5BMTk5NDMzMzI0M15BMl5BanBnXkFtZTcwODYyMjU1MQ@@._V1_SX300.jpg
60885,https://m.media-amazon.com/images/M/MV5BZGUzMGNmMDItZjY0ZC00ODZjLTg2NjctODZkY2Y4ZDg2YTMxXkEyXkFqcGc@._V1_SX300.jpg
60894,https://m.media-amazon.com/images/M/MV5BMGZmMDkwNTktZDU0MC00Y2MwLWI1MmMtMzUyZTYzNDAzNTM1XkEyXkFqcGc@._V1_SX300.jpg
60904,https://m.media-amazon.com/images/M/MV5BZWEyMTRkZTYtZGNhZC00OTQ4LTg3NDctMDQwOWJmODg5NGYwXkEyXkFqcGc@._V1_SX300.jpg
60937,https://m.media-amazon.com/images/M/MV5BMTU4NDIzMDY1OV5BMl5BanBnXkFtZTcwNjQxMzk3MQ@@._V1_SX300.jpg
60941,https://m.media-amazon.com/images/M/MV5BMTEwNTk0NDUwNDdeQTJeQWpwZ15BbWU3MDQ3NzcyNjE@._V1_SX300.jpg
60943,https://m.media-amazon.com/images/M/MV5BMTk2NjMwMDgzNF5BMl5BanBnXkFtZTcwMDY0NDY3MQ@@._V1_SX300.jpg
60950,https://m.media-amazon.com/images/M/MV5BOGYyZTllMmUtZDFmYS00ZjJhLThhNmEtZmQwYzkzNjkyNzhlXkEyXkFqcGc@._V1_SX300.jpg
60979,https://m.media-amazon.com/images/M/MV5BM2I0YTFjOTUtMWYzNC00ZTgyLTk2NWEtMmE3N2VlYjEwN2JlXkEyXkFqcGdeQXVyNTAyODkwOQ@@._V1_SX300.jpg
61011,https://m.media-amazon.com/images/M/MV5BZTY4NDUwNjYtMmMyZi00Y2I4LWI4NzUtNTBjMmQyMmZmYjRkXkEyXkFqcGc@._V1_SX300.jpg
61024,https://m.media-amazon.com/images/M/MV5BMTY1MTE4NzAwM15BMl5BanBnXkFtZTcwNzg3Mjg2MQ@@._V1_SX300.jpg
61026,https://m.media-amazon.com/images/M/MV5BMTcyOTQ3NDA1OV5BMl5BanBnXkFtZTcwMDY3NzM4Mg@@._V1_SX300.jpg
61071,https://m.media-amazon.com/images/M/MV5BMTMwNDYyMTY5Nl5BMl5BanBnXkFtZTcwNzAwMjY2MQ@@._V1_SX300.jpg
61073,https://m.media-amazon.com/images/M/MV5BMTY0MTMwODkwN15BMl5BanBnXkFtZTcwMzE1OTc1MQ@@._V1_SX300.jpg
61123,https://m.media-amazon.com/images/M/MV5BNjI5ODI4NTc1MF5BMl5BanBnXkFtZTgwMDg3ODYzMjE@._V1_SX300.jpg
61132,https://m.media-amazon.com/images/M/MV5BNDE5NjQzMDkzOF5BMl5BanBnXkFtZTcwODI3ODI3MQ@@._V1_SX300.jpg
61160,https://m.media-amazon.com/images/M/MV5BYjExN2YwZmYtODlkNy00MTMzLWIwOTMtNDZlYWEzNjMxODBmXkEyXkFqcGc@._V1_SX300.jpg
61167,https://m.media-amazon.com/images/M/MV5BMTI5ODIwNzg0NV5BMl5BanBnXkFtZTcwOTE0NDY3MQ@@._V1_SX300.jpg
61210,https://m.media-amazon.com/images/M/MV5BMTEzMTQ4MjQ1ODFeQTJeQWpwZ15BbWU4MDU4MTUyNTEx._V1_SX300.jpg
61236,https://m.media-amazon.com/images/M/MV5BNjM2OTI3NzQyNl5BMl5BanBnXkFtZTcwNjkzNzQ5MQ@@._V1_SX300.jpg
61240,https://m.media-amazon.com/images/M/MV5BNjgxZGFlYjktNjE2NC00YTkzLTlhY2QtNDJmMDhmMGEzOTcwXkEyXkFqcGc@._V1_SX300.jpg
61246,https://m.media-amazon.com/images/M/MV5BNDQyNjA5NzExMF5BMl5BanBnXkFtZTcwODIyMjAyNw@@._V1_SX300.jpg
61248,https://m.media-amazon.com/images/M/MV5BZjdlNmJjM2ItYjkwOS00NDMxLWFjM2QtNzcyZjJkYzEzYzQ5XkEyXkFqcGc@._V1_SX300.jpg
61250,https://m.media-amazon.com/images/M/MV5BODkxMDg0MjM2OF5BMl5BanBnXkFtZTcwMjc0NTU4MQ@@._V1_SX300.jpg
61255,https://m.media-amazon.com/images/M/MV5BMTYyMTgzMTQ0MF5BMl5BanBnXkFtZTcwNTE3OTU3MQ@@._V1_SX300.jpg
61257,https://m.media-amazon.com/images/M/MV5BMTI1MzQ0MDAxMV5BMl5BanBnXkFtZTcwODg3NDA4MQ@@._V1_SX300.jpg
61262,https://m.media-amazon.com/images/M/MV5BMTI2NTA1ODEyOF5BMl5BanBnXkFtZTcwNjc3MjY3MQ@@._V1_SX300.jpg
61289,https://m.media-amazon.com/images/M/MV5BODYwNTJlNDktNzM1Ny00ZDQyLWE3YzEtZGZiMmEyN2JmZDIwXkEyXkFqcGc@._V1_SX300.jpg
61319,https://m.media-amazon.com/images/M/MV5BMTI1Njg3MDg2Ml5BMl5BanBnXkFtZTcwNzcyNDA3Mg@@._V1_SX300.jpg
61323,https://m.media-amazon.com/images/M/MV5BMjdmNjJjMzAtMmJkMy00MDJlLTgxYjctNDU3YjBkMmJhM2M5XkEyXkFqcGc@._V1_SX300.jpg
61348,https://m.media-amazon.com/images/M/MV5BMTIzMDQyNDgwNl5BMl5BanBnXkFtZTcwMDA0MTc3MQ@@._V1_SX300.jpg
61350,https://m.media-amazon.com/images/M/MV5BMDcxODQ3ZWEtNWYxYS00OGI5LWIyM2QtNmJhMGM2MmJkNWNjXkEyXkFqcGc@._V1_SX300.jpg
61352,https://m.media-amazon.com/images/M/MV5BMTg3MzI3NDY5Nl5BMl5BanBnXkFtZTcwMzI0NDY3MQ@@._V1_SX300.jpg
61394,https://m.media-amazon.com/images/M/MV5BYTcxNjlmYmItZWYyMi00NDY1LWI2NGQtNGQ4Njc0MWM0YjY4XkEyXkFqcGc@._V1_SX300.jpg
61401,https://m.media-amazon.com/images/M/MV5BNDcyMTc1NzgwNF5BMl5BanBnXkFtZTcwNzUyMDUwMg@@._V1_SX300.jpg
61406,https://m.media-amazon.com/images/M/MV5BMTQwNDc0MDE2MF5BMl5BanBnXkFtZTcwODYwNjE2MQ@@._V1_SX300.jpg
61465,https://m.media-amazon.com/images/M/MV5BMDVjMWEzNjQtOWM3My00NzQzLTk0YmItMjBmY2I0YzRmMjhlXkEyXkFqcGc@._V1_SX300.jpg
61628,https://m.media-amazon.com/images/M/MV5BMjEyMDk0MzMxOF5BMl5BanBnXkFtZTcwNTE2NDM3MQ@@._V1_SX300.jpg
61692,https://m.media-amazon.com/images/M/MV5BZjQ4YTFlMWEtOWExNi00MzQ1LTkyOTEtNTVkYzQ0MjE2ZDA4XkEyXkFqcGc@._V1_SX300.jpg
61697,https://m.media-amazon.com/images/M/MV5BMTYwMjg3MjY3OV5BMl5BanBnXkFtZTcwNTc4MDU3MQ@@._V1_SX300.jpg
61705,https://m.media-amazon.com/images/M/MV5BMTI0MzI0NDI4Ml5BMl5BanBnXkFtZTcwOTk4ODk3MQ@@._V1_SX300.jpg
61729,https://m.media-amazon.com/images/M/MV5BMTQyODQ4MzYxN15BMl5BanBnXkFtZTcwOTQ1MDczMw@@._V1_SX300.jpg
61818,https://m.media-amazon.com/images/M/MV5BMTQxODI4NDY1NV5BMl5BanBnXkFtZTcwNjE5ODkyMQ@@._V1_SX300.jpg
61986,https://m.media-amazon.com/images/M/MV5BMTMxMDE5NDIxM15BMl5BanBnXkFtZTcwNjI0MjQ4MQ@@._V1_SX300.jpg
62008,https://m.media-amazon.com/images/M/MV5BZDE0ZmI4NGUtNWZhOS00NDNjLThmOTMtZjY1ZWQyMDJjOGFlXkEyXkFqcGc@._V1_SX300.jpg
62081,https://m.media-amazon.com/images/M/MV5BMjA5MTMzMDMzNl5BMl5BanBnXkFtZTcwMzUwNDUzMw@@._V1_SX300.jpg
62113,https://m.media-amazon.com/images/M/MV5BZTIxZGNiNWEtMWQ2Ni00OGVlLWFkOGYtMjQyMmMxNDU2OGFiXkEyXkFqcGc@._V1_SX300.jpg
62155,https://m.media-amazon.com/images/M/MV5BOTY2MjI4ODI4Nl5BMl5BanBnXkFtZTcwNTMyNjM4MQ@@._V1_SX300.jpg
62208,https://m.media-amazon.com/images/M/MV5BYjQ1MDE3OGMtNzI4My00ZjE4LWE5ZDQtYTllMmU1NzZjM2Y1XkEyXkFqcGc@._V1_SX300.jpg
62250,https://m.media-amazon.com/images/M/MV5BMTM2NDgzMDY4MF5BMl5BanBnXkFtZTcwMzUwMzg5MQ@@._V1_SX300.jpg
62293,https://m.media-amazon.com/images/M/MV5BMTU1MTQzMjgzNl5BMl5BanBnXkFtZTcwNTQxMzk3MQ@@._V1_SX300.jpg
62299,https://m.media-amazon.com/images/M/MV5BNzlhYmQzNWItNDM3OS00ZDE2LWI5ZWQtMjQwMmIxNTA0Y2YxXkEyXkFqcGdeQXVyMTQxNzMzNDI@._V1_SX300.jpg
62336,https://m.media-amazon.com/images/M/MV5BYjg2YzVmZWItYWMyMy00YjI2LTk0YTMtMDU1NGU0ZTRiODNlXkEyXkFqcGc@._V1_SX300.jpg
62344,https://m.media-amazon.com/images/M/MV5BMTU4MTQ0MzQwOF5BMl5BanBnXkFtZTcwODY1NDI5MQ@@._V1_SX300.jpg
62374,https://m.media-amazon.com/images/M/MV5BMTgzOTY3MTM0OV5BMl5BanBnXkFtZTcwNjc5MTI5MQ@@._V1_SX300.jpg
62376,https://m.media-amazon.com/images/M/MV5BMTU3MDE4MDU1Nl5BMl5BanBnXkFtZTcwNDM2NDI5MQ@@._V1_SX300.jpg
62383,https://m.media-amazon.com/images/M/MV5BMTQ0OTk3MTIzNV5BMl5BanBnXkFtZTgwNDA5MjAwMzE@._V1_SX300.jpg
62394,https://m.media-amazon.com/images/M/MV5BNGY5NzEyZmEtMDUyYS00YTRmLWE0MjAtYTllM2YwMTg3OWUwXkEyXkFqcGc@._V1_SX300.jpg
62434,https://m.media-amazon.com/images/M/MV5BMTQ3OWYzMDItOTAzZC00OGVkLTg0MDMtMGNmM2E5MTZkYTY3XkEyXkFqcGc@._V1_SX300.jpg
62437,https://m.media-amazon.com/images/M/MV5BMTkzMzg3NjM3OV5BMl5BanBnXkFtZTcwNTY1MzUzMw@@._V1_SX300.jpg
62439,https://m.media-amazon.com/images/M/MV5BMTg4MDg5NjE3Nl5BMl5BanBnXkFtZTcwNzc4ODQ3MQ@@._V1_SX300.jpg
62511,https://m.media-amazon.com/images/M/MV5BMjA0MjIyOTI3MF5BMl5BanBnXkFtZTcwODM5NTY5MQ@@._V1_SX300.jpg
62553,https://m.media-amazon.com/images/M/MV5BOTgzNDIzMTM2OV5BMl5BanBnXkFtZTcwMTQzNTE4MQ@@._V1_SX300.jpg
62586,https://m.media-amazon.com/images/M/MV5BMjA5MjAyNzcxMF5BMl5BanBnXkFtZTcwNTk2MzI5MQ@@._V1_SX300.jpg
62644,https://m.media-amazon.com/images/M/MV5BMjEwMmQwM2EtMzdjMS00Y2Q5LTkwYWQtMjdlNGUyYjBhNGNhXkEyXkFqcGc@._V1_SX300.jpg
62662,https://m.media-amazon.com/images/M/MV5BMjMyMDMwNjcyM15BMl5BanBnXkFtZTgwMzg2MzkwMzE@._V1_SX300.jpg
62718,https://m.media-amazon.com/images/M/MV5BMzYwMGMzNzktYzVhNS00MmNjLWE3ZGEtMDg0ZWVmZjZhODg2XkEyXkFqcGc@._V1_SX300.jpg
62792,https://m.media-amazon.com/images/M/MV5BMTI2Mjg1MDk3OV5BMl5BanBnXkFtZTcwMjU4MTM5MQ@@._V1_SX300.jpg
62799,https://m.media-amazon.com/images/M/MV5BMTM3MTY5OTA5MF5BMl5BanBnXkFtZTcwMjA5ODk3MQ@@._V1_SX300.jpg
62834,https://m.media-amazon.com/images/M/MV5BN2ZmYmFlMzAtMzhjZC00NDVkLWIwMDctZTQ4YjJkOTQ5Y2IwXkEyXkFqcGc@._V1_SX300.jpg
62836,https://m.media-amazon.com/images/M/MV5BMTg0MjYzMjc2MF5BMl5BanBnXkFtZTgwNzgwNzAwNzE@._V1_SX300.jpg
62849,https://m.media-amazon.com/images/M/MV5BMTQ0NTk5Mzk2OV5BMl5BanBnXkFtZTcwMDE3NTE4MQ@@._V1_SX300.jpg
62956,https://m.media-amazon.com/images/M/MV5BMTA3MjU2ODg0NjVeQTJeQWpwZ15BbWU3MDIxMjY1ODE@._V1_SX300.jpg
62970,https://m.media-amazon.com/images/M/MV5BMjNjZWZiOTYtNGIzZC00ZGZiLWI4NjMtOTYzMTNlYWVhYmI0XkEyXkFqcGc@._V1_SX300.jpg
62999,https://m.media-amazon.com/images/M/MV5BMjExMDA4NDcwMl5BMl5BanBnXkFtZTcwODAxNTQ3MQ@@._V1_SX300.jpg
63033,https://m.media-amazon.com/images/M/MV5BOTZmNWE5YmYtZjVlNi00YzlkLTk1MWUtNTI0ZjcwMTJiYThiXkEyXkFqcGc@._V1_SX300.jpg
63062,https://m.media-amazon.com/images/M/MV5BOTA1Mzg3NjIxNV5BMl5BanBnXkFtZTcwNzU2NTc5MQ@@._V1_SX300.jpg
63072,https://m.media-amazon.com/images/M/MV5BMTAwNzk4NTU3NDReQTJeQWpwZ15BbWU3MDg3OTEyODI@._V1_SX300.jpg
63082,https://m.media-amazon.com/images/M/MV5BMTE5ZTRkYWEtZmU5MC00NDJjLTk3NmUtZGJlYTM2MmQ3NTJkXkEyXkFqcGc@._V1_SX300.jpg
63113,https://m.media-amazon.com/images/M/MV5BYmMwZTA3MTAtNWU0Yy00NGZmLTg0YmItZTVkZGFjZTI1ZWJiXkEyXkFqcGc@._V1_SX300.jpg
63131,https://m.media-amazon.com/images/M/MV5BMTg3MTk4NzQ0NV5BMl5BanBnXkFtZTcwNjM0OTc5MQ@@._V1_SX300.jpg
63179,https://m.media-amazon.com/images/M/MV5BOWY4Y2MzYzAtNDdiNi00YWE4LWIwZWItYzNhYWM1MTc4MGYzXkEyXkFqcGc@._V1_SX300.jpg
63222,https://m.media-amazon.com/images/M/MV5BNDAwMDg5MTY1N15BMl5BanBnXkFtZTcwMTU1MjcwMg@@._V1_SX300.jpg
63239,https://m.media-amazon.com/images/M/MV5BZWMxYmIzMDgtMjhjZS00Y2M0LWEzYTEtYzA5OTI5ZTFjYmY1XkEyXkFqcGc@._V1_SX300.jpg
63276,https://m.media-amazon.com/images/M/MV5BNDM1NDI1NDYtZTgzZi00NDFiLTg4MjQtODllY2M1ZDA2YWY5XkEyXkFqcGc@._V1_SX300.jpg
63312,https://m.media-amazon.com/images/M/MV5BMTUwOWQ5NDgtYjkxNi00NDFiLWI3NzctMGYwNzdkNjQ3NmQ4XkEyXkFqcGc@._V1_SX300.jpg
63393,https://m.media-amazon.com/images/M/MV5BYmNlNGYxYWUtZThhZi00NTkyLWIxYmYtY2Y5MjQxNjI5YjMwXkEyXkFqcGc@._V1_SX300.jpg
63433,https://m.media-amazon.com/images/M/MV5BYmJhMTAwNjMtM2NlZi00ZmUxLTg5YjktNDAxZjZkNjk4MjA1XkEyXkFqcGc@._V1_SX300.jpg
63436,https://m.media-amazon.com/images/M/MV5BNWViYzg3YzItYzQxNS00MTE1LWJkNTMtMTM3OGI4ODAxOTMwXkEyXkFqcGc@._V1_SX300.jpg
63479,https://m.media-amazon.com/images/M/MV5BMjE0MTcyMzg5M15BMl5BanBnXkFtZTcwMDUyOTA4MQ@@._V1_SX300.jpg
63515,https://m.media-amazon.com/images/M/MV5BMTk1MzA0NjEyMF5BMl5BanBnXkFtZTgwNDAwMDY0MDE@._V1_SX300.jpg
63540,https://m.media-amazon.com/images/M/MV5BMTI2NzUxNjEzMl5BMl5BanBnXkFtZTcwOTMyNjM4MQ@@._V1_SX300.jpg
63768,https://m.media-amazon.com/images/M/MV5BMDdiMTE5YjgtODI2ZC00YzIwLThhMDYtY2NkZjVlZmM1Zjc5XkEyXkFqcGc@._V1_SX300.jpg
63808,https://m.media-amazon.com/images/M/MV5BMTc4NjUzNDYxM15BMl5BanBnXkFtZTcwNjExNzMwMg@@._V1_SX300.jpg
63826,https://m.media-amazon.com/images/M/MV5BMTY1NzYzNTU5Nl5BMl5BanBnXkFtZTcwODc2ODQ5MQ@@._V1_SX300.jpg
63853,https://m.media-amazon.com/images/M/MV5BM2Q4NjBhMDUtZWJhNS00ZTM2LTk0ZDEtNDY2M2Y0NTAyOTBiXkEyXkFqcGc@._V1_SX300.jpg
63859,https://m.media-amazon.com/images/M/MV5BMTY3NGVkMmItYWNjMy00MmE0LTlkZmUtNGIxZGJmZTA1YWI0XkEyXkFqcGc@._V1_SX300.jpg
63876,https://m.media-amazon.com/images/M/MV5BOWVmZWYzMDEtN2NkMi00NWM4LThjYzYtNzBjNzIzN2FmM2NlXkEyXkFqcGc@._V1_SX300.jpg
63992,https://m.media-amazon.com/images/M/MV5BMTQ2NzUxMTAxN15BMl5BanBnXkFtZTcwMzEyMTIwMg@@._V1_SX300.jpg
64010,https://m.media-amazon.com/images/M/MV5BNGNiYmM3ODktM2E2YS00YzA2LWJlOTUtOWExYTg5NDIxYzg5XkEyXkFqcGc@._V1_SX300.jpg
64030,https://m.media-amazon.com/images/M/MV5BMTkxNzg1OTU4M15BMl5BanBnXkFtZTcwMjcyMjI5MQ@@._V1_SX300.jpg
64032,https://m.media-amazon.com/images/M/MV5BMTQ2MjA0NDAwNF5BMl5BanBnXkFtZTcwOTU4MTM5MQ@@._V1_SX300.jpg
64034,https://m.media-amazon.com/images/M/MV5BMTMzMTc3MjA5NF5BMl5BanBnXkFtZTcwOTk3MDE5MQ@@._V1_SX300.jpg
64114,https://m.media-amazon.com/images/M/MV5BMTc0NmZkOTktZTBjMC00MmQwLTkzOGQtYjVmNzU4YTY3M2MwXkEyXkFqcGc@._V1_SX300.jpg
64116,https://m.media-amazon.com/images/M/MV5BYzcwMjBjZDItMzgwMC00OTNlLTk5NzUtMzY5MzMwNWQ0NjQ4XkEyXkFqcGc@._V1_SX300.jpg
64167,https://m.media-amazon.com/images/M/MV5BYjQzNzg1MzAtMzAwMC00OTY2LWIzYmYtZTk4ZDQ4OGI2Nzg0XkEyXkFqcGc@._V1_SX300.jpg
64197,https://m.media-amazon.com/images/M/MV5BMDMwMWZmZjMtZmZkMS00MzNmLTlmNTUtY2MyYTdkYzRiZDg0XkEyXkFqcGc@._V1_SX300.jpg
64231,https://m.media-amazon.com/images/M/MV5BZTdlOTkyZjUtODE4NC00ODZmLTg5OGYtMjkwZDY0MTZhMTQ0XkEyXkFqcGc@._V1_SX300.jpg
64249,https://m.media-amazon.com/images/M/MV5BYzM4NzA2YzctNzBiNi00YjU0LWJkNjAtMzNjOWZkOGVmMDJiXkEyXkFqcGc@._V1_SX300.jpg
64278,https://m.media-amazon.com/images/M/MV5BMTQ2MTQ2MzI3MV5BMl5BanBnXkFtZTcwOTU5ODM1MQ@@._V1_SX300.jpg
64285,https://m.media-amazon.com/images/M/MV5BYzE2ODE0YjMtY2IwMy00MzRlLTkxZDQtOTRhZTJmNDVhNmRhXkEyXkFqcGc@._V1_SX300.jpg
64497,https://m.media-amazon.com/images/M/MV5BMTI5NTg1MzU5Nl5BMl5BanBnXkFtZTcwMDU1ODMwMg@@._V1_SX300.jpg
64499,https://m.media-amazon.com/images/M/MV5BYzQ5YjFlNTgtNGI3OS00NWU0LTgzODEtNWNlMmRmYmFhZTNlXkEyXkFqcGc@._V1_SX300.jpg
64501,https://m.media-amazon.com/images/M/MV5BNWU0NTRiY2UtMmQ4Ni00MjNhLTgxMTItZWIxNjc3N2Q5MWY3XkEyXkFqcGc@._V1_SX300.jpg
64575,https://m.media-amazon.com/images/M/MV5BZWZmNDMyY2UtOWIwMC00MjE5LTkwNmUtYjRiMThkNjI0OGEwXkEyXkFqcGc@._V1_SX300.jpg
64614,https://m.media-amazon.com/images/M/MV5BMTc5NTk2OTU1Nl5BMl5BanBnXkFtZTcwMDc3NjAwMg@@._V1_SX300.jpg
64620,https://m.media-amazon.com/images/M/MV5BMTU2NDU2NDQtMTlhNC00ZGI3LWIzOGItNzQ3OTk0MjgyMGYzXkEyXkFqcGc@._V1_SX300.jpg
64622,https://m.media-amazon.com/images/M/MV5BMTM0NDQxNjA0N15BMl5BanBnXkFtZTcwNDUwMzcwMg@@._V1_SX300.jpg
64695,https://m.media-amazon.com/images/M/MV5BZDUxNGFlYTgtMjNhZC00NDNmLTkyYmUtNzNhYzJmOTE1NjZhXkEyXkFqcGc@._V1_SX300.jpg
64716,https://m.media-amazon.com/images/M/MV5BMTU0NzY0MTY5OF5BMl5BanBnXkFtZTcwODY3MDEwMg@@._V1_SX300.jpg
64839,https://m.media-amazon.com/images/M/MV5BMTc5MjYyOTg4MF5BMl5BanBnXkFtZTcwNDc2MzQwMg@@._V1_SX300.jpg
64957,https://m.media-amazon.com/images/M/MV5BYjIyNDExOWItM2Y4ZC00NmY3LWFlN2ItYTJlZDQ1NTJlZTUwXkEyXkFqcGc@._V1_SX300.jpg
64969,https://m.media-amazon.com/images/M/MV5BZWQ4YzBiMzgtM2ZhZC00ZDQ5LWFiZjgtNmFlNzZlMTBkZTJhXkEyXkFqcGc@._V1_SX300.jpg
64983,https://m.media-amazon.com/images/M/MV5BMTg3Njc2ODEyN15BMl5BanBnXkFtZTcwNTAwMzc3NA@@._V1_SX300.jpg
64993,https://m.media-amazon.com/images/M/MV5BODVmZjhhYTYtYzRiOC00YzFiLThlZjMtZTQxNWY0MTI1MzlmXkEyXkFqcGc@._V1_SX300.jpg
64997,https://m.media-amazon.com/images/M/MV5BMTc2NDA2NDgwM15BMl5BanBnXkFtZTcwMDIxNjAzMQ@@._V1_SX300.jpg
65037,https://m.media-amazon.com/images/M/MV5BMTkxMDMyOTgxNF5BMl5BanBnXkFtZTcwMzUzMDEwMg@@._V1_SX300.jpg
65088,https://m.media-amazon.com/images/M/MV5BMjA5Njk5MTUxNF5BMl5BanBnXkFtZTcwMDI3MTg5MQ@@._V1_SX300.jpg
65126,https://m.media-amazon.com/images/M/MV5BMTMxMDI4MTE0Ml5BMl5BanBnXkFtZTcwNTg0NDI3MQ@@._V1_SX300.jpg
65130,https://m.media-amazon.com/images/M/MV5BMTczNDgzMjczOV5BMl5BanBnXkFtZTcwOTU3MzMwMg@@._V1_SX300.jpg
65133,https://m.media-amazon.com/images/M/MV5BMTJmYThmN2UtMWFiYi00MTI4LTgyOWMtZjZkZTNiYmUxNGUwXkEyXkFqcGc@._V1_SX300.jpg
65135,https://m.media-amazon.com/images/M/MV5BMTcyNGM2OGQtMzM1NC00YzFjLTg3MmQtMTFhOWE5NjE2ZGMyXkEyXkFqcGc@._V1_SX300.jpg
65188,https://m.media-amazon.com/images/M/MV5BYTc3NTM1ZmQtNGI3YS00Y2JhLThiMWEtY2QxYTU3N2ZiNjNkXkEyXkFqcGc@._V1_SX300.jpg
65193,https://m.media-amazon.com/images/M/MV5BNmVlZTY2ZGUtOTIzNi00N2E5LWI0YmItNjkyYTdjMjgwMDNjXkEyXkFqcGc@._V1_SX300.jpg
65216,https://m.media-amazon.com/images/M/MV5BM2YzY2UzMDUtODM1NS00MmNlLTg0Y2EtYjhiODczMmExMGFlXkEyXkFqcGc@._V1_SX300.jpg
65225,https://m.media-amazon.com/images/M/MV5BNTE1MTQ5NzMyMl5BMl5BanBnXkFtZTgwMTMwMzA2MDE@._V1_SX300.jpg
65230,https://m.media-amazon.com/images/M/MV5BYjAzOGQ1NjYtNWZmMi00ZDcwLThiMGEtZTdkZjkzMDU5ZjE2XkEyXkFqcGc@._V1_SX300.jpg
65261,https://m.media-amazon.com/images/M/MV5BZDkzMzQ5ZmQtOTA3MC00MjhiLTk5M2UtNzk0MjEzZmVjN2UxXkEyXkFqcGc@._V1_SX300.jpg
65350,https://m.media-amazon.com/images/M/MV5BNzI3N2UxODItY2E4MS00NDhlLThjMDQtMTI3NDRmZTM4NTE2XkEyXkFqcGdeQXVyMDI2NDg0NQ@@._V1_SX300.jpg
65359,https://m.media-amazon.com/images/M/MV5BMTk0MjY2NTEyMV5BMl5BanBnXkFtZTcwMDMzMzcyMQ@@._V1_SX300.jpg
65514,https://m.media-amazon.com/images/M/MV5BZmJjZDE0MmYtNzgwYy00NTg2LWE0NDYtNzA0YTA4MjA0NmYxXkEyXkFqcGc@._V1_SX300.jpg
65577,https://m.media-amazon.com/images/M/MV5BMTg0MTc5MTc1MV5BMl5BanBnXkFtZTcwNjgwNDE4MQ@@._V1_SX300.jpg
65585,https://m.media-amazon.com/images/M/MV5BMTUyNTg2OTUwN15BMl5BanBnXkFtZTgwNzEzMzg5MTI@._V1_SX300.jpg
65588,https://m.media-amazon.com/images/M/MV5BMTI5MDg3ODM3Ml5BMl5BanBnXkFtZTcwNDk1NTY4MQ@@._V1_SX300.jpg
65596,https://m.media-amazon.com/images/M/MV5BOTViNzBmN2YtODUzOS00NGM1LTgyZDgtYWFmMzdmZjYzNTcxXkEyXkFqcGc@._V1_SX300.jpg
65601,https://m.media-amazon.com/images/M/MV5BNzJkMjBjYzUtMjZjNy00MTg5LTkxNzgtMmM3ZWZjYzRjMDliXkEyXkFqcGc@._V1_SX300.jpg
65631,https://m.media-amazon.com/images/M/MV5BMjIxMzE1NzcxM15BMl5BanBnXkFtZTgwMDcyNDM2MTI@._V1_SX300.jpg
65642,https://m.media-amazon.com/images/M/MV5BZTc3NGZkZmItMmZkZS00Yzc4LWIzZDItODRkYTI0MjlhNjA0XkEyXkFqcGc@._V1_SX300.jpg
65651,https://m.media-amazon.com/images/M/MV5BMTgzMjM5NjU0N15BMl5BanBnXkFtZTcwMTE3OTc1Mw@@._V1_SX300.jpg
65682,https://m.media-amazon.com/images/M/MV5BMTAwNzYzMDQyMzReQTJeQWpwZ15BbWU3MDMyNDA0MjI@._V1_SX300.jpg
65685,https://m.media-amazon.com/images/M/MV5BMTg5NTc2MDEwN15BMl5BanBnXkFtZTcwMTA5ODQ5MQ@@._V1_SX300.jpg
65738,https://m.media-amazon.com/images/M/MV5BYTYzZTExM2EtNzQ0Mi00YTc0LTlhODMtNjViNGFmYTc3YTFiXkEyXkFqcGc@._V1_SX300.jpg
65740,https://m.media-amazon.com/images/M/MV5BY2EyYmFmYzMtMmExYi00MWRjLWIxZDQtMjMxMzRkNzdmM2Q1XkEyXkFqcGc@._V1_SX300.jpg
65802,https://m.media-amazon.com/images/M/MV5BMTM2NzA1MzE1NF5BMl5BanBnXkFtZTcwOTYyNDIzMg@@._V1_SX300.jpg
65810,https://m.media-amazon.com/images/M/MV5BMjA3ODUwOTg2NF5BMl5BanBnXkFtZTcwNjgwOTUwMg@@._V1_SX300.jpg
65882,https://m.media-amazon.com/images/M/MV5BOTY0OTc3OTkyNV5BMl5BanBnXkFtZTcwMTg4Nzc5MQ@@._V1_SX300.jpg
65982,https://m.media-amazon.com/images/M/MV5BMmJjMDczZDktM2NhYS00NTgxLWE5MDctN2JlOGM0NzI1MDU1XkEyXkFqcGc@._V1_SX300.jpg
66090,https://m.media-amazon.com/images/M/MV5BNWNmNDI2ZTYtYTliOC00ZjExLWE5MTktZjQzMjUzYWEwMTc3XkEyXkFqcGc@._V1_SX300.jpg
66097,https://m.media-amazon.com/images/M/MV5BMzQxNjM5NzkxNV5BMl5BanBnXkFtZTcwMzg5NDMwMg@@._V1_SX300.jpg
66171,https://m.media-amazon.com/images/M/MV5BMTM2NjE5NTYzMl5BMl5BanBnXkFtZTcwNzc3OTMyMg@@._V1_SX300.jpg
66198,https://m.media-amazon.com/images/M/MV5BMjE3Njg5NzY2OV5BMl5BanBnXkFtZTcwMDMxNjEwMg@@._V1_SX300.jpg
66203,https://m.media-amazon.com/images/M/MV5BMTY5MTUyNDgwMF5BMl5BanBnXkFtZTcwNzYzMDQyMg@@._V1_SX300.jpg
66240,https://m.media-amazon.com/images/M/MV5BMTQwMzQ2MjE2OF5BMl5BanBnXkFtZTcwMTg2MDQwMg@@._V1_SX300.jpg
66297,https://m.media-amazon.com/images/M/MV5BMTczMzkwMzE5NF5BMl5BanBnXkFtZTcwNzA0ODgyMg@@._V1_SX300.jpg
66310,https://m.media-amazon.com/images/M/MV5BYTUxN2I4YTktMjcyMC00YmVjLThhMDUtNjBmM2M0MGVmZjE2XkEyXkFqcGc@._V1_SX300.jpg
66320,https://m.media-amazon.com/images/M/MV5BMTc3MjE1NDc1MV5BMl5BanBnXkFtZTcwMzU0MDE1MQ@@._V1_SX300.jpg
66335,https://m.media-amazon.com/images/M/MV5BYjAxYjMxMGMtNWQ1NC00MmRlLTkyZjQtY2MxNDE1OGJhNjY2XkEyXkFqcGc@._V1_SX300.jpg
66371,https://m.media-amazon.com/images/M/MV5BMTUzOTcwOTA2NV5BMl5BanBnXkFtZTcwNDczMzczMg@@._V1_SX300.jpg
66427,https://m.media-amazon.com/images/M/MV5BMTQxMDg2Nzk2Nl5BMl5BanBnXkFtZTcwNDg4NjI5MQ@@._V1_SX300.jpg
66509,https://m.media-amazon.com/images/M/MV5BNmNlMWQ3YmMtNzJlYi00NGJiLThhMjAtMGJlYjY0ZjZiYWU3XkEyXkFqcGc@._V1_SX300.jpg
66511,
66544,https://m.media-amazon.com/images/M/MV5BYmI3YjJhMjgtYWRlZi00ZTFjLWFkMWQtMTZhYTFkNmUyZmM3XkEyXkFqcGc@._V1_SX300.jpg
66665,https://m.media-amazon.com/images/M/MV5BMTYxNzE3NjAwMl5BMl5BanBnXkFtZTcwODkxOTI0Mg@@._V1_SX300.jpg
66744,https://m.media-amazon.com/images/M/MV5BZTJhZTFlNWMtNDEwZS00NTJhLWE1MzYtNWQyZGUxOGM0NGFiXkEyXkFqcGc@._V1_SX300.jpg
66783,https://m.media-amazon.com/images/M/MV5BNTg1YzcwZDgtZmUzYi00NGI0LTlhN2YtNGMxZTI5MDc3ZmMyXkEyXkFqcGc@._V1_SX300.jpg
66785,https://m.media-amazon.com/images/M/MV5BMDQxOGMwMTUtZTNmMi00ODJmLThiMDctYTJhMzM2YTMzMDhkXkEyXkFqcGc@._V1_SX300.jpg
66798,https://m.media-amazon.com/images/M/MV5BMTIyOTI2ODY2MF5BMl5BanBnXkFtZTcwMzU2MTYxMg@@._V1_SX300.jpg
66915,https://m.media-amazon.com/images/M/MV5BMTU5Njk5OTAwMl5BMl5BanBnXkFtZTcwNDkwODU2NA@@._V1_SX300.jpg
66934,https://m.media-amazon.com/images/M/MV5BOWZiNjY1YjQtMWE1Yy00YmNjLThiYWUtZjUwNmM0ZGRlM2QzXkEyXkFqcGc@._V1_SX300.jpg
66943,https://m.media-amazon.com/images/M/MV5BY2ZlNjUwMGMtNGRkOC00NmYzLTlkNjQtYjAwNmI3YjZiNTcwXkEyXkFqcGc@._V1_SX300.jpg
67087,https://m.media-amazon.com/images/M/MV5BMTU4MjI5NTEyNV5BMl5BanBnXkFtZTcwNjQ1NTMzMg@@._V1_SX300.jpg
67168,https://m.media-amazon.com/images/M/MV5BODQ0MGVkZTMtYTBlZS00MTc3LWEzZWItODU0ODA5MTc2NmRjXkEyXkFqcGc@._V1_SX300.jpg
67186,https://m.media-amazon.com/images/M/MV5BZmE4Mjk4YjQtZTYzOS00OWYxLWEwMTItMzJmZThhNjQ1OWNjXkEyXkFqcGc@._V1_SX300.jpg
67193,https://m.media-amazon.com/images/M/MV5BMjE2MTg2MzU2NF5BMl5BanBnXkFtZTcwMTMyNjkxMg@@._V1_SX300.jpg
67197,https://m.media-amazon.com/images/M/MV5BMTMyMjgyMDIyM15BMl5BanBnXkFtZTcwNjg3MjAyMg@@._V1_SX300.jpg
67255,https://m.media-amazon.com/images/M/MV5BMTc2Mjc0MDg3MV5BMl5BanBnXkFtZTcwMjUzMDkxMw@@._V1_SX300.jpg
67267,https://m.media-amazon.com/images/M/MV5BMTU4MzUzMTg4M15BMl5BanBnXkFtZTcwNDY2MjUyMg@@._V1_SX300.jpg
67295,https://m.media-amazon.com/images/M/MV5BMjQwMWNmYWUtY2E5NS00OTlkLWI2Y2MtNzhjZDUyYmZhZDVjXkEyXkFqcGdeQXVyNjc2MjYzMTY@._V1_SX300.jpg
67361,https://m.media-amazon.com/images/M/MV5BMTg2NzQzNzQ2NF5BMl5BanBnXkFtZTcwOTE5MTMyMg@@._V1_SX300.jpg
67408,https://m.media-amazon.com/images/M/MV5BMTY0OTQ3MzE3MV5BMl5BanBnXkFtZTcwMDQyMzMzMg@@._V1_SX300.jpg
67508,https://m.media-amazon.com/images/M/MV5BMTAyM2ZlYjUtZDRhYi00YjY5LWJiZWItMTM0OTdmMGE3MTk3XkEyXkFqcGc@._V1_SX300.jpg
67534,https://m.media-amazon.com/images/M/MV5BNzNkZGQzMWEtZGU3YS00YWI4LTg3YmEtMmVmMjRhZjg2ZTM5XkEyXkFqcGc@._V1_SX300.jpg
67618,https://m.media-amazon.com/images/M/MV5BMTIwMzI1OTg5MV5BMl5BanBnXkFtZTcwODE3NjA1MQ@@._V1_SX300.jpg
67665,https://m.media-amazon.com/images/M/MV5BMTQ0NjAzMzMxM15BMl5BanBnXkFtZTcwMzEzNzQ0Mg@@._V1_SX300.jpg
67695,https://m.media-amazon.com/images/M/MV5BMTc0NDY4MDA5M15BMl5BanBnXkFtZTgwNTQyMzcwMzE@._V1_SX300.jpg
67734,https://m.media-amazon.com/images/M/MV5BMTI1NTYyMjA2N15BMl5BanBnXkFtZTcwNjU1OTA0Mg@@._V1_SX300.jpg
67788,https://m.media-amazon.com/images/M/MV5BZTk1YmU3OWItM2NjZC00YzRhLWFlZTEtY2ExZGY2MzBkNTYzXkEyXkFqcGc@._V1_SX300.jpg
67799,https://m.media-amazon.com/images/M/MV5BOTlkM2EzMjctYjkwYS00NGUwLWIwZmEtNzA3MDQ5MjQ5M2E5XkEyXkFqcGc@._V1_SX300.jpg
67888,https://m.media-amazon.com/images/M/MV5BMzY5ZTZiZGMtY2E4Mi00OTk5LWEyYjUtMzg5OTUxMzhkZDg4XkEyXkFqcGc@._V1_SX300.jpg
67923,https://m.media-amazon.com/images/M/MV5BM2Y1YzhkNzUtMzhmZC00OTFkLWJjZDktMWYzZmQ0Y2Y5ODcwXkEyXkFqcGc@._V1_SX300.jpg
67997,https://m.media-amazon.com/images/M/MV5BMTU2NzQxNzA1OF5BMl5BanBnXkFtZTcwNzQ0NDk0Mg@@._V1_SX300.jpg
68073,https://m.media-amazon.com/images/M/MV5BMTMzMjYzMTMyM15BMl5BanBnXkFtZTcwOTk5NDA5Mg@@._V1_SX300.jpg
68135,https://m.media-amazon.com/images/M/MV5BMjA2NTI1Mzg3N15BMl5BanBnXkFtZTcwMjYwNjAzMg@@._V1_SX300.jpg
68157,https://m.media-amazon.com/images/M/MV5BODZhMWJlNjYtNDExNC00MTIzLTllM2ItOGQ2NGVjNDQ3MzkzXkEyXkFqcGc@._V1_SX300.jpg
68159,https://m.media-amazon.com/images/M/MV5BMTI1MTQ4MDIwMl5BMl5BanBnXkFtZTcwNzgxOTc0Mg@@._V1_SX300.jpg
68194,https://m.media-amazon.com/images/M/MV5BMjEyMzkzMjM0MV5BMl5BanBnXkFtZTcwNzE3NTU3Mg@@._V1_SX300.jpg
68205,https://m.media-amazon.com/images/M/MV5BMTQzNTU1ODkxNl5BMl5BanBnXkFtZTcwMDgyODEzMg@@._V1_SX300.jpg
68237,https://m.media-amazon.com/images/M/MV5BMTgzODgyNTQwOV5BMl5BanBnXkFtZTcwNzc0NTc0Mg@@._V1_SX300.jpg
68269,https://m.media-amazon.com/images/M/MV5BZDI4ODBlM2QtYjUxMS00OGRiLWI2YjgtZjI0YjU1YWY2MTJjXkEyXkFqcGc@._V1_SX300.jpg
68319,https://m.media-amazon.com/images/M/MV5BZjQwOGEzNjUtNDgwYS00NzUzLWJhZjAtNmFlNzY2YTQyOTllXkEyXkFqcGc@._V1_SX300.jpg
68347,https://m.media-amazon.com/images/M/MV5BMTkxMTQ0NjgwNV5BMl5BanBnXkFtZTcwNzM5MjIzMg@@._V1_SX300.jpg
68358,https://m.media-amazon.com/images/M/MV5BMjE5NDQ5OTE4Ml5BMl5BanBnXkFtZTcwOTE3NDIzMw@@._V1_SX300.jpg
68444,https://m.media-amazon.com/images/M/MV5BNDE2Njc3MjI5NV5BMl5BanBnXkFtZTcwODAxOTQzMg@@._V1_SX300.jpg
68480,https://m.media-amazon.com/images/M/MV5BN2Q5NzViZTYtYmJiZi00YzE0LWE3OWEtMGEwMjU2YmE0MDc4XkEyXkFqcGc@._V1_SX300.jpg
68486,https://m.media-amazon.com/images/M/MV5BY2JjZDYxMjgtNjRhMi00MGIwLWI5ZjktNDhmNDY2N2MyZjRlXkEyXkFqcGc@._V1_SX300.jpg
68522,https://m.media-amazon.com/images/M/MV5BZDlkODRjYmItM2Y4Mi00NGY1LTgyODUtZmMxOWI5NWQ1NmFmXkEyXkFqcGc@._V1_SX300.jpg
68536,https://m.media-amazon.com/images/M/MV5BYmFlZjgxNTYtOTI3Ni00NzhlLTkyMmQtYzhlNDVkZWJlODcxXkEyXkFqcGc@._V1_SX300.jpg
68552,https://m.media-amazon.com/images/M/MV5BMjAyMDQ3ODU4NV5BMl5BanBnXkFtZTcwNzU2MTAzMg@@._V1_SX300.jpg
68554,https://m.media-amazon.com/images/M/MV5BMjEzNzM2MjgxMF5BMl5BanBnXkFtZTcwNTQ1MTM0Mg@@._V1_SX300.jpg
68597,https://m.media-amazon.com/images/M/MV5BOWZkZWJkMTUtMjMxOS00Y2Y2LThiZmEtOWY1MDYyODFkMTFkXkEyXkFqcGc@._V1_SX300.jpg
68600,https://m.media-amazon.com/images/M/MV5BNjE0NjFlNWItMThmYS00NjM0LTkyM2EtMmQ1ZTQ2YTk2ZTcyXkEyXkFqcGc@._V1_SX300.jpg
68650,https://m.media-amazon.com/images/M/MV5BNjc2NzMzNTUtOWNjNC00YjJjLWE4NzQtOWNjMDY5ZGUzNjM0XkEyXkFqcGc@._V1_SX300.jpg
68659,https://m.media-amazon.com/images/M/MV5BMTI2MDM0NTY5OF5BMl5BanBnXkFtZTcwODMxMzIwMg@@._V1_SX300.jpg
68791,https://m.media-amazon.com/images/M/MV5BMWY1OWQ4ZWQtYzZkOS00ZTU0LWE3MDItOTg3YzdmODRkMDVjXkEyXkFqcGc@._V1_SX300.jpg
68793,https://m.media-amazon.com/images/M/MV5BY2E0NTRjMDEtMWI3NS00YTRmLTg4NmEtNzIxZjQ3YWM2NDQxXkEyXkFqcGc@._V1_SX300.jpg
68835,https://m.media-amazon.com/images/M/MV5BODcwMzkyOTMyM15BMl5BanBnXkFtZTcwMTA2Mjg5MQ@@._V1_SX300.jpg
68848,https://m.media-amazon.com/images/M/MV5BYzE4OGExZGYtMGZkMS00MzMzLTk2MWQtMGY5MzY3MTRmNTAzXkEyXkFqcGc@._V1_SX300.jpg
68872,https://m.media-amazon.com/images/M/MV5BZjQ2YmE2YmYtMGM0YS00NGM5LWJmNDctNDJiZjI5Y2IyM2FmXkEyXkFqcGc@._V1_SX300.jpg
68886,https://m.media-amazon.com/images/M/MV5BMTg4MzM1MjI5NF5BMl5BanBnXkFtZTcwMDE3NzY3MQ@@._V1_SX300.jpg
68932,https://m.media-amazon.com/images/M/MV5BMjExODQ3MTI5Nl5BMl5BanBnXkFtZTcwMDEyMTQ5MQ@@._V1_SX300.jpg
68945,https://m.media-amazon.com/images/M/MV5BMGRiOWQyOTAtZDQ0Ny00NGRiLWIyYTYtZWM1MjNjNzg0ZjE3XkEyXkFqcGc@._V1_SX300.jpg
68952,https://m.media-amazon.com/images/M/MV5BMTQwNTMyNjc5Ml5BMl5BanBnXkFtZTcwOTI2MTQ0Mg@@._V1_SX300.jpg
68954,https://m.media-amazon.com/images/M/MV5BNmI1ZTc5MWMtMDYyOS00ZDc2LTkzOTAtNjQ4NWIxNjYyNDgzXkEyXkFqcGc@._V1_SX300.jpg
68959,https://m.media-amazon.com/images/M/MV5BZjM1NWIwYWUtNGVjZC00MGVmLTgzOTctZDlhOTM3ZmRlMjZjXkEyXkFqcGc@._V1_SX300.jpg
69069,https://m.media-amazon.com/images/M/MV5BMjE3MDMxMTQ0M15BMl5BanBnXkFtZTcwNTA0MDAyMg@@._V1_SX300.jpg
69118,https://m.media-amazon.com/images/M/MV5BMTU4MTEwMTI4MV5BMl5BanBnXkFtZTcwNDEyNzMzMg@@._V1_SX300.jpg
69122,https://m.media-amazon.com/images/M/MV5BNDI2MzBhNzgtOWYyOS00NDM2LWE0OGYtOGQ0M2FjMTI2NTllXkEyXkFqcGc@._V1_SX300.jpg
69131,https://m.media-amazon.com/images/M/MV5BZTY5ZDFlYWQtNGJiMi00ZjJjLWJjOWEtZjBhYWI1NGMwOWNlXkEyXkFqcGc@._V1_SX300.jpg
69134,https://m.media-amazon.com/images/M/MV5BMjE3MjQ2ODc1N15BMl5BanBnXkFtZTcwNjYyMzI5Mg@@._V1_SX300.jpg
69140,https://m.media-amazon.com/images/M/MV5BMjE0MTg3NzYxNF5BMl5BanBnXkFtZTcwODM3MDI0MQ@@._V1_SX300.jpg
69211,https://m.media-amazon.com/images/M/MV5BNmE2MmJhNmItNWMzOC00ZWM3LTlhMjYtZGI3OWU0MDQ0Nzk3XkEyXkFqcGc@._V1_SX300.jpg
69224,https://m.media-amazon.com/images/M/MV5BMjA3YzYwZDUtNGUyMi00ZGYxLTljNjItMzQ5ZjkxNjFjOTNhXkEyXkFqcGc@._V1_SX300.jpg
69227,https://m.media-amazon.com/images/M/MV5BNzVhMzIyN2UtMGEzZC00MzZlLTk4MDMtYzY4MDYzMTViZGUxXkEyXkFqcGc@._V1_SX300.jpg
69251,https://m.media-amazon.com/images/M/MV5BMTQ1OTIwMDg2MF5BMl5BanBnXkFtZTcwMzA0MjEwMg@@._V1_SX300.jpg
69275,https://m.media-amazon.com/images/M/MV5BMmZkOWI5NDgtODgyNi00MmFhLTlmYmEtNmEzNTZhMjlmZTQxXkEyXkFqcGc@._V1_SX300.jpg
69278,https://m.media-amazon.com/images/M/MV5BOTkzNDg2OTc1NF5BMl5BanBnXkFtZTcwNDcxODE2Mg@@._V1_SX300.jpg
69304,https://m.media-amazon.com/images/M/MV5BMjIwMjgwMjg4M15BMl5BanBnXkFtZTcwNTU2ODkzMg@@._V1_SX300.jpg
69306,https://m.media-amazon.com/images/M/MV5BMTU3NzA4MDcwNV5BMl5BanBnXkFtZTcwMDAyNzc1Mg@@._V1_SX300.jpg
69394,https://m.media-amazon.com/images/M/MV5BN2EyOTQwNDUtNGY4MC00MWUzLTk1MWItYzFiMmYwZDFmODM2XkEyXkFqcGc@._V1_SX300.jpg
69406,https://m.media-amazon.com/images/M/MV5BYWU3ZmFhYTktNzU4NS00ZTEyLTkwNTYtMWE1M2JjMTFmODVkXkEyXkFqcGc@._V1_SX300.jpg
69436,https://m.media-amazon.com/images/M/MV5BZTJkZmZkNDUtYjA2OS00OTViLThhMjYtOWZhMGVkODFhMWU2XkEyXkFqcGc@._V1_SX300.jpg
69453,https://m.media-amazon.com/images/M/MV5BNjFkYTk3NzctYWIwMS00NGQ3LWJkNzEtZjYyMGFkY2Y4ZDQ1XkEyXkFqcGc@._V1_SX300.jpg
69469,https://m.media-amazon.com/images/M/MV5BMTcyNTIzNjA1NV5BMl5BanBnXkFtZTcwOTE2NzI5Mw@@._V1_SX300.jpg
69481,https://m.media-amazon.com/images/M/MV5BNzgyMGM2YTItYzY2Yi00NDQ0LWE0M2EtMGUzYjFlMDgyY2M3XkEyXkFqcGc@._V1_SX300.jpg
69495,https://m.media-amazon.com/images/M/MV5BMjE0ODAxOTEyMl5BMl5BanBnXkFtZTcwMTU1NjM5MQ@@._V1_SX300.jpg
69516,https://m.media-amazon.com/images/M/MV5BMjA5ODk3NjE1NF5BMl5BanBnXkFtZTcwNTE3MTA0Mg@@._V1_SX300.jpg
69524,https://m.media-amazon.com/images/M/MV5BYzFkMzJhMTgtNDI3Yy00NDdjLThhNzItYjFiMmFkMzBjNDEwXkEyXkFqcGdeQXVyMzYzNzc1NjY@._V1_SX300.jpg
69526,https://m.media-amazon.com/images/M/MV5BNjk4OTczOTk0NF5BMl5BanBnXkFtZTcwNjQ0NzMzMw@@._V1_SX300.jpg
69529,https://m.media-amazon.com/images/M/MV5BMmQ3YmFjOGItYTgxNC00YzBjLTgwODEtM2Q2YTEyOWQxYjRkXkEyXkFqcGc@._V1_SX300.jpg
69604,https://m.media-amazon.com/images/M/MV5BMTU2NTA4NzgyNl5BMl5BanBnXkFtZTcwNzEzMjQ1Mg@@._V1_SX300.jpg
69606,https://m.media-amazon.com/images/M/MV5BMTA0Njk2NTIyMTVeQTJeQWpwZ15BbWU3MDU0MzUyMzI@._V1_SX300.jpg
69640,https://m.media-amazon.com/images/M/MV5BY2FjYTZjZTUtNDMyOS00YzViLWFlZjQtZTAzNGQwM2VjYjVjXkEyXkFqcGc@._V1_SX300.jpg
69644,https://m.media-amazon.com/images/M/MV5BZWJjZDYwMjgtZDZiMy00YzcyLThjN2YtYjI1ZDQ2ZDJkOTVmXkEyXkFqcGc@._V1_SX300.jpg
69654,https://m.media-amazon.com/images/M/MV5BNzI0ODEzNTc1M15BMl5BanBnXkFtZTgwNjAyMjA2MDE@._V1_SX300.jpg
69685,https://m.media-amazon.com/images/M/MV5BZDg1YjFkZTMtNzNkNy00NzYyLWE5YzQtZmI0NzQ3ZDdlMDRjXkEyXkFqcGc@._V1_SX300.jpg
69712,https://m.media-amazon.com/images/M/MV5BMTQ2NDg4MDU3NF5BMl5BanBnXkFtZTcwMjg5Njc1Mg@@._V1_SX300.jpg
69720,https://m.media-amazon.com/images/M/MV5BMTMwNjUyNjE3MF5BMl5BanBnXkFtZTcwMzYyNTQ0MQ@@._V1_SX300.jpg
69746,https://m.media-amazon.com/images/M/MV5BMTQ0MWJlMWEtMzIxMi00ZjNlLTk5N2EtZTAxMmU0Yjg5NjIxXkEyXkFqcGdeQXVyNTAyODkwOQ@@._V1_SX300.jpg
69757,https://m.media-amazon.com/images/M/MV5BMTk5MjM4OTU1OV5BMl5BanBnXkFtZTcwODkzNDIzMw@@._V1_SX300.jpg
69784,https://m.media-amazon.com/images/M/MV5BMTUwNDIwNDE5MV5BMl5BanBnXkFtZTcwMDA2MzA1Mg@@._V1_SX300.jpg
69805,https://m.media-amazon.com/images/M/MV5BYTllNmU0NTUtNDdiOS00ZGViLWJkNmItMzEzMmYxNmEyZmU2XkEyXkFqcGc@._V1_SX300.jpg
69844,https://m.media-amazon.com/images/M/MV5BNzU3NDg4NTAyNV5BMl5BanBnXkFtZTcwOTg2ODg1Mg@@._V1_SX300.jpg
69849,https://m.media-amazon.com/images/M/MV5BMzUwMjM5YjAtNGUzNi00ZjNkLTllNTItNDcxMGEzY2RhZmNiXkEyXkFqcGc@._V1_SX300.jpg
69860,https://m.media-amazon.com/images/M/MV5BMTMxNzU4NTk1MF5BMl5BanBnXkFtZTcwMjkwNjQ5Mg@@._V1_SX300.jpg
69904,https://m.media-amazon.com/images/M/MV5BODlhNDQ4N2ItOTllMC00MzQyLWIyNjgtMjU2MmQ1NDEwM2RiXkEyXkFqcGc@._V1_SX300.jpg
69951,https://m.media-amazon.com/images/M/MV5BMTY4Njg4NTA3Nl5BMl5BanBnXkFtZTcwNzYxMzg5Mg@@._V1_SX300.jpg
69953,https://m.media-amazon.com/images/M/MV5BMjIxNjExNTI5OF5BMl5BanBnXkFtZTcwOTIxNDYwMg@@._V1_SX300.jpg
69988,https://m.media-amazon.com/images/M/MV5BMTcxNTYyODA1M15BMl5BanBnXkFtZTcwODk2MDE1Mg@@._V1_SX300.jpg
70015,https://m.media-amazon.com/images/M/MV5BMTMwODQ5MzY1Ml5BMl5BanBnXkFtZTcwNTc4MDE1Mg@@._V1_SX300.jpg
70159,https://m.media-amazon.com/images/M/MV5BYjc1Y2M4ZmQtMTA2NC00OTUwLTgxZDMtZDJmNTk1OTU4Njk4XkEyXkFqcGc@._V1_SX300.jpg
70183,https://m.media-amazon.com/images/M/MV5BMTM2MTM2OTUwNl5BMl5BanBnXkFtZTcwNTgwNTE0Mg@@._V1_SX300.jpg
70206,https://m.media-amazon.com/images/M/MV5BMTQ4NTU3OTE3OF5BMl5BanBnXkFtZTcwNTkxMjA3Mg@@._V1_SX300.jpg
70208,https://m.media-amazon.com/images/M/MV5BMjA3NzcxNzAwOV5BMl5BanBnXkFtZTcwNTgyNDU2Mg@@._V1_SX300.jpg
70286,https://m.media-amazon.com/images/M/MV5BMTM4OTI1OTM5NF5BMl5BanBnXkFtZTcwMzk5MTU1Mg@@._V1_SX300.jpg
70293,https://m.media-amazon.com/images/M/MV5BMzA4NjA2NjI2NV5BMl5BanBnXkFtZTcwOTEzNzI2Mg@@._V1_SX300.jpg
70301,https://m.media-amazon.com/images/M/MV5BMjAwOTM2MzE5MF5BMl5BanBnXkFtZTcwMjM0NTcyMg@@._V1_SX300.jpg
70305,https://m.media-amazon.com/images/M/MV5BMzQ5MTM5NTU2NV5BMl5BanBnXkFtZTcwMDAzMjAyMg@@._V1_SX300.jpg
70334,https://m.media-amazon.com/images/M/MV5BMTkxNjUxODY3NF5BMl5BanBnXkFtZTcwMjQyMzMzMg@@._V1_SX300.jpg
70336,https://m.media-amazon.com/images/M/MV5BMTQzMTU1NzQwNl5BMl5BanBnXkFtZTcwNDg4NzMzMw@@._V1_SX300.jpg
70361,https://m.media-amazon.com/images/M/MV5BZDI5NGM1NjEtODk4Yy00MjZhLTk5YmYtY2FmZmM4NjdkNWU5XkEyXkFqcGc@._V1_SX300.jpg
70451,https://m.media-amazon.com/images/M/MV5BMTg1NDg0NDk0NF5BMl5BanBnXkFtZTcwNjYxMTQyMg@@._V1_SX300.jpg
70492,https://m.media-amazon.com/images/M/MV5BN2I1ZDhjZWUtMTE5ZC00NzQyLTgyZGMtN2Y5MGYzYWMzY2E1XkEyXkFqcGc@._V1_SX300.jpg
70521,https://m.media-amazon.com/images/M/MV5BNmJmZmRjMmMtZjAwYS00YTM0LTgxYmYtZGUxM2IzNGJiMjNjXkEyXkFqcGc@._V1_SX300.jpg
70533,https://m.media-amazon.com/images/M/MV5BMDQwZWFmNTMtY2RjYS00OWIxLTlkNmMtNjQwMWIwZTk1OGFlXkEyXkFqcGc@._V1_SX300.jpg
70545,https://m.media-amazon.com/images/M/MV5BMTI2MTg5Mzc2Nl5BMl5BanBnXkFtZTcwMzI3NTY1Mg@@._V1_SX300.jpg
70565,https://m.media-amazon.com/images/M/MV5BMTMwNDI1OTk3MF5BMl5BanBnXkFtZTcwMzY5MDI2Mg@@._V1_SX300.jpg
70599,https://m.media-amazon.com/images/M/MV5BOGU4M2JjNmEtYTVkOS00ZWY5LTllODQtNWExN2U1NzQwZGEwXkEyXkFqcGc@._V1_SX300.jpg
70637,https://m.media-amazon.com/images/M/MV5BODU4Njg3OTkwOF5BMl5BanBnXkFtZTcwMjg5NzAwMg@@._V1_SX300.jpg
70641,https://m.media-amazon.com/images/M/MV5BMTY0MDg5NzY1N15BMl5BanBnXkFtZTcwMDYyNjUyMg@@._V1_SX300.jpg
70663,https://m.media-amazon.com/images/M/MV5BMTgyNTc2NDM3NF5BMl5BanBnXkFtZTcwNjU3Mzg0Mg@@._V1_SX300.jpg
70687,https://m.media-amazon.com/images/M/MV5BMTY0OTg3MzM1M15BMl5BanBnXkFtZTcwMzAyMzI1Mg@@._V1_SX300.jpg
70697,https://m.media-amazon.com/images/M/MV5BMTM4NTY3MzY2MV5BMl5BanBnXkFtZTcwMDQ1NTM2Mg@@._V1_SX300.jpg
70703,https://m.media-amazon.com/images/M/MV5BNGViNGE4NjMtYzZlMi00MGNjLWIyNDUtNmM2ZDNjY2UyNzdmXkEyXkFqcGc@._V1_SX300.jpg
70708,https://m.media-amazon.com/images/M/MV5BMTY3ODQxNDc2Ml5BMl5BanBnXkFtZTcwOTYxMTYxMw@@._V1_SX300.jpg
70728,https://m.media-amazon.com/images/M/MV5BYTkyNTRkNWUtN2Q3MC00Mzg4LThlZTUtYzEyZjlkYjc1NDA3XkEyXkFqcGc@._V1_SX300.jpg
70862,https://m.media-amazon.com/images/M/MV5BMTI2NDcyOTc2OV5BMl5BanBnXkFtZTcwMzc3NjA3Mg@@._V1_SX300.jpg
70932,https://m.media-amazon.com/images/M/MV5BMDVlNjQwZTEtZTE2Yi00YzExLTg1YmMtN2MzNzgwMDQ3NWUwXkEyXkFqcGc@._V1_SX300.jpg
70946,https://m.media-amazon.com/images/M/MV5BYzJkY2E0ZjEtYjQ4Yy00MmI3LWFhMGItZjllNmJhM2Y5NTBkXkEyXkFqcGc@._V1_SX300.jpg
70984,https://m.media-amazon.com/images/M/MV5BNDJiNDQ2MTAtNDU5ZC00ZWZhLWIyNWUtMDkzYzM4YTAzNTM3XkEyXkFqcGc@._V1_SX300.jpg
70990,https://m.media-amazon.com/images/M/MV5BZDY2MGRhOTgtYmI5Yy00MmY4LWFmZTktZjkzYTA5YzU2NGU3XkEyXkFqcGc@._V1_SX300.jpg
70994,https://m.media-amazon.com/images/M/MV5BMjE2OTEzODI0NF5BMl5BanBnXkFtZTcwMTE4MTY2Mg@@._V1_SX300.jpg
71033,https://m.media-amazon.com/images/M/MV5BMTgwNTI3OTczOV5BMl5BanBnXkFtZTcwMTM3MTUyMw@@._V1_SX300.jpg
71057,https://m.media-amazon.com/images/M/MV5BMTY2ODE1MTgxMV5BMl5BanBnXkFtZTcwNTM1NTM2Mg@@._V1_SX300.jpg
71106,https://m.media-amazon.com/images/M/MV5BNmNjNDRmMjMtZjAxMi00YTgzLTllNGQtMGMxMTllN2ViZWU3XkEyXkFqcGc@._V1_SX300.jpg
71108,https://m.media-amazon.com/images/M/MV5BMTQ2OTYyNzUxOF5BMl5BanBnXkFtZTcwMzUwMDY4Mg@@._V1_SX300.jpg
71129,https://m.media-amazon.com/images/M/MV5BOWQ4ZGExZGMtYjZjNS00NWMyLThmZTUtZjM0N2UxMzU5MTk5L2ltYWdlXkEyXkFqcGdeQXVyNTAyODkwOQ@@._V1_SX300.jpg
71131,https://m.media-amazon.com/images/M/MV5BM2M2ZWQ3NzMtNjUwNi00MzI3LTkyNmYtYzk4M2UxOWIyZTlmXkEyXkFqcGc@._V1_SX300.jpg
71135,https://m.media-amazon.com/images/M/MV5BNDQxNjc5NTMxNl5BMl5BanBnXkFtZTcwNjg2NDE4Mg@@._V1_SX300.jpg
71147,https://m.media-amazon.com/images/M/MV5BMGQ4OTliMjgtZTgwZi00NGI1LWEzZTEtZmRjNDcwNzM4MzlkXkEyXkFqcGc@._V1_SX300.jpg
71156,https://m.media-amazon.com/images/M/MV5BMjIwOTQwNzg1MV5BMl5BanBnXkFtZTcwODc4MDU4Mg@@._V1_SX300.jpg
71160,https://m.media-amazon.com/images/M/MV5BMGU5Y2FlM2EtZmI4Mi00MGNhLWE1OWItNGVkYzVhMTJiNjYzXkEyXkFqcGc@._V1_SX300.jpg
71205,https://m.media-amazon.com/images/M/MV5BMTMxNzYwMjc1Ml5BMl5BanBnXkFtZTcwNDI3MDE3Mg@@._V1_SX300.jpg
71211,https://m.media-amazon.com/images/M/MV5BMTgyNjE1OTc4Ml5BMl5BanBnXkFtZTgwNjc4MTA3MjI@._V1_SX300.jpg
71248,https://m.media-amazon.com/images/M/MV5BMTgzNzU3OTQ4NV5BMl5BanBnXkFtZTcwOTY3MzA4Mg@@._V1_SX300.jpg
71252,https://m.media-amazon.com/images/M/MV5BYzY2YWViNDItNWM1NC00MGFhLTg1NzctMGIyYTMwYTk1MTdiXkEyXkFqcGc@._V1_SX300.jpg
71254,https://m.media-amazon.com/images/M/MV5BMTkzMDU0NTg3MF5BMl5BanBnXkFtZTcwNzU1MjU1Mg@@._V1_SX300.jpg
71264,https://m.media-amazon.com/images/M/MV5BMTg0MjAwNDI5MV5BMl5BanBnXkFtZTcwODkyMzg2Mg@@._V1_SX300.jpg
71268,https://m.media-amazon.com/images/M/MV5BMjEzODgyNzQ1Ml5BMl5BanBnXkFtZTcwMzc0OTY3Mg@@._V1_SX300.jpg
71282,https://m.media-amazon.com/images/M/MV5BNmQyY2VlNTYtYjYzNi00YmY3LTgzNTktOWJkZmNlMmFlNWQyXkEyXkFqcGc@._V1_SX300.jpg
71302,https://m.media-amazon.com/images/M/MV5BOTQzZDU3OGItYWNmYi00MjRiLWFiNDYtNzQ2OTA5OGZkYjA1XkEyXkFqcGc@._V1_SX300.jpg
71304,https://m.media-amazon.com/images/M/MV5BMDIxMTk2MjAtYTgzNy00NDE5LTg2MWQtYjM5ODBhODZkN2M4XkEyXkFqcGc@._V1_SX300.jpg
71327,https://m.media-amazon.com/images/M/MV5BMTg0NjEwNDgxNF5BMl5BanBnXkFtZTcwMjkyOTM3Mg@@._V1_SX300.jpg
71341,https://m.media-amazon.com/images/M/MV5BMTkwNzMzNzA0OF5BMl5BanBnXkFtZTcwNjQ0NDM1Mw@@._V1_SX300.jpg
71379,https://m.media-amazon.com/images/M/MV5BMjY1NjcxODQ4MV5BMl5BanBnXkFtZTcwMzUxNjM4Mg@@._V1_SX300.jpg
71429,https://m.media-amazon.com/images/M/MV5BNTNhOWEyNGQtYjVmZi00MmI5LTg2ZjItZWM4OWViNDI5YzYyXkEyXkFqcGc@._V1_SX300.jpg
71438,https://m.media-amazon.com/images/M/MV5BOTFkZjE4ZGMtODc3MC00ZDllLTkxMTAtZTk0NTkzYTYyMTYwXkEyXkFqcGc@._V1_SX300.jpg
71453,https://m.media-amazon.com/images/M/MV5BMWVmNTk2YjItYzlkNy00NjZmLWEwOGUtNTU3Y2FhNTU4OTYyXkEyXkFqcGc@._V1_SX300.jpg
71462,https://m.media-amazon.com/images/M/MV5BMTc3Nzg2NzM5MF5BMl5BanBnXkFtZTcwMTYwMjU2Mg@@._V1_SX300.jpg
71464,https://m.media-amazon.com/images/M/MV5BYTQ0MWU5ODItMmY0Yy00NTM1LWJjMmItMjg4MDgwMTE5YmY5XkEyXkFqcGc@._V1_SX300.jpg
71466,https://m.media-amazon.com/images/M/MV5BMTM1MTY2Mjk0Nl5BMl5BanBnXkFtZTcwMDYxODkxMw@@._V1_SX300.jpg
71468,https://m.media-amazon.com/images/M/MV5BMjIyNzE4NjUwM15BMl5BanBnXkFtZTcwMzUyODg5Mg@@._V1_SX300.jpg
71484,https://m.media-amazon.com/images/M/MV5BNjFmNTk1ZTktYmQwMi00ZTU1LTg3YWEtMjQwNjdjN2ZjMTBiXkEyXkFqcGc@._V1_SX300.jpg
71494,https://m.media-amazon.com/images/M/MV5BNTM5ODMyNjg2NF5BMl5BanBnXkFtZTcwMDA3ODc2Mg@@._V1_SX300.jpg
71500,https://m.media-amazon.com/images/M/MV5BNjI2YTA2NmUtOTY4MS00ZGJjLWI1NzctOWRlNzgzNDk1ZTk2XkEyXkFqcGc@._V1_SX300.jpg
71518,https://m.media-amazon.com/images/M/MV5BNDM1NzkzMjQ4NF5BMl5BanBnXkFtZTcwMDE3Nzk3Mg@@._V1_SX300.jpg
71520,https://m.media-amazon.com/images/M/MV5BMTU2OTQzOTc1Nl5BMl5BanBnXkFtZTcwNDM5MDE4Mg@@._V1_SX300.jpg
71530,https://m.media-amazon.com/images/M/MV5BMjEzMTU5OTY0Ml5BMl5BanBnXkFtZTcwMDA0NjA3Mg@@._V1_SX300.jpg
71535,https://m.media-amazon.com/images/M/MV5BMTU5MDg0NTQ1N15BMl5BanBnXkFtZTcwMjA4Mjg3Mg@@._V1_SX300.jpg
71550,https://m.media-amazon.com/images/M/MV5BN2MwZDc1YzUtMTdjNC00MjdmLWFkNWEtMDA5NzEwZTg4MjYxXkEyXkFqcGc@._V1_SX300.jpg
71579,https://m.media-amazon.com/images/M/MV5BMTg4NjgzOTc0MF5BMl5BanBnXkFtZTcwOTc2OTE3Mg@@._V1_SX300.jpg
71619,https://m.media-amazon.com/images/M/MV5BMTA0NjYzMzQxNzBeQTJeQWpwZ15BbWU3MDI2MDA0ODI@._V1_SX300.jpg
71640,https://m.media-amazon.com/images/M/MV5BMjA4OTQ4MTE0OF5BMl5BanBnXkFtZTcwMjM5NjAyMw@@._V1_SX300.jpg
71668,https://m.media-amazon.com/images/M/MV5BMTQxMjI1Nzc0M15BMl5BanBnXkFtZTcwMTc0Mzg2Mg@@._V1_SX300.jpg
71732,https://m.media-amazon.com/images/M/MV5BMTkyMzIxNDQ4MV5BMl5BanBnXkFtZTcwMzk4MjU3Mg@@._V1_SX300.jpg
71745,https://m.media-amazon.com/images/M/MV5BNzQ1NzAwODEwM15BMl5BanBnXkFtZTcwNTE4MjI4Mg@@._V1_SX300.jpg
71810,https://m.media-amazon.com/images/M/MV5BMjFiOWQyMGUtZjg2NC00MDhlLWFiNGItNTdjYmIzNWY1OTYxXkEyXkFqcGc@._V1_SX300.jpg
71823,https://m.media-amazon.com/images/M/MV5BMTI3NDYxOTM4OF5BMl5BanBnXkFtZTcwOTEwNTI4Mg@@._V1_SX300.jpg
71838,https://m.media-amazon.com/images/M/MV5BNDFjNzM2NzMtNTkxZi00ZGFmLTkyZGMtZWQ3ZjMwZDc5NDExXkEyXkFqcGc@._V1_SX300.jpg
71867,https://m.media-amazon.com/images/M/MV5BMjE3OTc2MjUwMF5BMl5BanBnXkFtZTcwNDg2MjE5Mw@@._V1_SX300.jpg
71899,https://m.media-amazon.com/images/M/MV5BNzY2Mjc4NjMtNGY4Mi00NzM5LTk3ZTQtN2VkNzVkMzRmM2Y2XkEyXkFqcGc@._V1_SX300.jpg
71902,https://m.media-amazon.com/images/M/MV5BNzY5NjMzNzUwN15BMl5BanBnXkFtZTcwNTQ1ODY2Mg@@._V1_SX300.jpg
71910,https://m.media-amazon.com/images/M/MV5BMTg0NTU2OTE2OF5BMl5BanBnXkFtZTcwMDQ0NjQ2MQ@@._V1_SX300.jpg
71970,https://m.media-amazon.com/images/M/MV5BOTIwZTJjYzQtMjU3OS00MzQwLTgyOTEtYjE1YjQ0YWY3NjVlXkEyXkFqcGc@._V1_SX300.jpg
71999,https://m.media-amazon.com/images/M/MV5BMTQ1MDAxMjgzOF5BMl5BanBnXkFtZTgwOTAyMTM2MTE@._V1_SX300.jpg
72011,https://m.media-amazon.com/images/M/MV5BMTI3MzYxMTA4NF5BMl5BanBnXkFtZTcwMDE4ODg3Mg@@._V1_SX300.jpg
72104,https://m.media-amazon.com/images/M/MV5BZWU2OTI4NTAtZDdkMC00OGQxLTkxZGEtNTczOTEyMTNkNGQxXkEyXkFqcGc@._V1_SX300.jpg
72129,https://m.media-amazon.com/images/M/MV5BMTY1MzkzNTYyMl5BMl5BanBnXkFtZTcwOTg4MjE5Ng@@._V1_SX300.jpg
72142,https://m.media-amazon.com/images/M/MV5BMjY4Mzc0MzgyOV5BMl5BanBnXkFtZTgwNzMxNjIzMTE@._V1_SX300.jpg
72165,https://m.media-amazon.com/images/M/MV5BMTI1NDA1MTMwNl5BMl5BanBnXkFtZTcwNTg0MDE4Mg@@._V1_SX300.jpg
72167,https://m.media-amazon.com/images/M/MV5BMTY4MDMxNzM2M15BMl5BanBnXkFtZTcwNjk5MzU5Mg@@._V1_SX300.jpg
72171,https://m.media-amazon.com/images/M/MV5BMjIzYzRiN2MtNmM1ZC00MjdmLWI0YWEtZTJmM2ZlNmVkODJkXkEyXkFqcGc@._V1_SX300.jpg
72178,https://m.media-amazon.com/images/M/MV5BNjg3OThiZjYtMDMyZS00MGQzLThiYmUtZjUyZmYzMjVjOTcyXkEyXkFqcGc@._V1_SX300.jpg
72224,https://m.media-amazon.com/images/M/MV5BMjA2NDAzMDU4Ml5BMl5BanBnXkFtZTcwMDc3Mzc3Mg@@._V1_SX300.jpg
72226,https://m.media-amazon.com/images/M/MV5BYTA1ZTIxZDUtNGFjYS00YTc5LTgzNDMtZWNjYjBlMzI2OTk3XkEyXkFqcGc@._V1_SX300.jpg
72294,https://m.media-amazon.com/images/M/MV5BMTM1MTI5ODU4MV5BMl5BanBnXkFtZTcwNTYyNTU4Mg@@._V1_SX300.jpg
72308,https://m.media-amazon.com/images/M/MV5BOTVlOWJhOTItNjliYy00Nzc0LTgxYjAtYTAzMDNmMzBjNzExXkEyXkFqcGdeQXVyMTQxNzMzNDI@._V1_SX300.jpg
72330,https://m.media-amazon.com/images/M/MV5BMTMwMTcxMjQyOF5BMl5BanBnXkFtZTcwODUyODI4Mg@@._V1_SX300.jpg
72356,https://m.media-amazon.com/images/M/MV5BOGI5MjVhNDMtYWUyZi00YzhhLTk5NzUtZmUxNzdiOTk4ZjdjXkEyXkFqcGc@._V1_SX300.jpg
72378,https://m.media-amazon.com/images/M/MV5BMTY0MjEyODQzMF5BMl5BanBnXkFtZTcwMTczMjQ4Mg@@._V1_SX300.jpg
72395,https://m.media-amazon.com/images/M/MV5BNDVkZDYzOTktMDI0Yy00YjE5LWIxMGEtOGZlNjllOTdhZjQ3XkEyXkFqcGc@._V1_SX300.jpg
72405,https://m.media-amazon.com/images/M/MV5BMTcyMzY0NTMzMF5BMl5BanBnXkFtZTcwMTc1MjY4Mg@@._V1_SX300.jpg
72407,https://m.media-amazon.com/images/M/MV5BMTI3MjE3NDIxNF5BMl5BanBnXkFtZTcwODM3NTY5Mg@@._V1_SX300.jpg
72424,https://m.media-amazon.com/images/M/MV5BMGIxOGUxNDktYTViZS00MjA5LThkNGEtZWU3YTc3N2MwZWNkXkEyXkFqcGc@._V1_SX300.jpg
72479,https://m.media-amazon.com/images/M/MV5BMTQyMzQ2Nzc5Ml5BMl5BanBnXkFtZTcwNDk4NjAyMw@@._V1_SX300.jpg
72489,https://m.media-amazon.com/images/M/MV5BMTcxNDYzMjU1Ml5BMl5BanBnXkFtZTcwMTYzOTM3Mg@@._V1_SX300.jpg
72554,https://m.media-amazon.com/images/M/MV5BY2NhYmY3ODktNjY3ZC00NTU4LThmMTYtOWQ0MTIxOTU2ZDdhXkEyXkFqcGc@._V1_SX300.jpg
72591,https://m.media-amazon.com/images/M/MV5BY2NlMzUxMjEtZWVhMS00ZTY3LWJiNTEtNzQzNmUyYWM2OWM1XkEyXkFqcGc@._V1_SX300.jpg
72601,https://m.media-amazon.com/images/M/MV5BZjhmMWE1MWEtODBkOC00MDRlLWI0NGItMzRlZDA5OGFhNWM5XkEyXkFqcGc@._V1_SX300.jpg
72603,https://m.media-amazon.com/images/M/MV5BYjZmMTNlZDctMDNjNS00YmU3LWJiMGItMWEzOTg2NWU0N2Y0XkEyXkFqcGc@._V1_SX300.jpg
72605,https://m.media-amazon.com/images/M/MV5BMTkyMTY5MTcxOV5BMl5BanBnXkFtZTcwMTI3MDE3Mg@@._V1_SX300.jpg
72624,https://m.media-amazon.com/images/M/MV5BNzZlNzNjZTQtYWI4MC00MWVjLWExMTUtMzM5M2VlYmFlYTdlXkEyXkFqcGc@._V1_SX300.jpg
72641,https://m.media-amazon.com/images/M/MV5BMjEzOTE3ODM3OF5BMl5BanBnXkFtZTcwMzYyODI4Mg@@._V1_SX300.jpg
72692,https://m.media-amazon.com/images/M/MV5BMTI3OTI2NTI0N15BMl5BanBnXkFtZTcwNzQzMzYyMQ@@._V1_SX300.jpg
72694,https://m.media-amazon.com/images/M/MV5BMTk1OTU1OTM3NF5BMl5BanBnXkFtZTcwNDMwMjU2Mg@@._V1_SX300.jpg
72696,https://m.media-amazon.com/images/M/MV5BMjExMTYyMzk3MV5BMl5BanBnXkFtZTcwMzI2Njg0Mg@@._V1_SX300.jpg
72701,https://m.media-amazon.com/images/M/MV5BMTUyOTAyNTA5Ml5BMl5BanBnXkFtZTcwODU2OTM0Mg@@._V1_SX300.jpg
72714,https://m.media-amazon.com/images/M/MV5BOTNiOWUxZDUtMGQ3Mi00NzhkLWEwOTYtZTlhM2VkMzVhY2JkXkEyXkFqcGc@._V1_SX300.jpg
72720,https://m.media-amazon.com/images/M/MV5BMzU5MTk4MjQ2M15BMl5BanBnXkFtZTcwNDU0MzEwMw@@._V1_SX300.jpg
72731,https://m.media-amazon.com/images/M/MV5BMjAwNDA1MTM2MF5BMl5BanBnXkFtZTcwMzg3NDcwMw@@._V1_SX300.jpg
72733,https://m.media-amazon.com/images/M/MV5BMjAyMzExMDM1N15BMl5BanBnXkFtZTcwNTcyMTQ5Mg@@._V1_SX300.jpg
72737,https://m.media-amazon.com/images/M/MV5BOTE3YTExYTEtOTUxZC00OTM0LWJmYmItMDk5YjczNmIwNzA2XkEyXkFqcGc@._V1_SX300.jpg
72874,https://m.media-amazon.com/images/M/MV5BMTBmMGQ5MjctMmRlZS00ZjI0LThmNjItOGQyOGEzZjBjYTBjXkEyXkFqcGc@._V1_SX300.jpg
72919,https://m.media-amazon.com/images/M/MV5BMjUzMDY0NDYzN15BMl5BanBnXkFtZTcwNjgxMDI5Mg@@._V1_SX300.jpg
72921,https://m.media-amazon.com/images/M/MV5BZmRkOTgzODgtNTM3OC00ZjQ0LTkxZTYtY2I4N2VlNzZmZTViXkEyXkFqcGc@._V1_SX300.jpg
72982,https://m.media-amazon.com/images/M/MV5BODRjOWUzMzMtOTcxNy00Yjg1LTk3YjYtNDZmOTE5OWQwZmRhXkEyXkFqcGc@._V1_SX300.jpg
72998,https://m.media-amazon.com/images/M/MV5BMDEzMmQwZjctZWU2My00MWNlLWE0NjItMDJlYTRlNGJiZjcyXkEyXkFqcGc@._V1_SX300.jpg
73015,https://m.media-amazon.com/images/M/MV5BMjQ0NjM2NTI4N15BMl5BanBnXkFtZTcwNjQ2MDc5Mg@@._V1_SX300.jpg
73017,https://m.media-amazon.com/images/M/MV5BMTg0NjEwNjUxM15BMl5BanBnXkFtZTcwMzk0MjQ5Mg@@._V1_SX300.jpg
73023,https://m.media-amazon.com/images/M/MV5BMTU0NDc5NjgzNl5BMl5BanBnXkFtZTcwNzc0NDIzMw@@._V1_SX300.jpg
73042,https://m.media-amazon.com/images/M/MV5BZThmMzJhNmUtNDYyMS00MjBjLWE3NTEtNjAzMjhlNTlkMGRiXkEyXkFqcGc@._V1_SX300.jpg
73106,https://m.media-amazon.com/images/M/MV5BZTZiOTQ2MGUtMDk3Mi00NmUzLWJmMGYtZmE1MzFiNDU4NjM2XkEyXkFqcGdeQXVyMTY5Nzc4MDY@._V1_SX300.jpg
73160,https://m.media-amazon.com/images/M/MV5BZGQzM2Y4MGQtMzJiYS00YmNkLThjNTYtYzI5NTRiYWRmNjk5XkEyXkFqcGc@._V1_SX300.jpg
73211,https://m.media-amazon.com/images/M/MV5BOTVjYmNjYzEtNWY3NS00Nzk5LTg1YTUtNTNjNzNiNDVmZTcxXkEyXkFqcGc@._V1_SX300.jpg
73266,https://m.media-amazon.com/images/M/MV5BMjE3NTkxODUwOV5BMl5BanBnXkFtZTcwMjE4NjI5Mg@@._V1_SX300.jpg
73268,https://m.media-amazon.com/images/M/MV5BNzg3NDYyMDU4Nl5BMl5BanBnXkFtZTcwODA5NzA5Mg@@._V1_SX300.jpg
73290,https://m.media-amazon.com/images/M/MV5BNTU5NjYyYTgtZGQ3My00MzRhLThjNGYtZmVjN2JjYjhkMjhhXkEyXkFqcGc@._V1_SX300.jpg
73319,https://m.media-amazon.com/images/M/MV5BMTgzMTQ2MDQxMF5BMl5BanBnXkFtZTcwODEzOTg5Mg@@._V1_SX300.jpg
73321,https://m.media-amazon.com/images/M/MV5BZjk4N2U2YTAtNWEzZC00N2VmLTlkNDctMjg5YjI4OTExZTFhXkEyXkFqcGc@._V1_SX300.jpg
73323,https://m.media-amazon.com/images/M/MV5BMTk0NTY3NjMwOV5BMl5BanBnXkFtZTcwNTI1MjQwNA@@._V1_SX300.jpg
73344,https://m.media-amazon.com/images/M/MV5BMTUyMjQ1MTY5OV5BMl5BanBnXkFtZTcwNzY5NjExMw@@._V1_SX300.jpg
73386,https://m.media-amazon.com/images/M/MV5BMzA3OTMzMTMzOF5BMl5BanBnXkFtZTcwNjE4NzI5Mg@@._V1_SX300.jpg
73431,https://m.media-amazon.com/images/M/MV5BZTgzZjg4NGUtOTZmZi00OGE0LWJiZjctZjNhZjYxYWUxOWM3XkEyXkFqcGc@._V1_SX300.jpg
73488,https://m.media-amazon.com/images/M/MV5BMWM2YjRhN2QtNjI2Zi00ZTBmLTg5MjItMWJlZDdhYWNjZDQ0XkEyXkFqcGc@._V1_SX300.jpg
73499,https://m.media-amazon.com/images/M/MV5BNDQ5NTBhYTUtNTUwOS00NTkyLWI5NjQtMTliNzk1YzQ1NzM4XkEyXkFqcGc@._V1_SX300.jpg
73501,https://m.media-amazon.com/images/M/MV5BZTQzYTVkYzQtZjM3OC00ZDFmLWFiNTUtYjRhMTI5NjNlZGM2XkEyXkFqcGdeQXVyMDEwNzQ5MA@@._V1_SX300.jpg
73515,https://m.media-amazon.com/images/M/MV5BMTg3MDA1NDEwMV5BMl5BanBnXkFtZTcwOTU4MzIzMg@@._V1_SX300.jpg
73569,https://m.media-amazon.com/images/M/MV5BYzQzYTljNGMtNjgwYy00MTFlLWFhNjktMDk2NDI5ZGIwYjA3XkEyXkFqcGc@._V1_SX300.jpg
73676,https://m.media-amazon.com/images/M/MV5BZTk1ZjQyZjMtOTgxYy00YmUyLWE3MGYtY2Y4MDdjY2MzODAxXkEyXkFqcGc@._V1_SX300.jpg
73681,https://m.media-amazon.com/images/M/MV5BMjM2YTFjMDctZWRmZS00NTM5LThhODUtYWZiN2I4M2JjOWQ0XkEyXkFqcGc@._V1_SX300.jpg
73741,https://m.media-amazon.com/images/M/MV5BN2QwZjVkYmUtNDA1Mi00NDA0LThjYWUtOTUxYWM2NDI4MjVmXkEyXkFqcGc@._V1_SX300.jpg
73804,https://m.media-amazon.com/images/M/MV5BMDk0ZTU1NzctMjQ0My00NDI3LTkyYTMtOGY5YTYwYjMxYWFiXkEyXkFqcGc@._V1_SX300.jpg
73808,https://m.media-amazon.com/images/M/MV5BOTY3ODRkMWMtOTM2MS00NWFlLThmNzUtMmU3MDRjYzg5ZGM1XkEyXkFqcGc@._V1_SX300.jpg
73822,https://m.media-amazon.com/images/M/MV5BYzA2YmE2NmMtZTgxYi00ZjcyLThhZjEtYjM5ZDRmNjgyMDY4XkEyXkFqcGc@._V1_SX300.jpg
73854,https://m.media-amazon.com/images/M/MV5BZGZmNDZjYjktMDA5OC00NDljLWEyNWQtOWViOTFkZjAyMTVjXkEyXkFqcGc@._V1_SX300.jpg
73858,https://m.media-amazon.com/images/M/MV5BMTc3MTQ1MjM1MV5BMl5BanBnXkFtZTcwNDQ1MjE2MQ@@._V1_SX300.jpg
73876,https://m.media-amazon.com/images/M/MV5BMjE2MDA1MzgwMl5BMl5BanBnXkFtZTcwODg4NzAzMQ@@._V1_SX300.jpg
73881,https://m.media-amazon.com/images/M/MV5BNzc4ZWQ3NmYtODE0Ny00YTQ4LTlkZWItNTBkMGQ0MmUwMmJlXkEyXkFqcGc@._V1_SX300.jpg
73929,https://m.media-amazon.com/images/M/MV5BMTMzNDg4NjYxOV5BMl5BanBnXkFtZTcwODQyNDg3Mg@@._V1_SX300.jpg
74075,https://m.media-amazon.com/images/M/MV5BNTA3OTUwMDQzOF5BMl5BanBnXkFtZTcwNjU3NzI5Mg@@._V1_SX300.jpg
74089,https://m.media-amazon.com/images/M/MV5BMTIxMTc3MzQyNl5BMl5BanBnXkFtZTYwOTM4NDU5._V1_SX300.jpg
74095,https://m.media-amazon.com/images/M/MV5BZjgxNWVhZjEtMzJiZC00MTA0LWI3MzYtNGU1YWVlODJkODhjXkEyXkFqcGc@._V1_SX300.jpg
74154,https://m.media-amazon.com/images/M/MV5BZWQ1Y2NmNzctYmQzYS00ZThiLTg1OGYtNzdmMjAwMWQ2MTgxXkEyXkFqcGc@._V1_SX300.jpg
74226,https://m.media-amazon.com/images/M/MV5BNTJkZjRmZTItYTU1Ni00YWQ2LWEyZjUtZGViMmRmZjkwMTM3XkEyXkFqcGdeQXVyMTA0MjU0Ng@@._V1_SX300.jpg
74228,https://m.media-amazon.com/images/M/MV5BNzU3ZDA2MmUtYzFhMS00OGYyLWI3MDgtNDI4Zjg2YmRkNGYzXkEyXkFqcGc@._V1_SX300.jpg
74275,https://m.media-amazon.com/images/M/MV5BNmE1ZDQwNGUtYTIwOS00YmRiLTllOGItNjBiNDNhMmJmNWQ4XkEyXkFqcGc@._V1_SX300.jpg
74282,https://m.media-amazon.com/images/M/MV5BOTg3ZDhiZWUtMzFjOS00N2VkLThhMGYtZDNhZDZjOWE3MjYxXkEyXkFqcGc@._V1_SX300.jpg
74324,https://m.media-amazon.com/images/M/MV5BMjQwOTQ4NDk5OF5BMl5BanBnXkFtZTcwNzM0Mjk3Mw@@._V1_SX300.jpg
74342,https://m.media-amazon.com/images/M/MV5BYTI5YWJkN2YtNzRiZi00ZmQ4LWIxZGUtNjU3NzYyOGQ5YzMxXkEyXkFqcGc@._V1_SX300.jpg
74370,https://m.media-amazon.com/images/M/MV5BMTAxMDAxODg5ODReQTJeQWpwZ15BbWU3MDI5ODYxODI@._V1_SX300.jpg
74450,https://m.media-amazon.com/images/M/MV5BMTk3MTIwNDIxNF5BMl5BanBnXkFtZTcwMDMyMzcwMw@@._V1_SX300.jpg
74452,https://m.media-amazon.com/images/M/MV5BMTI4OTVlZGItNjAzNi00OTg2LWI4MTAtOTZhMDNhY2UwOGVhXkEyXkFqcGc@._V1_SX300.jpg
74458,https://m.media-amazon.com/images/M/MV5BN2FjNWExYzEtY2YzOC00YjNlLTllMTQtNmIwM2Q1YzBhOWM1XkEyXkFqcGc@._V1_SX300.jpg
74508,https://m.media-amazon.com/images/M/MV5BYTVlNjgzNTctYzQ5NC00ZmQ0LTllYmQtYmY1ZjQyYTJhNTQxXkEyXkFqcGc@._V1_SX300.jpg
74510,https://m.media-amazon.com/images/M/MV5BMjI0MjIxMDIwNF5BMl5BanBnXkFtZTcwODk5MDc1Mw@@._V1_SX300.jpg
74530,https://m.media-amazon.com/images/M/MV5BZDE4M2ZiYzEtODJiZC00NmI1LWFlNTgtOGJlNTY3NmExYWNjXkEyXkFqcGc@._V1_SX300.jpg
74532,https://m.media-amazon.com/images/M/MV5BMTk0NzcxMjYwNF5BMl5BanBnXkFtZTcwMTI4MTIxMw@@._V1_SX300.jpg
74545,https://m.media-amazon.com/images/M/MV5BMTI3NzMwMzkyNV5BMl5BanBnXkFtZTcwODk4NjQxMw@@._V1_SX300.jpg
74553,https://m.media-amazon.com/images/M/MV5BMjEzMjEzNTIzOF5BMl5BanBnXkFtZTcwMTg2MjAyMw@@._V1_SX300.jpg
74580,https://m.media-amazon.com/images/M/MV5BMTI5MjEzMjM4N15BMl5BanBnXkFtZTcwODc0ODEwMw@@._V1_SX300.jpg
74624,https://m.media-amazon.com/images/M/MV5BMzFkMjcyMTMtYWNhYy00ZjY3LWFkZjEtMDk3NjUwNTgzYzUyXkEyXkFqcGc@._V1_SX300.jpg
74647,https://m.media-amazon.com/images/M/MV5BMTk0OTYwOTA2Ml5BMl5BanBnXkFtZTcwNDgxOTg3Mg@@._V1_SX300.jpg
74668,https://m.media-amazon.com/images/M/MV5BOTBiMTUyNmMtYWU1NS00MDdmLThhZmUtNGM1MWJiMGM4NDYwXkEyXkFqcGc@._V1_SX300.jpg
74677,https://m.media-amazon.com/images/M/MV5BMTM0MzM2MjU0N15BMl5BanBnXkFtZTcwMDIyMDcxMw@@._V1_SX300.jpg
74683,https://m.media-amazon.com/images/M/MV5BMzhiYWNjZGYtMDNmMy00YzgxLTg1ZWYtNGMwZGM3Y2MxYTgxXkEyXkFqcGc@._V1_SX300.jpg
74685,https://m.media-amazon.com/images/M/MV5BMjAzMDU5OTg0NV5BMl5BanBnXkFtZTcwNDQ4MjcwMw@@._V1_SX300.jpg
74688,https://m.media-amazon.com/images/M/MV5BMTk1NDEzMTU5NV5BMl5BanBnXkFtZTcwNTI3MTk5Mg@@._V1_SX300.jpg
74696,https://m.media-amazon.com/images/M/MV5BMjA0MzQ1ODI0Ml5BMl5BanBnXkFtZTcwNDgyOTE2Mw@@._V1_SX300.jpg
74698,https://m.media-amazon.com/images/M/MV5BMTQ4NjQzMjQxNF5BMl5BanBnXkFtZTcwNTEzMDY4Mg@@._V1_SX300.jpg
74727,https://m.media-amazon.com/images/M/MV5BNzZiMDI5MGQtOGZhYS00ZjhkLWIzMTQtNjNhOGRhZmYwYjE2XkEyXkFqcGc@._V1_SX300.jpg
74750,https://m.media-amazon.com/images/M/MV5BMTI4MjQ1MDE1MV5BMl5BanBnXkFtZTcwNzIxMDk0Mw@@._V1_SX300.jpg
74754,https://m.media-amazon.com/images/M/MV5BYmNkMThiODYtZTAzMC00ODJkLTg5MmEtMWIyMGFlZDlkYmNlXkEyXkFqcGc@._V1_SX300.jpg
74789,https://m.media-amazon.com/images/M/MV5BYjgxMTQ3NjMtOTI1Yy00Yzg4LWJlNWQtMjFkNjVlYjU0OWIyXkEyXkFqcGc@._V1_SX300.jpg
74791,https://m.media-amazon.com/images/M/MV5BMjEyODIyMzU1OF5BMl5BanBnXkFtZTcwNzg3OTQwMw@@._V1_SX300.jpg
74795,https://m.media-amazon.com/images/M/MV5BMTYzMTA1NDMyNV5BMl5BanBnXkFtZTcwMzUwODY5Mg@@._V1_SX300.jpg
74851,https://m.media-amazon.com/images/M/MV5BNThhNDcyYjktNTNkOC00NDFmLTkyMjAtNGU2NjYyY2ZlMjBhXkEyXkFqcGc@._V1_SX300.jpg
74868,https://m.media-amazon.com/images/M/MV5BMTY5ODc1NjU5N15BMl5BanBnXkFtZTcwMTUyNDg3Mg@@._V1_SX300.jpg
74916,https://m.media-amazon.com/images/M/MV5BMTU4MzY4OTY0NF5BMl5BanBnXkFtZTcwOTc3OTQwMw@@._V1_SX300.jpg
74946,https://m.media-amazon.com/images/M/MV5BMTkwMTY5ODA1MF5BMl5BanBnXkFtZTcwODYyNzAxMw@@._V1_SX300.jpg
74948,https://m.media-amazon.com/images/M/MV5BMTM5NjE2NzI2Ml5BMl5BanBnXkFtZTcwNDY0ODUyMw@@._V1_SX300.jpg
75341,https://m.media-amazon.com/images/M/MV5BOTA4MTg1ODkwNF5BMl5BanBnXkFtZTcwMzE5ODAxMw@@._V1_SX300.jpg
75389,https://m.media-amazon.com/images/M/MV5BOTY3MzgxMDAtZjY1NS00ZTY0LWJmN2ItOGM4YzMzOGY3ZGJjXkEyXkFqcGc@._V1_SX300.jpg
75395,https://m.media-amazon.com/images/M/MV5BMTc5MTg0ODgxMF5BMl5BanBnXkFtZTcwODEzOTYwMw@@._V1_SX300.jpg
75416,https://m.media-amazon.com/images/M/MV5BOWVkMTcwNmQtMjllMi00MDE4LWE1M2ItNmQ2NTZjMGUyNzhlXkEyXkFqcGc@._V1_SX300.jpg
75446,https://m.media-amazon.com/images/M/MV5BMTgxOTM0NjcyOV5BMl5BanBnXkFtZTcwMDE0MDAwMg@@._V1_SX300.jpg
75803,https://m.media-amazon.com/images/M/MV5BMTI4MDU1MzY3N15BMl5BanBnXkFtZTcwNTYzMTUxMw@@._V1_SX300.jpg
75805,https://m.media-amazon.com/images/M/MV5BMTUwNjY4MjY0MV5BMl5BanBnXkFtZTcwNTA2OTYwMw@@._V1_SX300.jpg
75813,https://m.media-amazon.com/images/M/MV5BMjI1MzE2ODI1NV5BMl5BanBnXkFtZTcwNDkwNzAyMw@@._V1_SX300.jpg
75816,https://m.media-amazon.com/images/M/MV5BMTkyOTEwNjg0M15BMl5BanBnXkFtZTcwNDI4NDA5Mg@@._V1_SX300.jpg
75947,https://m.media-amazon.com/images/M/MV5BM2Q3MDJlMWMtMzYzZC00NTMzLThhOTAtMWExYmFhOTc0M2Q5XkEyXkFqcGc@._V1_SX300.jpg
75985,https://m.media-amazon.com/images/M/MV5BMjA4MTUxODM0MV5BMl5BanBnXkFtZTcwMDg3MTgwMw@@._V1_SX300.jpg
76030,https://m.media-amazon.com/images/M/MV5BNTA4NDUyOTE5NV5BMl5BanBnXkFtZTcwOTQ3NzY3Mw@@._V1_SX300.jpg
76054,https://m.media-amazon.com/images/M/MV5BYTkxYjE1NzAtNDJiZC00YWRmLWEwMjEtNWQzZWUyNjFiYzI2XkEyXkFqcGc@._V1_SX300.jpg
76060,https://m.media-amazon.com/images/M/MV5BMTkyODk2NTU3OV5BMl5BanBnXkFtZTcwNjM5OTIwMw@@._V1_SX300.jpg
76077,https://m.media-amazon.com/images/M/MV5BMTQwMjExODA4Ml5BMl5BanBnXkFtZTcwNTYwMDYxMw@@._V1_SX300.jpg
76091,https://m.media-amazon.com/images/M/MV5BMTQzMTg0NDA1M15BMl5BanBnXkFtZTgwODUzMTE0MjE@._V1_SX300.jpg
76093,https://m.media-amazon.com/images/M/MV5BMjA5NDQyMjc2NF5BMl5BanBnXkFtZTcwMjg5ODcyMw@@._V1_SX300.jpg
76143,https://m.media-amazon.com/images/M/MV5BN2I1OGNkMjAtMmE5Ny00NDc4LWFmZjAtYzAxM2Y0NDIzYjUzXkEyXkFqcGc@._V1_SX300.jpg
76173,https://m.media-amazon.com/images/M/MV5BMTgwOTc4OTk3NV5BMl5BanBnXkFtZTcwMzc0MjMzMw@@._V1_SX300.jpg
76175,https://m.media-amazon.com/images/M/MV5BMTYxNjg4MzU5OV5BMl5BanBnXkFtZTcwOTA3NTUwMw@@._V1_SX300.jpg
76251,https://m.media-amazon.com/images/M/MV5BMTMzNzEzMDYxM15BMl5BanBnXkFtZTcwMTc0NTMxMw@@._V1_SX300.jpg
76293,https://m.media-amazon.com/images/M/MV5BYjVjMzIyZTgtMjQwZS00ODA1LTllY2YtZDhkNjA1OTQ3NjliXkEyXkFqcGc@._V1_SX300.jpg
76301,https://m.media-amazon.com/images/M/MV5BMTQ5NjQyOTU2MF5BMl5BanBnXkFtZTcwOTU0NjMzMQ@@._V1_SX300.jpg
76738,https://m.media-amazon.com/images/M/MV5BMTM4NDAxMjc4NF5BMl5BanBnXkFtZTcwOTg0OTAxNA@@._V1_SX300.jpg
76743,https://m.media-amazon.com/images/M/MV5BYmFiNWM0ZTktNGZlYi00NDg4LTg5NTctMGYwNzlmZjc5NjdmXkEyXkFqcGc@._V1_SX300.jpg
76751,https://m.media-amazon.com/images/M/MV5BMTY3NjM2NjM0MF5BMl5BanBnXkFtZTcwNjE0MTM1MQ@@._V1_SX300.jpg
76763,https://m.media-amazon.com/images/M/MV5BMTI3Nzc2ODI4NV5BMl5BanBnXkFtZTcwMzkxNDMyMw@@._V1_SX300.jpg
77177,https://m.media-amazon.com/images/M/MV5BYTM5NjQwN2ItOWIzMi00NTkwLWI3ZDUtYjQwYjI3ODJkNzQ5XkEyXkFqcGc@._V1_SX300.jpg
77191,https://m.media-amazon.com/images/M/MV5BMTYzMDQxODE0NF5BMl5BanBnXkFtZTcwODE0MDk0Mw@@._V1_SX300.jpg
77201,https://m.media-amazon.com/images/M/MV5BNzA0MDE5OTI3N15BMl5BanBnXkFtZTcwMzk3MjE2Mw@@._V1_SX300.jpg
77206,https://m.media-amazon.com/images/M/MV5BMTg3NzQ2NDgyNF5BMl5BanBnXkFtZTcwMDc1NzIyMw@@._V1_SX300.jpg
77233,https://m.media-amazon.com/images/M/MV5BMTYyNjk5NDI1NV5BMl5BanBnXkFtZTcwOTk1NDU0NA@@._V1_SX300.jpg
77266,https://m.media-amazon.com/images/M/MV5BYzJjOWVjMDQtNmI4OC00OGViLWEyNzYtNTllMzc2OTE3NjM3XkEyXkFqcGc@._V1_SX300.jpg
77364,https://m.media-amazon.com/images/M/MV5BMjU3MTU0NDI4Nl5BMl5BanBnXkFtZTcwMTE0NDMyMw@@._V1_SX300.jpg
77414,https://m.media-amazon.com/images/M/MV5BMjA5NjM5MDA0M15BMl5BanBnXkFtZTcwMjg2NzQwMw@@._V1_SX300.jpg
77421,https://m.media-amazon.com/images/M/MV5BMjA1MDU4NzUwMF5BMl5BanBnXkFtZTcwOTM4MDgzMw@@._V1_SX300.jpg
77427,https://m.media-amazon.com/images/M/MV5BMTY4Nzk3NzYxOF5BMl5BanBnXkFtZTcwODQwNjQzMw@@._V1_SX300.jpg
77455,https://m.media-amazon.com/images/M/MV5BMjE2NTg1NDM4Ml5BMl5BanBnXkFtZTcwMzMxOTkyMw@@._V1_SX300.jpg
77561,https://m.media-amazon.com/images/M/MV5BYWYyOGQzOGYtMGQ1My00ZWYxLTgzZjktZWYzN2IwYjkxYzM0XkEyXkFqcGc@._V1_SX300.jpg
77667,https://m.media-amazon.com/images/M/MV5BMjE4MDY1ODY5Nl5BMl5BanBnXkFtZTcwNjgzMTEzMw@@._V1_SX300.jpg
77688,https://m.media-amazon.com/images/M/MV5BYTMxMWRmOGYtMTg4OS00NTI2LWE3NDAtYmIzOGUyNjRlYzVjXkEyXkFqcGc@._V1_SX300.jpg
77709,https://m.media-amazon.com/images/M/MV5BMWFlOGQwMTYtNmQwMi00OGQzLWE3YmUtNzVjZmEzYmViYTFjXkEyXkFqcGc@._V1_SX300.jpg
77795,https://m.media-amazon.com/images/M/MV5BNzUyOTgwMTA0MV5BMl5BanBnXkFtZTcwNTMwOTYyMw@@._V1_SX300.jpg
77798,https://m.media-amazon.com/images/M/MV5BODIxMTQ0NTIxM15BMl5BanBnXkFtZTcwMzY1NDAyMw@@._V1_SX300.jpg
77800,https://m.media-amazon.com/images/M/MV5BMTczNDQxNzI0NF5BMl5BanBnXkFtZTcwNDM0NzEwNA@@._V1_SX300.jpg
77841,https://m.media-amazon.com/images/M/MV5BMmQyMzM2MDktYzg0MS00YjFhLWEzNDktZDU5ZWY0M2M2YjNjXkEyXkFqcGc@._V1_SX300.jpg
77846,https://m.media-amazon.com/images/M/MV5BMjc5MzIyYWUtMzdiZS00ZDVmLWEyYjMtZjljYWJkNmJmY2MyXkEyXkFqcGc@._V1_SX300.jpg
77866,https://m.media-amazon.com/images/M/MV5BMTM5NzcwMzEwOF5BMl5BanBnXkFtZTcwNjg5MTgwMw@@._V1_SX300.jpg
77881,https://m.media-amazon.com/images/M/MV5BNmExYzY5OTAtNWMzNi00ZTJhLWE1ZTItZTEzZWQ2Y2ZhZGUzXkEyXkFqcGdeQXVyMjI0MjMwMzQ@._V1_SX300.jpg
77893,https://m.media-amazon.com/images/M/MV5BMTc4NDM3MDg4OV5BMl5BanBnXkFtZTcwNTM3ODc4Mg@@._V1_SX300.jpg
77931,https://m.media-amazon.com/images/M/MV5BMTU1ODc4NjY4MF5BMl5BanBnXkFtZTcwODYzNTM4Ng@@._V1_SX300.jpg
78034,https://m.media-amazon.com/images/M/MV5BMTQ1MjA2NzIwMF5BMl5BanBnXkFtZTcwMzUyMjcyMw@@._V1_SX300.jpg
78039,https://m.media-amazon.com/images/M/MV5BMTU4MTQ2MzA1Ml5BMl5BanBnXkFtZTcwODE3NTgwNA@@._V1_SX300.jpg
78041,https://m.media-amazon.com/images/M/MV5BMTU0NDIwOTcwOV5BMl5BanBnXkFtZTcwNjU3NTQ0Mw@@._V1_SX300.jpg
78088,https://m.media-amazon.com/images/M/MV5BOGMxNjMyM2QtMjk4Ni00YmJhLTkwYmQtNjUwNjViNzI0ZTE1XkEyXkFqcGc@._V1_SX300.jpg
78103,https://m.media-amazon.com/images/M/MV5BMTMzODE0NTI5N15BMl5BanBnXkFtZTcwMzUwNDU1Mg@@._V1_SX300.jpg
78105,https://m.media-amazon.com/images/M/MV5BMTMwNDg0NzcyMV5BMl5BanBnXkFtZTcwNjg4MjQyMw@@._V1_SX300.jpg
78116,https://m.media-amazon.com/images/M/MV5BNTczOTAxOTMyM15BMl5BanBnXkFtZTcwMTgyNTIyMw@@._V1_SX300.jpg
78142,https://m.media-amazon.com/images/M/MV5BMTk0NjMwMjE1Nl5BMl5BanBnXkFtZTcwOTYyMDc5Mg@@._V1_SX300.jpg
78160,https://m.media-amazon.com/images/M/MV5BMTg3ODA5MTE2Ml5BMl5BanBnXkFtZTcwMzU2MTMyMQ@@._V1_SX300.jpg
78174,https://m.media-amazon.com/images/M/MV5BMTM3OTUyNTI3MF5BMl5BanBnXkFtZTcwODcyMzM0Mw@@._V1_SX300.jpg
78209,https://m.media-amazon.com/images/M/MV5BMjIyMzQ0MjExNV5BMl5BanBnXkFtZTcwMzkyMzgxMw@@._V1_SX300.jpg
78218,https://m.media-amazon.com/images/M/MV5BMTg4MTc3OTI4Nl5BMl5BanBnXkFtZTgwNDQyNjcxMTE@._V1_SX300.jpg
78264,https://m.media-amazon.com/images/M/MV5BN2I2ZjczYjQtMDYxYS00NDc5LThhMjAtNDE3ZTg4OTUwNzc4XkEyXkFqcGc@._V1_SX300.jpg
78266,https://m.media-amazon.com/images/M/MV5BMjEwODQ0MjI2OV5BMl5BanBnXkFtZTcwMTA4MjQ0Mw@@._V1_SX300.jpg
78316,https://m.media-amazon.com/images/M/MV5BMjg0OTU0NDYwNF5BMl5BanBnXkFtZTcwNzUwNTMyMw@@._V1_SX300.jpg
78349,https://m.media-amazon.com/images/M/MV5BNDg2NzM2NzIwNF5BMl5BanBnXkFtZTcwODE2ODc1Mg@@._V1_SX300.jpg
78467,https://m.media-amazon.com/images/M/MV5BMTQ2NzYxNjQyMF5BMl5BanBnXkFtZTcwOTQ0OTI0Mw@@._V1_SX300.jpg
78469,https://m.media-amazon.com/images/M/MV5BMTc4ODc4NTQ1N15BMl5BanBnXkFtZTcwNDUxODUyMw@@._V1_SX300.jpg
78499,https://m.media-amazon.com/images/M/MV5BMTgxOTY4Mjc0MF5BMl5BanBnXkFtZTcwNTA4MDQyMw@@._V1_SX300.jpg
78544,https://m.media-amazon.com/images/M/MV5BMTIyODg1ODM3NF5BMl5BanBnXkFtZTcwMjA1OTM0MQ@@._V1_SX300.jpg
78574,https://m.media-amazon.com/images/M/MV5BMjA0OTM3MDMxNF5BMl5BanBnXkFtZTcwMDY1MjI0Mw@@._V1_SX300.jpg
78620,https://m.media-amazon.com/images/M/MV5BMzNkYjY2YjYtYzYzYi00NjM5LTk4YmEtMmRiZjE4YWU3NTRmXkEyXkFqcGc@._V1_SX300.jpg
78626,https://m.media-amazon.com/images/M/MV5BMmFlNDk2MGYtNjJmNS00ZDA2LWI3M2EtMzA1MzI5NDU2NTFiXkEyXkFqcGc@._V1_SX300.jpg
78637,https://m.media-amazon.com/images/M/MV5BMTY0OTU1NzkxMl5BMl5BanBnXkFtZTcwMzI2NDUzMw@@._V1_SX300.jpg
78703,https://m.media-amazon.com/images/M/MV5BMTU0NTkxMjUwM15BMl5BanBnXkFtZTcwNDEyMzI0Mw@@._V1_SX300.jpg
78746,https://m.media-amazon.com/images/M/MV5BMTQ1NjE1MjYzNF5BMl5BanBnXkFtZTcwMDU0MDczMw@@._V1_SX300.jpg
78772,https://m.media-amazon.com/images/M/MV5BNDMwNjAzNzYwOF5BMl5BanBnXkFtZTcwMDY5NzcyMw@@._V1_SX300.jpg
78836,https://m.media-amazon.com/images/M/MV5BZmUyYjM1YjUtYTVhZC00YzYwLThiYTMtZjE3ZmZmNzA2NDA4XkEyXkFqcGc@._V1_SX300.jpg
78893,https://m.media-amazon.com/images/M/MV5BMTM1NjE0NDA0MV5BMl5BanBnXkFtZTcwODE4NDg1Mw@@._V1_SX300.jpg
78959,https://m.media-amazon.com/images/M/MV5BMTMxNTAwNDM0OV5BMl5BanBnXkFtZTcwMDc3Mjc5Mg@@._V1_SX300.jpg
79006,https://m.media-amazon.com/images/M/MV5BNTk1YjE1ZmYtZjY1MS00M2NlLTk0MjUtYjQ1MDBjYmZhNzQwXkEyXkFqcGdeQXVyNTAyODkwOQ@@._V1_SX300.jpg
79008,https://m.media-amazon.com/images/M/MV5BMTA4MTQxMTkwMDleQTJeQWpwZ15BbWU4MDk5ODIwNjAx._V1_SX300.jpg
79057,https://m.media-amazon.com/images/M/MV5BODNhMWY0MDQtNjgwZC00YjM3LWEwMDItMWM3MTg4ZjA5ODgwXkEyXkFqcGc@._V1_SX300.jpg
79073,https://m.media-amazon.com/images/M/MV5BMTg1NjQ3OTQwOF5BMl5BanBnXkFtZTcwMDE5NTgyMw@@._V1_SX300.jpg
79091,https://m.media-amazon.com/images/M/MV5BMTY3NjY0MTQ0Nl5BMl5BanBnXkFtZTcwMzQ2MTc0Mw@@._V1_SX300.jpg
79132,https://m.media-amazon.com/images/M/MV5BMjAxMzY3NjcxNF5BMl5BanBnXkFtZTcwNTI5OTM0Mw@@._V1_SX300.jpg
79134,https://m.media-amazon.com/images/M/MV5BMjA0ODYwNzU5Nl5BMl5BanBnXkFtZTcwNTI1MTgxMw@@._V1_SX300.jpg
79139,https://m.media-amazon.com/images/M/MV5BM2Y0MGJhZTAtYjBkNS00MmM4LWJmOWYtNjQ3ZTFlMmRhZGY0XkEyXkFqcGc@._V1_SX300.jpg
79185,https://m.media-amazon.com/images/M/MV5BMTM0Mzg0MzI3Ml5BMl5BanBnXkFtZTcwNjIyNzk1Mw@@._V1_SX300.jpg
79224,https://m.media-amazon.com/images/M/MV5BMTQ0ODg3ODEyMF5BMl5BanBnXkFtZTcwNjI1MTgxMw@@._V1_SX300.jpg
79242,https://m.media-amazon.com/images/M/MV5BMjE4NTMwNDg5MF5BMl5BanBnXkFtZTcwNDY2ODE0Mw@@._V1_SX300.jpg
79251,https://m.media-amazon.com/images/M/MV5BMTU2NzI3OTk4M15BMl5BanBnXkFtZTcwMTEyNzIxNA@@._V1_SX300.jpg
79259,https://m.media-amazon.com/images/M/MV5BMTM4MTE1NDQ5M15BMl5BanBnXkFtZTcwMjEwOTM0Mg@@._V1_SX300.jpg
79274,https://m.media-amazon.com/images/M/MV5BNmY4ZDZjY2UtOWFiYy00MjhjLThmMjctOTQ2NjYxZGRjYmNlL2ltYWdlL2ltYWdlXkEyXkFqcGdeQXVyNTAyODkwOQ@@._V1_SX300.jpg
79293,https://m.media-amazon.com/images/M/MV5BMjIyODA2NDg4NV5BMl5BanBnXkFtZTcwMjg4NDAwMw@@._V1_SX300.jpg
79299,https://m.media-amazon.com/images/M/MV5BMTU4MDgzNjM2OF5BMl5BanBnXkFtZTcwNTQ4NzM0Mg@@._V1_SX300.jpg
79333,https://m.media-amazon.com/images/M/MV5BOGUxOWJjOGYtZjJjYy00MTdlLWJmNzItMzVkZjcxN2MyNTg1XkEyXkFqcGc@._V1_SX300.jpg
79357,https://m.media-amazon.com/images/M/MV5BMTg4ODkzMDQ3Nl5BMl5BanBnXkFtZTgwNTEwMTkxMDE@._V1_SX300.jpg
79428,https://m.media-amazon.com/images/M/MV5BOTk5MTYzNTIyMl5BMl5BanBnXkFtZTcwOTM3MTQ2Mw@@._V1_SX300.jpg
79501,https://m.media-amazon.com/images/M/MV5BODZjMTIwYWEtYTIzOC00NTk4LWJlMGMtMTdjMmE2NWFhOTg5XkEyXkFqcGc@._V1_SX300.jpg
79536,https://m.media-amazon.com/images/M/MV5BMjIxOTM1NjkzMl5BMl5BanBnXkFtZTgwNTQ2MzI2MDE@._V1_SX300.jpg
79553,https://m.media-amazon.com/images/M/MV5BYzEzYTBmYjgtNjQzMi00YmNiLTkyZGItOGFhMzEzOWY3MjI4XkEyXkFqcGc@._V1_SX300.jpg
79572,https://m.media-amazon.com/images/M/MV5BMTk4MTU0MTczM15BMl5BanBnXkFtZTcwNjYzOTI0Mw@@._V1_SX300.jpg
79590,https://m.media-amazon.com/images/M/MV5BMGVmMjg5MWItZjkxMi00ZTE3LTkzYmUtZjBiNDJkYWIzZjliXkEyXkFqcGc@._V1_SX300.jpg
79592,https://m.media-amazon.com/images/M/MV5BODU1OTY5ZTYtNWQ0MC00ZWE1LTkyYjEtZTI2ODM1ZGE2MjBkXkEyXkFqcGc@._V1_SX300.jpg
79677,
79684,https://m.media-amazon.com/images/M/MV5BMTExODM1MDI4MDVeQTJeQWpwZ15BbWU3MDQzMjc1MzM@._V1_SX300.jpg
79695,https://m.media-amazon.com/images/M/MV5BNTUwODQyNjM0NF5BMl5BanBnXkFtZTcwNDMwMTU1Mw@@._V1_SX300.jpg
79702,https://m.media-amazon.com/images/M/MV5BNTA5ZWMwNmYtNWI1ZS00NDRlLTkxNzktMzdhZDU2ZDhjNDJmXkEyXkFqcGc@._V1_SX300.jpg
79798,https://m.media-amazon.com/images/M/MV5BZTk4Yjk5NDUtZjE0OC00YTZhLThiMGItMTAwYTVjNDFmZmRjXkEyXkFqcGc@._V1_SX300.jpg
79868,https://m.media-amazon.com/images/M/MV5BMTUxMzgyNjUwNF5BMl5BanBnXkFtZTcwMDE1NzEwNA@@._V1_SX300.jpg
79879,https://m.media-amazon.com/images/M/MV5BMTU3NDg2NTY4Nl5BMl5BanBnXkFtZTcwMTM0OTE3Mw@@._V1_SX300.jpg
79895,https://m.media-amazon.com/images/M/MV5BNjQ5YThjMWEtZGU2NC00OGM5LTljOGEtYzhiYjI3MWFjN2EzXkEyXkFqcGc@._V1_SX300.jpg
79897,https://m.media-amazon.com/images/M/MV5BMTY3MjUxNDUwNl5BMl5BanBnXkFtZTcwNzk1NDk1Mw@@._V1_SX300.jpg
79946,https://m.media-amazon.com/images/M/MV5BMTUyNzkzNTIyOV5BMl5BanBnXkFtZTcwOTUxMDEyMw@@._V1_SX300.jpg
80083,https://m.media-amazon.com/images/M/MV5BNDliM2QwMmQtNGYwZi00ZjkyLWFjMDYtOTdhZjA2Y2M0ZWJkXkEyXkFqcGc@._V1_SX300.jpg
80094,https://m.media-amazon.com/images/M/MV5BNDc4Mjk2MjA0NF5BMl5BanBnXkFtZTcwMzMyNjQ3Mw@@._V1_SX300.jpg
80124,https://m.media-amazon.com/images/M/MV5BMTEzNmMwMDEtZTdkZS00ZTQ3LTllYjktNGRlMmYzZmYzMDUyXkEyXkFqcGc@._V1_SX300.jpg
80126,https://m.media-amazon.com/images/M/MV5BMjAxMDg1NDcxM15BMl5BanBnXkFtZTcwODc3MDg1Mw@@._V1_SX300.jpg
80139,https://m.media-amazon.com/images/M/MV5BODg4MTExNTY3M15BMl5BanBnXkFtZTcwMDEwMzU1MQ@@._V1_SX300.jpg
80162,https://m.media-amazon.com/images/M/MV5BZmI1OTRjNGUtMGVhOS00ODk1LWJkNDAtNjFhNmI5NjE0NmY3XkEyXkFqcGc@._V1_SX300.jpg
80166,https://m.media-amazon.com/images/M/MV5BODQ5ODc0MjU1N15BMl5BanBnXkFtZTcwMTc3NzcyMw@@._V1_SX300.jpg
80219,https://m.media-amazon.com/images/M/MV5BZTY0OTZmYTMtMjhmOC00NzM3LTk2Y2MtMDg1ODNlOTkyNTcwXkEyXkFqcGc@._V1_SX300.jpg
80241,https://m.media-amazon.com/images/M/MV5BMjQ1ODUyMjk5N15BMl5BanBnXkFtZTcwMjAxOTE2Mw@@._V1_SX300.jpg
80363,https://m.media-amazon.com/images/M/MV5BNTgyZmNmNjctMTdlNC00NjEzLWIwZjAtYzRmNGQzYWIzOGFmXkEyXkFqcGc@._V1_SX300.jpg
80454,https://m.media-amazon.com/images/M/MV5BNTI0MmJiZjYtNjQxMS00ZmUzLWI1YjYtZmVkZjAyMTcwNTA5XkEyXkFqcGc@._V1_SX300.jpg
80463,https://m.media-amazon.com/images/M/MV5BMjlkNTE5ZTUtNGEwNy00MGVhLThmZjMtZjU1NDE5Zjk1NDZkXkEyXkFqcGc@._V1_SX300.jpg
80478,https://m.media-amazon.com/images/M/MV5BZjZlYzAyOWUtN2Q2MC00ZDUzLTg0NzktMjAwY2U5NGU1NGJmXkEyXkFqcGc@._V1_SX300.jpg
80489,https://m.media-amazon.com/images/M/MV5BMTcyNzcxODg3Nl5BMl5BanBnXkFtZTcwMTUyNjQ3Mw@@._V1_SX300.jpg
80549,https://m.media-amazon.com/images/M/MV5BMjE1MzU1Mjg1OF5BMl5BanBnXkFtZTcwNDc3NDQ2Mw@@._V1_SX300.jpg
80551,https://m.media-amazon.com/images/M/MV5BMTY5NDkyNzkyM15BMl5BanBnXkFtZTcwNDQyNDk0Mw@@._V1_SX300.jpg
80553,https://m.media-amazon.com/images/M/MV5BMTU2MTMzNTMyM15BMl5BanBnXkFtZTcwOTMyMTY2Mw@@._V1_SX300.jpg
80572,https://m.media-amazon.com/images/M/MV5BNDdjNDNkZTYtY2Q5MS00NTBhLTljYjktOTI2NWYyNTgyNjg1XkEyXkFqcGc@._V1_SX300.jpg
80584,https://m.media-amazon.com/images/M/MV5BMTg1OTc2MTAyMl5BMl5BanBnXkFtZTcwNzQzMDUxMw@@._V1_SX300.jpg
80586,https://m.media-amazon.com/images/M/MV5BMTU2NjQ1Nzc4MF5BMl5BanBnXkFtZTcwNTM0NDk1Mw@@._V1_SX300.jpg
80590,https://m.media-amazon.com/images/M/MV5BMTU5MDEzMzYwMF5BMl5BanBnXkFtZTcwNTcwMjUxMw@@._V1_SX300.jpg
80615,https://m.media-amazon.com/images/M/MV5BMjE0NjA5OTA4N15BMl5BanBnXkFtZTcwODA3MTA3Mw@@._V1_SX300.jpg
80693,https://m.media-amazon.com/images/M/MV5BMTk0MTAyNjQ2N15BMl5BanBnXkFtZTcwNjYwOTU3Mw@@._V1_SX300.jpg
80727,https://m.media-amazon.com/images/M/MV5BMWQzN2Q3MzYtZTA4Mi00ODJmLWIzMTctZGYyMWU4NzMyMzdhXkEyXkFqcGc@._V1_SX300.jpg
80748,https://m.media-amazon.com/images/M/MV5BNzc1ZDcyODgtMWU1Yy00ODBiLTlhMmMtZTcxNmFjNTY0ZmM5XkEyXkFqcGc@._V1_SX300.jpg
80831,https://m.media-amazon.com/images/M/MV5BNDQ4MjQ4OTMwMF5BMl5BanBnXkFtZTcwOTYzNDc4Mw@@._V1_SX300.jpg
80834,https://m.media-amazon.com/images/M/MV5BMzc5NTUzNTgzMF5BMl5BanBnXkFtZTcwODcwMzQ5Mw@@._V1_SX300.jpg
80839,https://m.media-amazon.com/images/M/MV5BMTg0NDI2MTI0N15BMl5BanBnXkFtZTcwNjE4NzU1Mw@@._V1_SX300.jpg
80846,https://m.media-amazon.com/images/M/MV5BZDRmYWMzYjYtODkyMS00YWU4LWJkYzMtMWM1Y2M5YjFlZGZhXkEyXkFqcGc@._V1_SX300.jpg
80858,https://m.media-amazon.com/images/M/MV5BMTM5MzkyMDY0MV5BMl5BanBnXkFtZTcwNDkxNDc1Mw@@._V1_SX300.jpg
80860,https://m.media-amazon.com/images/M/MV5BMTc1OTQzNzE0Nl5BMl5BanBnXkFtZTcwNDU4NDk3Mw@@._V1_SX300.jpg
80862,https://m.media-amazon.com/images/M/MV5BYzk4M2RmODMtNDFiMS00YzJlLWEyNTItYzZmZmY4NzIwZjk2XkEyXkFqcGc@._V1_SX300.jpg
80864,https://m.media-amazon.com/images/M/MV5BMTkzOTI3MTE0OF5BMl5BanBnXkFtZTcwOTg3NDI3Mw@@._V1_SX300.jpg
80880,https://m.media-amazon.com/images/M/MV5BMTgxOTk4MDIyOF5BMl5BanBnXkFtZTcwMzI3Nzc3Mw@@._V1_SX300.jpg
80906,https://m.media-amazon.com/images/M/MV5BMTQ3MjkyODA2Nl5BMl5BanBnXkFtZTcwNzQxMTU4Mw@@._V1_SX300.jpg
80917,https://m.media-amazon.com/images/M/MV5BMjE4MzMyNjExMl5BMl5BanBnXkFtZTcwMzI5NjM3Mw@@._V1_SX300.jpg
80969,https://m.media-amazon.com/images/M/MV5BMTM3NDQ1MjE2OF5BMl5BanBnXkFtZTcwNDIxNTk2Mw@@._V1_SX300.jpg
81018,https://m.media-amazon.com/images/M/MV5BMTg0MjI4MTcxMF5BMl5BanBnXkFtZTcwNTQ1ODUwNA@@._V1_SX300.jpg
81087,https://m.media-amazon.com/images/M/MV5BMTY4NjIxNDc3Nl5BMl5BanBnXkFtZTcwNDc4NTk5Mw@@._V1_SX300.jpg
81132,https://m.media-amazon.com/images/M/MV5BZDE2NWYyZTQtZmUyZC00MjZhLTk4OGEtZDhmN2ZhMzVlNWU3XkEyXkFqcGc@._V1_SX300.jpg
81156,https://m.media-amazon.com/images/M/MV5BMjI3NTQ1NTE4OV5BMl5BanBnXkFtZTcwMzEzMzA3NA@@._V1_SX300.jpg
81158,https://m.media-amazon.com/images/M/MV5BMjIwNDAxMTY4Ml5BMl5BanBnXkFtZTcwMTUyMTQ1Mw@@._V1_SX300.jpg
81191,https://m.media-amazon.com/images/M/MV5BMTI3ODUxODE0M15BMl5BanBnXkFtZTcwODM0NzU0Mw@@._V1_SX300.jpg
81229,https://m.media-amazon.com/images/M/MV5BMzg2Mjg1OTk0NF5BMl5BanBnXkFtZTcwMjQ4MTA3Mw@@._V1_SX300.jpg
81257,https://m.media-amazon.com/images/M/MV5BMTMxMTc1Mjk0N15BMl5BanBnXkFtZTcwMjUwMzU0NA@@._V1_SX300.jpg
81383,https://m.media-amazon.com/images/M/MV5BZWM0NzFhMzYtZjgwMS00YWI1LTg0MzQtMzcwOTAxYzlmZDRhXkEyXkFqcGc@._V1_SX300.jpg
81417,https://m.media-amazon.com/images/M/MV5BMjE4NDgwMzAxNF5BMl5BanBnXkFtZTcwNTE3OTk4Mw@@._V1_SX300.jpg
81456,https://m.media-amazon.com/images/M/MV5BMWE5OWY1NzQtZjRhMi00ZTdjLWExMDYtNzM3OWYyYmY1MWMxXkEyXkFqcGc@._V1_SX300.jpg
81512,https://m.media-amazon.com/images/M/MV5BMjE2MzU3Nzk4M15BMl5BanBnXkFtZTcwODcxNTI5Mw@@._V1_SX300.jpg
81520,https://m.media-amazon.com/images/M/MV5BMTc0YzA4YjQtZGZkMi00ZmRjLWFmM2ItMDcxZTYzZGU3ZTI1XkEyXkFqcGdeQXVyNDQ2MTMzODA@._V1_SX300.jpg
81535,https://m.media-amazon.com/images/M/MV5BMjI0NTEwNTgwNF5BMl5BanBnXkFtZTcwMDM5MTU5Mw@@._V1_SX300.jpg
81537,https://m.media-amazon.com/images/M/MV5BMTU5MTgxODM3Nl5BMl5BanBnXkFtZTcwMjMxNDEwNA@@._V1_SX300.jpg
81562,https://m.media-amazon.com/images/M/MV5BMTc2NjMzOTE3Ml5BMl5BanBnXkFtZTcwMDE0OTc5Mw@@._V1_SX300.jpg
81564,https://m.media-amazon.com/images/M/MV5BMTAzMzI0NTMzNDBeQTJeQWpwZ15BbWU3MDM3NTAyOTM@._V1_SX300.jpg
81591,https://m.media-amazon.com/images/M/MV5BNzY2NzI4OTE5MF5BMl5BanBnXkFtZTcwMjMyNDY4Mw@@._V1_SX300.jpg
81681,https://m.media-amazon.com/images/M/MV5BNjk0ZDExYWEtMTRjZi00NWRkLTg0ZDItODYwMmZiODg4NDQ3XkEyXkFqcGc@._V1_SX300.jpg
81782,https://m.media-amazon.com/images/M/MV5BMjI4NDQwMDM0N15BMl5BanBnXkFtZTcwMzY1ODMwNA@@._V1_SX300.jpg
81784,https://m.media-amazon.com/images/M/MV5BZDQ4NTdkZTAtNjk2Mi00NjkxLWI2ZjktYzNjMjViY2Q3ZDViXkEyXkFqcGc@._V1_SX300.jpg
81786,https://m.media-amazon.com/images/M/MV5BZmY5OWY2MTQtZDZmYS00YTczLWEwMTktMDNjZWMzYzEwYzFjXkEyXkFqcGc@._V1_SX300.jpg
81788,https://m.media-amazon.com/images/M/MV5BMjA3NTY5ODI4OV5BMl5BanBnXkFtZTcwMjcxNzQ5Mw@@._V1_SX300.jpg
81791,https://m.media-amazon.com/images/M/MV5BMTg1MzE1NDA0M15BMl5BanBnXkFtZTcwODM2MDY1Mw@@._V1_SX300.jpg
81819,https://m.media-amazon.com/images/M/MV5BMzI4OTQ0MDQyNl5BMl5BanBnXkFtZTcwODY5MjQwNA@@._V1_SX300.jpg
81831,https://m.media-amazon.com/images/M/MV5BNzYwMzE1Nzc4M15BMl5BanBnXkFtZTcwNzg4OTEyMw@@._V1_SX300.jpg
81834,https://m.media-amazon.com/images/M/MV5BMTQ2OTE1Mjk0N15BMl5BanBnXkFtZTcwODE3MDAwNA@@._V1_SX300.jpg
81845,https://m.media-amazon.com/images/M/MV5BMzU5MjEwMTg2Nl5BMl5BanBnXkFtZTcwNzM3MTYxNA@@._V1_SX300.jpg
81847,https://m.media-amazon.com/images/M/MV5BMTAxNDYxMjg0MjNeQTJeQWpwZ15BbWU3MDcyNTk2OTM@._V1_SX300.jpg
81910,https://m.media-amazon.com/images/M/MV5BMTg1MDA4MDE4NV5BMl5BanBnXkFtZTcwMzE3MzUxMw@@._V1_SX300.jpg
81932,https://m.media-amazon.com/images/M/MV5BMTM0ODk3MjM1MV5BMl5BanBnXkFtZTcwNzc1MDIwNA@@._V1_SX300.jpg
81949,https://m.media-amazon.com/images/M/MV5BOTNiNzExOWUtZTRhOC00YTdjLTg4N2MtY2JhOTQ1NjM4ODkxXkEyXkFqcGc@._V1_SX300.jpg
82041,https://m.media-amazon.com/images/M/MV5BMjEzNDQ0MzM0N15BMl5BanBnXkFtZTcwMzA1NDM1Nw@@._V1_SX300.jpg
82053,https://m.media-amazon.com/images/M/MV5BMTM2NzQ4NDE2M15BMl5BanBnXkFtZTcwNDM0NzcwNA@@._V1_SX300.jpg
82088,https://m.media-amazon.com/images/M/MV5BODk3NDZkYzEtZGZkNC00NWY2LWIxMjgtZGRjOTUyMGY2MWEwXkEyXkFqcGc@._V1_SX300.jpg
82093,https://m.media-amazon.com/images/M/MV5BMjA1OTk2NTI4NF5BMl5BanBnXkFtZTcwOTA5NTE5Ng@@._V1_SX300.jpg
82095,https://m.media-amazon.com/images/M/MV5BMjAwNDkwOTc5M15BMl5BanBnXkFtZTcwMTE2MTMwNA@@._V1_SX300.jpg
82152,https://m.media-amazon.com/images/M/MV5BMzUzMTcxMTEzNV5BMl5BanBnXkFtZTcwMTcwNjcxNA@@._V1_SX300.jpg
82167,https://m.media-amazon.com/images/M/MV5BMTgxOTczODEyMF5BMl5BanBnXkFtZTcwMDc0NDY4Mw@@._V1_SX300.jpg
82169,https://m.media-amazon.com/images/M/MV5BOTMwNjNmNDgtYWFhMi00NjRhLTk5YjAtMjNjYTVkYjQwOWQwXkEyXkFqcGc@._V1_SX300.jpg
82202,https://m.media-amazon.com/images/M/MV5BMTMyMzc3OTkwMV5BMl5BanBnXkFtZTcwMjc0MTgwNA@@._V1_SX300.jpg
82242,https://m.media-amazon.com/images/M/MV5BMTM4NzkxMDM4N15BMl5BanBnXkFtZTcwMTI1NzQwNA@@._V1_SX300.jpg
82366,https://m.media-amazon.com/images/M/MV5BMTM1OTI5MzQxOF5BMl5BanBnXkFtZTcwMjUwMjg4Mw@@._V1_SX300.jpg
82378,https://m.media-amazon.com/images/M/MV5BMTcwMjIyMTc2Nl5BMl5BanBnXkFtZTcwOTQyMzc5Mw@@._V1_SX300.jpg
82459,https://m.media-amazon.com/images/M/MV5BMTU5MjU3MTI4OF5BMl5BanBnXkFtZTcwMTQxOTAxNA@@._V1_SX300.jpg
82461,https://m.media-amazon.com/images/M/MV5BMTk4NTk4MTk1OF5BMl5BanBnXkFtZTcwNTE2MDIwNA@@._V1_SX300.jpg
82499,https://m.media-amazon.com/images/M/MV5BOTQyMzU4OTk1N15BMl5BanBnXkFtZTcwNTE5MTUxNA@@._V1_SX300.jpg
82527,https://m.media-amazon.com/images/M/MV5BMTM4MTUwNDg0OF5BMl5BanBnXkFtZTcwMjUyODYxNA@@._V1_SX300.jpg
82534,https://m.media-amazon.com/images/M/MV5BMTQxMTgyNDc5M15BMl5BanBnXkFtZTcwMzk4OTM5Mw@@._V1_SX300.jpg
82641,https://m.media-amazon.com/images/M/MV5BN2VmYjliZGItNzJkYy00MmEwLTk2MDEtMGU5ZGMzMzhlZDcwXkEyXkFqcGc@._V1_SX300.jpg
82667,https://m.media-amazon.com/images/M/MV5BM2Q1ZGZiNTYtMWNjOC00NmU2LTg1MDQtZGZkNmY0Y2RlOTBmXkEyXkFqcGc@._V1_SX300.jpg
82684,https://m.media-amazon.com/images/M/MV5BMTc5MDU1NDYzNF5BMl5BanBnXkFtZTcwNjg1NjY4Mw@@._V1_SX300.jpg
82744,https://m.media-amazon.com/images/M/MV5BMTMyOTQ5MTAxOF5BMl5BanBnXkFtZTcwOTYzMDg5Mw@@._V1_SX300.jpg
82765,https://m.media-amazon.com/images/M/MV5BNGJiOTY4ODktMDk5Ny00MjAxLTg5Y2EtMDM5YTIxMWM1MmRmXkEyXkFqcGc@._V1_SX300.jpg
82767,https://m.media-amazon.com/images/M/MV5BMjEzOTU0NjMxNF5BMl5BanBnXkFtZTcwNzc5MDUxNA@@._V1_SX300.jpg
82848,https://m.media-amazon.com/images/M/MV5BYjdlNTkxZmYtYWY1NC00YjFiLWEyMjAtNjZlOWNhNGQ2NGRhXkEyXkFqcGc@._V1_SX300.jpg
82852,https://m.media-amazon.com/images/M/MV5BMTkwNjE3NjQwOV5BMl5BanBnXkFtZTcwNzAyNTMwNA@@._V1_SX300.jpg
82854,https://m.media-amazon.com/images/M/MV5BMjI1NDU1MjcxN15BMl5BanBnXkFtZTcwODczNTM1Mw@@._V1_SX300.jpg
82857,https://m.media-amazon.com/images/M/MV5BMTc0NDYyMDY1OF5BMl5BanBnXkFtZTcwOTI4MzExMw@@._V1_SX300.jpg
83086,https://m.media-amazon.com/images/M/MV5BMjczYmE1NWMtNDE2Ni00MzNlLTlkZDUtYjc1OWFkZDJmZGFmXkEyXkFqcGc@._V1_SX300.jpg
83132,https://m.media-amazon.com/images/M/MV5BMTAxNjk3OTYyODReQTJeQWpwZ15BbWU3MDgyODY2OTY@._V1_SX300.jpg
83134,https://m.media-amazon.com/images/M/MV5BODQ5NDQ0MjkwMF5BMl5BanBnXkFtZTcwNDg1OTU4NQ@@._V1_SX300.jpg
83177,https://m.media-amazon.com/images/M/MV5BZWFjNTY3NjAtNjQ3Yy00MjJlLWIyNjMtOWViMDMwMzY2NThkXkEyXkFqcGc@._V1_SX300.jpg
83270,https://m.media-amazon.com/images/M/MV5BMTQ5NTYxOTAzNV5BMl5BanBnXkFtZTcwOTU3Njc5Mw@@._V1_SX300.jpg
83349,https://m.media-amazon.com/images/M/MV5BMTcwOTMwMDYyMl5BMl5BanBnXkFtZTcwMzAxMjMyNA@@._V1_SX300.jpg
83369,https://m.media-amazon.com/images/M/MV5BMTg5MTc5MTM3Ml5BMl5BanBnXkFtZTcwMDI2NzgwNA@@._V1_SX300.jpg
83374,https://m.media-amazon.com/images/M/MV5BOTdhMDU2NDMtNTc2OS00MTc1LWI2MjItZjQ5OGUxMjc4NTA4XkEyXkFqcGc@._V1_SX300.jpg
83480,https://m.media-amazon.com/images/M/MV5BMzc3MjYxNzg2N15BMl5BanBnXkFtZTcwNzQyMTkwNA@@._V1_SX300.jpg
83601,https://m.media-amazon.com/images/M/MV5BMzE2ODI3NTU0MV5BMl5BanBnXkFtZTcwOTgwMTIzNA@@._V1_SX300.jpg
83613,https://m.media-amazon.com/images/M/MV5BMTM1MzkyNzQ3OV5BMl5BanBnXkFtZTcwMDk1NTg2NQ@@._V1_SX300.jpg
83796,https://m.media-amazon.com/images/M/MV5BYmJjY2RmNDktZDcwNS00M2QyLTkzMmItNGJiOTM1NWIzNzJlXkEyXkFqcGc@._V1_SX300.jpg
83803,https://m.media-amazon.com/images/M/MV5BMTYyMTk1MjE3NF5BMl5BanBnXkFtZTgwMjkxMDgwMjE@._V1_SX300.jpg
83827,https://m.media-amazon.com/images/M/MV5BNDg5NzgzNDM4Nl5BMl5BanBnXkFtZTcwNzY1MzY4Mw@@._V1_SX300.jpg
83910,https://m.media-amazon.com/images/M/MV5BMzg3MDUwMTI1OV5BMl5BanBnXkFtZTcwNzY0NDIxNA@@._V1_SX300.jpg
83969,https://m.media-amazon.com/images/M/MV5BZGM2M2JhNWYtNDE2Zi00NjkyLTg4Y2EtZjdlZGRiNWNmNGQ2XkEyXkFqcGdeQXVyNjE5MjUyOTM@._V1_SX300.jpg
83976,https://m.media-amazon.com/images/M/MV5BNDEzMTM1OTM4M15BMl5BanBnXkFtZTcwMTE3MDcxNQ@@._V1_SX300.jpg
84152,https://m.media-amazon.com/images/M/MV5BMWQ4OTQ4YzYtODlmMi00ZjA0LTg5M2QtZWUzNjA5N2NmODE5XkEyXkFqcGc@._V1_SX300.jpg
84156,https://m.media-amazon.com/images/M/MV5BMTM3ODM0NTQ1MF5BMl5BanBnXkFtZTcwMzAxMTM5OA@@._V1_SX300.jpg
84187,https://m.media-amazon.com/images/M/MV5BODk2YzFlYWQtYjVlNS00MzI3LTk3NjMtYmY0OTNhMWQwZTE3XkEyXkFqcGc@._V1_SX300.jpg
84189,https://m.media-amazon.com/images/M/MV5BMTkxMTE3NzEzMl5BMl5BanBnXkFtZTcwMzc4MTU2Mw@@._V1_SX300.jpg
84240,https://m.media-amazon.com/images/M/MV5BYzFhN2JlN2ItN2UxNy00Y2ZjLTkwNTEtOGE5NTI1ZWJiZmZhXkEyXkFqcGc@._V1_SX300.jpg
84246,https://m.media-amazon.com/images/M/MV5BY2E2ODAzZjQtYTUxZS00YzI0LThiZGQtM2NkYzVmMWFjZWNmXkEyXkFqcGc@._V1_SX300.jpg
84273,https://m.media-amazon.com/images/M/MV5BNzc0ODI0MjMwOV5BMl5BanBnXkFtZTcwNTk0MDkyNA@@._V1_SX300.jpg
84374,https://m.media-amazon.com/images/M/MV5BMTg2MDQ1NTEzNl5BMl5BanBnXkFtZTcwOTgxNTMyNA@@._V1_SX300.jpg
84392,https://m.media-amazon.com/images/M/MV5BMTQ4NDE4NTY5MV5BMl5BanBnXkFtZTcwODQyMTkxNA@@._V1_SX300.jpg
84414,https://m.media-amazon.com/images/M/MV5BOGM1OTc2MzUtNmMwYi00NTQwLTkzZDItNGI4NmY1ZTJkMGE3XkEyXkFqcGdeQXVyNjExODE1MDc@._V1_SX300.jpg
84512,https://m.media-amazon.com/images/M/MV5BMTEzYjUxNDktNWRlNS00NGEzLTk0MjAtMjM2YzMwZmVhMDBkXkEyXkFqcGc@._V1_SX300.jpg
84523,https://m.media-amazon.com/images/M/MV5BNTk0NjIzMzMtNGJhMi00M2RjLTgxYzYtZDVlN2M5OWU4MmJjXkEyXkFqcGdeQXVyNjc5NjEzNA@@._V1_SX300.jpg
84553,https://m.media-amazon.com/images/M/MV5BNmRmMTU2ZTYtNTAxOC00NmYxLThhOGYtYWMyZDI5YzE1NjhkXkEyXkFqcGdeQXVyMTIxMzMzMzE@._V1_SX300.jpg
84601,https://m.media-amazon.com/images/M/MV5BODA4NTk3MTQwN15BMl5BanBnXkFtZTcwNjUwMTMxNA@@._V1_SX300.jpg
84615,https://m.media-amazon.com/images/M/MV5BNDUwMjQ3MzQwM15BMl5BanBnXkFtZTcwMDAzNjUyNA@@._V1_SX300.jpg
84637,https://m.media-amazon.com/images/M/MV5BMjAyNDM2MDA2NF5BMl5BanBnXkFtZTcwOTMxMDAxNA@@._V1_SX300.jpg
84696,https://m.media-amazon.com/images/M/MV5BMjA1MjkxMDc3Ml5BMl5BanBnXkFtZTcwOTI1MTYxNQ@@._V1_SX300.jpg
84716,https://m.media-amazon.com/images/M/MV5BMTk3MTQ3NzU0MF5BMl5BanBnXkFtZTgwNTM0MTE0MjE@._V1_SX300.jpg
84772,https://m.media-amazon.com/images/M/MV5BOGIyZDNhODctYzg3ZS00YjVmLWE4NGEtYjM5OGM0MmQxYThmXkEyXkFqcGc@._V1_SX300.jpg
84799,https://m.media-amazon.com/images/M/MV5BZmRiODliZWUtNDQxMi00ZWZjLTk1ZWEtZmFmYzQ1NzQ0OWY4XkEyXkFqcGc@._V1_SX300.jpg
84844,https://m.media-amazon.com/images/M/MV5BYWNiNWI2ODktMzYzYi00NjFkLThlMTAtYmNiZTg5MmIyZjU4XkEyXkFqcGc@._V1_SX300.jpg
84847,https://m.media-amazon.com/images/M/MV5BNzkyNTg2YTItYWMyYS00YzU4LTk1NGQtOWRmZGViZDlkZDMwXkEyXkFqcGc@._V1_SX300.jpg
84942,https://m.media-amazon.com/images/M/MV5BMjIwNTM4Njg2NF5BMl5BanBnXkFtZTcwNDQwMTAwNA@@._V1_SX300.jpg
84944,https://m.media-amazon.com/images/M/MV5BMTc4NjEyODE1OV5BMl5BanBnXkFtZTcwMjYzNTkxNA@@._V1_SX300.jpg
84950,https://m.media-amazon.com/images/M/MV5BNjc2OTg5NTM1NV5BMl5BanBnXkFtZTcwODM3MTMyNA@@._V1_SX300.jpg
84952,https://m.media-amazon.com/images/M/MV5BZWIyMDI5OGYtMzc1NC00OWI5LThlMmMtYTc2ZmNlMjRkMzE1XkEyXkFqcGc@._V1_SX300.jpg
84954,https://m.media-amazon.com/images/M/MV5BMTU3ODg3MDAxMl5BMl5BanBnXkFtZTcwMjc0MDMzNA@@._V1_SX300.jpg
85020,https://m.media-amazon.com/images/M/MV5BMjEyMjk1NjI1M15BMl5BanBnXkFtZTcwODcyNjAxNA@@._V1_SX300.jpg
85022,https://m.media-amazon.com/images/M/MV5BMTc4MzIxNTYwNl5BMl5BanBnXkFtZTcwNzE4MjE0NA@@._V1_SX300.jpg
85025,https://m.media-amazon.com/images/M/MV5BMTY1MjYwNTQ4Ml5BMl5BanBnXkFtZTcwMjYwNzAxNA@@._V1_SX300.jpg
85056,https://m.media-amazon.com/images/M/MV5BMjI0NDI1MTMyM15BMl5BanBnXkFtZTcwMDMzMTcyNA@@._V1_SX300.jpg
85131,https://m.media-amazon.com/images/M/MV5BOGI1MzU4MGMtYjY5MC00MDNjLWI3OTMtYjM5YzcwOTg5NWNmXkEyXkFqcGc@._V1_SX300.jpg
85179,https://m.media-amazon.com/images/M/MV5BNGQ5YzI1NzMtM2EyMi00OTQ2LWJiN2UtYmJkZTJhMTM5NWZlXkEyXkFqcGc@._V1_SX300.jpg
85213,https://m.media-amazon.com/images/M/MV5BMTM3MjUyMTY1MV5BMl5BanBnXkFtZTcwNzE0MDQ0NA@@._V1_SX300.jpg
85259,https://m.media-amazon.com/images/M/MV5BMTc5NmVmMDMtY2VlZC00ZjIwLTg3ZTYtNDYzYmQxNTk0ODJlXkEyXkFqcGc@._V1_SX300.jpg
85261,https://m.media-amazon.com/images/M/MV5BOTA0MTQ2Mzc3N15BMl5BanBnXkFtZTcwNzA4ODAwNA@@._V1_SX300.jpg
85295,https://m.media-amazon.com/images/M/MV5BNzZiODQyOGMtMWFmMC00MDBkLWFhYjEtZGVhNzZhNTlmMGNhXkEyXkFqcGc@._V1_SX300.jpg
85316,https://m.media-amazon.com/images/M/MV5BYzJmOThhM2ItZjg4OC00NDQ3LWFkOWEtZDIyNTEzOGFmNDQwXkEyXkFqcGc@._V1_SX300.jpg
85334,https://m.media-amazon.com/images/M/MV5BNjVjMDFmZjItYmViZS00ZGRkLTg3YmItNTU5ODRjMWFlOGUzXkEyXkFqcGc@._V1_SX300.jpg
85342,https://m.media-amazon.com/images/M/MV5BMjEzMzMxOTUyNV5BMl5BanBnXkFtZTcwNjI3MDc5Ng@@._V1_SX300.jpg
85354,https://m.media-amazon.com/images/M/MV5BM2VmZmJjMzAtMjA3Yy00ZDQ3LWIwMjctMGM4ZDIyZjljYTMyXkEyXkFqcGc@._V1_SX300.jpg
85367,https://m.media-amazon.com/images/M/MV5BMTM3MzM3NDE5MV5BMl5BanBnXkFtZTcwNDE5MTUxNA@@._V1_SX300.jpg
85394,https://m.media-amazon.com/images/M/MV5BMTYxNDExMzUwMl5BMl5BanBnXkFtZTcwNjM2MzYwNQ@@._V1_SX300.jpg
85397,https://m.media-amazon.com/images/M/MV5BMTc4NjYyMzQ5MV5BMl5BanBnXkFtZTcwNjE5Mjc3NA@@._V1_SX300.jpg
85399,https://m.media-amazon.com/images/M/MV5BMzU2MTk5NzkzNV5BMl5BanBnXkFtZTcwMjU5MzgwNA@@._V1_SX300.jpg
85401,https://m.media-amazon.com/images/M/MV5BZTUzMDU3NWUtNjdlMy00MGQ3LTk2M2ItNWVhNTlhZjkyMDExXkEyXkFqcGc@._V1_SX300.jpg
85412,https://m.media-amazon.com/images/M/MV5BMTkyMTgxNzIwOF5BMl5BanBnXkFtZTcwNjYyNjM5NA@@._V1_SX300.jpg
85414,https://m.media-amazon.com/images/M/MV5BMTY0MTc3MzMzNV5BMl5BanBnXkFtZTcwNDE4MjE0NA@@._V1_SX300.jpg
85438,https://m.media-amazon.com/images/M/MV5BNjU0Mjc0NzU3NF5BMl5BanBnXkFtZTcwMTU4OTkwNA@@._V1_SX300.jpg
85510,https://m.media-amazon.com/images/M/MV5BZDE1YWZiMzItZGEzOC00MTYyLWFiYWYtNGNlMmM0ZjAxM2RmXkEyXkFqcGc@._V1_SX300.jpg
85565,https://m.media-amazon.com/images/M/MV5BMTM4NjkyNDg2Nl5BMl5BanBnXkFtZTcwNjY1ODE2Ng@@._V1_SX300.jpg
85736,https://m.media-amazon.com/images/M/MV5BMjVmNTNmOWUtZGRmZS00ZWNlLWI3YmItNWNhNzU5NGYzZTE1XkEyXkFqcGdeQXVyNDgyODgxNjE@._V1_SX300.jpg
85774,https://m.media-amazon.com/images/M/MV5BMTc5MTUzOTAxMl5BMl5BanBnXkFtZTcwODQzMjg3NA@@._V1_SX300.jpg
85780,https://m.media-amazon.com/images/M/MV5BODI1NDMwOTU5OV5BMl5BanBnXkFtZTcwMzAxNzIzNQ@@._V1_SX300.jpg
85788,https://m.media-amazon.com/images/M/MV5BMTYyOTAxMDA0OF5BMl5BanBnXkFtZTcwNzgwNTc1NA@@._V1_SX300.jpg
85796,https://m.media-amazon.com/images/M/MV5BMTcxMDkxNTMwNl5BMl5BanBnXkFtZTcwMzc5MjUzNA@@._V1_SX300.jpg
85881,https://m.media-amazon.com/images/M/MV5BMTczNTgzNjY4OF5BMl5BanBnXkFtZTcwMTcwMjI0NA@@._V1_SX300.jpg
85885,https://m.media-amazon.com/images/M/MV5BZDA1YTYxZWMtMjM0Mi00OTE0LWI1MzAtYmRkODk1YjZhMzZiXkEyXkFqcGc@._V1_SX300.jpg
86000,https://m.media-amazon.com/images/M/MV5BMjc4MjQ2ODQyNF5BMl5BanBnXkFtZTcwOTE0NzIzNw@@._V1_SX300.jpg
86014,https://m.media-amazon.com/images/M/MV5BMTcxNDYwOTEzMl5BMl5BanBnXkFtZTcwOTA3MzY3NA@@._V1_SX300.jpg
86028,https://m.media-amazon.com/images/M/MV5BMjI4MzM4OTY3MF5BMl5BanBnXkFtZTcwOTMzMjI3NA@@._V1_SX300.jpg
86059,https://m.media-amazon.com/images/M/MV5BMTY4MDcxNTkzNV5BMl5BanBnXkFtZTcwMTg2MDY2NA@@._V1_SX300.jpg
86066,https://m.media-amazon.com/images/M/MV5BNzM3M2ZmNzAtMDk5NS00MjJhLWE2MTUtMTVhN2M2YThiYzNjXkEyXkFqcGc@._V1_SX300.jpg
86068,https://m.media-amazon.com/images/M/MV5BMmE0NjM2MjMtMmY5Ni00N2ZkLWE3ZDgtNTU2YmY5MTJlNTcwXkEyXkFqcGc@._V1_SX300.jpg
86142,https://m.media-amazon.com/images/M/MV5BODg3MTYwODY3MF5BMl5BanBnXkFtZTcwMDk2MzYwNQ@@._V1_SX300.jpg
86190,https://m.media-amazon.com/images/M/MV5BNTAzMTg1NjY0NF5BMl5BanBnXkFtZTcwODc3MTgzNA@@._V1_SX300.jpg
86237,https://m.media-amazon.com/images/M/MV5BNzlmYWY5YTktOWVjYi00NTQ0LThlYTItZTJjYzU4YmQxMWVmXkEyXkFqcGc@._V1_SX300.jpg
86279,https://m.media-amazon.com/images/M/MV5BNWI3NDI0MGEtMWQ0OC00Mjk4LTlhZTktNTUxZGUxMGY5ODcxXkEyXkFqcGdeQXVyMTA4NDI1NTQx._V1_SX300.jpg
86286,https://m.media-amazon.com/images/M/MV5BMmU5M2Y3NmQtMjRiMy00MjIwLThlZDktZDZiMTQ1OWQ2NjM2XkEyXkFqcGc@._V1_SX300.jpg
86290,https://m.media-amazon.com/images/M/MV5BNjBmZDQxZDQtY2ZhYS00YTQxLThhMWUtODg1ZjE3NjAxMWQ3XkEyXkFqcGc@._V1_SX300.jpg
86293,https://m.media-amazon.com/images/M/MV5BMzMwMTUwMDkwOV5BMl5BanBnXkFtZTcwMjg1MDg0NA@@._V1_SX300.jpg
86295,https://m.media-amazon.com/images/M/MV5BMTk5OTcxNTUyNF5BMl5BanBnXkFtZTcwMDczMzE0NA@@._V1_SX300.jpg
86298,https://m.media-amazon.com/images/M/MV5BMTU2MDY3MzAzMl5BMl5BanBnXkFtZTcwMTg0NjM5NA@@._V1_SX300.jpg
86320,https://m.media-amazon.com/images/M/MV5BMTk4NjM0MjI3MV5BMl5BanBnXkFtZTcwNjcxMDYzNg@@._V1_SX300.jpg
86332,https://m.media-amazon.com/images/M/MV5BNjRhNGZjZjEtYTQzYS00OWUxLThjNGEtMTIwMTE2ZDFlZTZkXkEyXkFqcGc@._V1_SX300.jpg
86345,https://m.media-amazon.com/images/M/MV5BNTQyODYyNzcxN15BMl5BanBnXkFtZTgwOTA3MzcwMzE@._V1_SX300.jpg
86347,https://m.media-amazon.com/images/M/MV5BMTU0NjA0ODk1Ml5BMl5BanBnXkFtZTcwNTU4OTAwMg@@._V1_SX300.jpg
86355,https://m.media-amazon.com/images/M/MV5BMjQ1NDg3NjcxNl5BMl5BanBnXkFtZTgwODQ1MjU5OTE@._V1_SX300.jpg
86377,https://m.media-amazon.com/images/M/MV5BMjE4NjE1ODI5Ml5BMl5BanBnXkFtZTcwMTgxNjc0MQ@@._V1_SX300.jpg
86487,https://m.media-amazon.com/images/M/MV5BMTYxMTI3MDA2NV5BMl5BanBnXkFtZTcwMjkwODU2NA@@._V1_SX300.jpg
86504,https://m.media-amazon.com/images/M/MV5BNzg1NDYwZjUtZjVkMC00YmM3LTk2NjAtYWUxMGM0NjRjNDZhXkEyXkFqcGdeQXVyMTc1MDEwMzY@._V1_SX300.jpg
86548,https://m.media-amazon.com/images/M/MV5BMTQzMDU3NDEwN15BMl5BanBnXkFtZTcwMTI3MDU0NA@@._V1_SX300.jpg
86593,https://m.media-amazon.com/images/M/MV5BMTYxOTQ3MjM5OV5BMl5BanBnXkFtZTcwMDYzMjAyNA@@._V1_SX300.jpg
86628,https://m.media-amazon.com/images/M/MV5BMTQyNzIxMzMwMV5BMl5BanBnXkFtZTcwOTU4OTcxNA@@._V1_SX300.jpg
86644,https://m.media-amazon.com/images/M/MV5BMTUxNTk5MTE0OF5BMl5BanBnXkFtZTcwMjA2NzY3NA@@._V1_SX300.jpg
86668,
86721,https://m.media-amazon.com/images/M/MV5BMTMxNzQzODEzM15BMl5BanBnXkFtZTcwMTM5MTUxNA@@._V1_SX300.jpg
86781,https://m.media-amazon.com/images/M/MV5BYWFmMjdmNjctNzhhOC00ZmMzLTkwOGItMmVmZDU4MjE2MTYwXkEyXkFqcGc@._V1_SX300.jpg
86815,https://m.media-amazon.com/images/M/MV5BMTU2MDg0OTYyM15BMl5BanBnXkFtZTcwMjg5MjY0NA@@._V1_SX300.jpg
86817,https://m.media-amazon.com/images/M/MV5BNzczNzMzODk0Nl5BMl5BanBnXkFtZTcwMjgwMjI0NA@@._V1_SX300.jpg
86833,https://m.media-amazon.com/images/M/MV5BMjAyOTMyMzUxNl5BMl5BanBnXkFtZTcwODI4MzE0NA@@._V1_SX300.jpg
86835,https://m.media-amazon.com/images/M/MV5BMTQ1MTAwODc3OV5BMl5BanBnXkFtZTcwNzI0MDQ3NA@@._V1_SX300.jpg
86864,https://m.media-amazon.com/images/M/MV5BOTdlMjI5N2ItOWUwMS00MmViLWFlM2QtYWFkZGNmMDZhYmQ4XkEyXkFqcGc@._V1_SX300.jpg
86880,https://m.media-amazon.com/images/M/MV5BMjE5MjkwODI3Nl5BMl5BanBnXkFtZTcwNjcwMDk4NA@@._V1_SX300.jpg
86882,https://m.media-amazon.com/images/M/MV5BMTM4NjY1MDQwMl5BMl5BanBnXkFtZTcwNTI3Njg3NA@@._V1_SX300.jpg
86892,https://m.media-amazon.com/images/M/MV5BMTgzMTkxNjAxNV5BMl5BanBnXkFtZTgwMDU3MDE0MjE@._V1_SX300.jpg
86898,https://m.media-amazon.com/images/M/MV5BMTMwNjQ0NjMzN15BMl5BanBnXkFtZTcwNjMxMTkyNA@@._V1_SX300.jpg
86911,https://m.media-amazon.com/images/M/MV5BMTM2MTM4MzY2OV5BMl5BanBnXkFtZTcwNjQ3NzI4NA@@._V1_SX300.jpg
86922,https://m.media-amazon.com/images/M/MV5BMjIxNDM3ODEzMl5BMl5BanBnXkFtZTcwNjI2NDI1NA@@._V1_SX300.jpg
86960,https://m.media-amazon.com/images/M/MV5BNzI2NzU1ODQxOF5BMl5BanBnXkFtZTcwMjY3Mzg4Mg@@._V1_SX300.jpg
87028,https://m.media-amazon.com/images/M/MV5BMjIwMzQwMzMwNF5BMl5BanBnXkFtZTcwNjE5MTUxNA@@._V1_SX300.jpg
87192,https://m.media-amazon.com/images/M/MV5BMjAzNjc1MjgzOF5BMl5BanBnXkFtZTcwMzE3Njk5NQ@@._V1_SX300.jpg
87194,https://m.media-amazon.com/images/M/MV5BMTU4MzM4NzkyOF5BMl5BanBnXkFtZTcwMjQwNjMzNg@@._V1_SX300.jpg
87197,https://m.media-amazon.com/images/M/MV5BMjI2NDQ5Mzg0NF5BMl5BanBnXkFtZTgwMDM3NjI2MDE@._V1_SX300.jpg
87222,https://m.media-amazon.com/images/M/MV5BYmIxMGYzMTUtZDQzYy00ODc4LWE1YzQtZGMwYTc0YTYyYTE0XkEyXkFqcGc@._V1_SX300.jpg
87232,https://m.media-amazon.com/images/M/MV5BMTg5OTMxNzk4Nl5BMl5BanBnXkFtZTcwOTk1MjAwNQ@@._V1_SX300.jpg
87234,https://m.media-amazon.com/images/M/MV5BMTQ5ODMxNTIyNV5BMl5BanBnXkFtZTcwNjQ1ODgyNQ@@._V1_SX300.jpg
87287,https://m.media-amazon.com/images/M/MV5BYjJiN2Q2Y2UtZDQ3ZS00NjAxLWFhOTYtYTIxM2U4YzhiYjVhXkEyXkFqcGc@._V1_SX300.jpg
87298,https://m.media-amazon.com/images/M/MV5BMjEwMjI0NjU2NF5BMl5BanBnXkFtZTcwMDk5Mjc4NA@@._V1_SX300.jpg
87304,https://m.media-amazon.com/images/M/MV5BOTI0ZTYwYjItZTA0ZC00YTMwLTljMmYtODZlZjJiNGY3YmExXkEyXkFqcGc@._V1_SX300.jpg
87306,https://m.media-amazon.com/images/M/MV5BMjIzNjEyMzcwOF5BMl5BanBnXkFtZTcwMTkyMjE0NQ@@._V1_SX300.jpg
87413,https://m.media-amazon.com/images/M/MV5BZGUxOGYwNzgtOWRmYS00ZjA0LThiN2YtYWQ4MjVmNjU1NDljXkEyXkFqcGc@._V1_SX300.jpg
87430,https://m.media-amazon.com/images/M/MV5BOWVjZWJmZjEtMjgzZC00N2ZkLTk3Y2ItM2FkOGY3MjhlNzBmXkEyXkFqcGc@._V1_SX300.jpg
87444,https://m.media-amazon.com/images/M/MV5BMTM0MDU1MjkyMF5BMl5BanBnXkFtZTcwNDQ5MDA1NA@@._V1_SX300.jpg
87483,https://m.media-amazon.com/images/M/MV5BMTcwMDI4NjEyOF5BMl5BanBnXkFtZTcwNzg5MzEwNQ@@._V1_SX300.jpg
87485,https://m.media-amazon.com/images/M/MV5BMTQ5NDI4MDM0Nl5BMl5BanBnXkFtZTcwNDYwODU2NA@@._V1_SX300.jpg
87520,https://m.media-amazon.com/images/M/MV5BMTkwOTY0MTc1NV5BMl5BanBnXkFtZTcwMDQwNjA2NQ@@._V1_SX300.jpg
87522,https://m.media-amazon.com/images/M/MV5BNjVkMDhiMzgtMmQwZS00OTM0LWE2OTktOTc4YTU5YzBmYjZlXkEyXkFqcGc@._V1_SX300.jpg
87529,https://m.media-amazon.com/images/M/MV5BMTY2MDgwODIyMV5BMl5BanBnXkFtZTcwODc1NDQ0NA@@._V1_SX300.jpg
87660,https://m.media-amazon.com/images/M/MV5BYmM0OGVkZTQtNThkMi00NGNiLWE5MmItM2EyNGRmNWIwOWE5XkEyXkFqcGc@._V1_SX300.jpg
87785,https://m.media-amazon.com/images/M/MV5BMTg4ODg5NzkzNl5BMl5BanBnXkFtZTcwNzAyODM5Mw@@._V1_SX300.jpg
87834,https://m.media-amazon.com/images/M/MV5BZTNiMTI0ZWQtMTlkMi00NzU5LWJjMWYtNDA5OGUxZTNmODUzXkEyXkFqcGc@._V1_SX300.jpg
87867,https://m.media-amazon.com/images/M/MV5BMTMyNjYyODk0Ml5BMl5BanBnXkFtZTcwNDUzOTczNQ@@._V1_SX300.jpg
87869,https://m.media-amazon.com/images/M/MV5BNzYxNDI5Njc5NF5BMl5BanBnXkFtZTcwMDUxODE1NQ@@._V1_SX300.jpg
87876,https://m.media-amazon.com/images/M/MV5BMTUzNTc3MTU3M15BMl5BanBnXkFtZTcwMzIxNTc3NA@@._V1_SX300.jpg
87960,https://m.media-amazon.com/images/M/MV5BMTM5MzYxNzg0MV5BMl5BanBnXkFtZTcwNzAwMjM5MQ@@._V1_SX300.jpg
88069,https://m.media-amazon.com/images/M/MV5BMmMyZjk0MjUtZmEwZi00YmJjLWIyNGQtZDA0NzBjNWJjZjIwXkEyXkFqcGc@._V1_SX300.jpg
88094,https://m.media-amazon.com/images/M/MV5BMTUxNTgxNDgwNF5BMl5BanBnXkFtZTcwMjIwMDI2Nw@@._V1_SX300.jpg
88108,https://m.media-amazon.com/images/M/MV5BMjE4NjM3NjI1Nl5BMl5BanBnXkFtZTcwNjA5MzY1NQ@@._V1_SX300.jpg
88125,https://m.media-amazon.com/images/M/MV5BOTA1Mzc2N2ItZWRiNS00MjQzLTlmZDQtMjU0NmY1YWRkMGQ4XkEyXkFqcGc@._V1_SX300.jpg
88129,https://m.media-amazon.com/images/M/MV5BYTFmNTFlOTAtNzEyNi00MWU2LTg3MGEtYjA2NWY3MDliNjlkXkEyXkFqcGc@._V1_SX300.jpg
88140,https://m.media-amazon.com/images/M/MV5BNzUyM2YyY2MtNzNlMS00MWU5LTgxNjAtNzZlNmI2NjU2NDZlXkEyXkFqcGc@._V1_SX300.jpg
88163,https://m.media-amazon.com/images/M/MV5BMTg2MjkwMTM0NF5BMl5BanBnXkFtZTcwMzc4NDg2NQ@@._V1_SX300.jpg
88179,https://m.media-amazon.com/images/M/MV5BMTQ3NTg2MDI3NF5BMl5BanBnXkFtZTcwMjc5MTA1NA@@._V1_SX300.jpg
88235,https://m.media-amazon.com/images/M/MV5BMTgxNTIwOTk5OV5BMl5BanBnXkFtZTcwMDA5Njk2NQ@@._V1_SX300.jpg
88267,https://m.media-amazon.com/images/M/MV5BMjI2MTMxMDYwMl5BMl5BanBnXkFtZTcwMDM0NTQ4NA@@._V1_SX300.jpg
88272,https://m.media-amazon.com/images/M/MV5BZWM3YTFjOWItMzJjZC00YmIzLTliOGEtYmFlNTJiN2YwNWFhXkEyXkFqcGc@._V1_SX300.jpg
88327,https://m.media-amazon.com/images/M/MV5BYjZiZTE2ZTYtZjQxYy00OGQ0LWE1OGItMTdlNDUyY2EzYmFiXkEyXkFqcGc@._V1_SX300.jpg
88345,https://m.media-amazon.com/images/M/MV5BMDdlNGQyODMtMjE1My00NTJlLTljMzYtZDNlYjA1YjMxYTI3XkEyXkFqcGdeQXVyNDgyODgxNjE@._V1_SX300.jpg
88356,https://m.media-amazon.com/images/M/MV5BNzQxNDYyNTQtYjg1OC00OGJiLTk2YjMtZjZjZDgwOWFlOTJjXkEyXkFqcGc@._V1_SX300.jpg
88405,https://m.media-amazon.com/images/M/MV5BMTQ2MzQ0NTk4N15BMl5BanBnXkFtZTcwMDc2NDYzNQ@@._V1_SX300.jpg
88448,https://m.media-amazon.com/images/M/MV5BMTQzMzMyMDI1N15BMl5BanBnXkFtZTcwNzM1NDQ4NA@@._V1_SX300.jpg
88515,https://m.media-amazon.com/images/M/MV5BMTQ2MjAyMDY0NF5BMl5BanBnXkFtZTcwODMwOTY1OQ@@._V1_SX300.jpg
88593,https://m.media-amazon.com/images/M/MV5BNWZmYmYzZjItMDU0Zi00MWEyLWI5ODgtMWVkMzk5ZmU0ZGU2XkEyXkFqcGc@._V1_SX300.jpg
88672,https://m.media-amazon.com/images/M/MV5BMTU3NjM3Mzg0Ml5BMl5BanBnXkFtZTcwOTk4MDI3NQ@@._V1_SX300.jpg
88697,https://m.media-amazon.com/images/M/MV5BZWU3ZmE4OGMtYzJhZi00ZmZiLWIyOTUtOWYzNzA5ZmJkZTk4XkEyXkFqcGc@._V1_SX300.jpg
88699,https://m.media-amazon.com/images/M/MV5BMTk0OTUxNTYxNF5BMl5BanBnXkFtZTcwMzA1MDIyNQ@@._V1_SX300.jpg
88744,https://m.media-amazon.com/images/M/MV5BMjllODU1NDItODU1Ni00N2Y2LTg4Y2ItOTJjMTczZDliN2FhXkEyXkFqcGc@._V1_SX300.jpg
88746,https://m.media-amazon.com/images/M/MV5BMTkxOTU3Nzc2NF5BMl5BanBnXkFtZTcwMTAwNTY0NQ@@._V1_SX300.jpg
88785,https://m.media-amazon.com/images/M/MV5BMTk3NTM4NDg3OF5BMl5BanBnXkFtZTcwNDk3MzEwNQ@@._V1_SX300.jpg
88810,https://m.media-amazon.com/images/M/MV5BMTM5OTMyMjIxOV5BMl5BanBnXkFtZTcwNzU4MjIwNQ@@._V1_SX300.jpg
88812,https://m.media-amazon.com/images/M/MV5BMTM5NjM0ODY1NF5BMl5BanBnXkFtZTcwMjk5NjI0Ng@@._V1_SX300.jpg
88911,https://m.media-amazon.com/images/M/MV5BNDY0ZGJmZWUtZGU4OS00ZmYwLTg0YWMtN2Y2MjJjZTI2N2Y5XkEyXkFqcGc@._V1_SX300.jpg
88932,https://m.media-amazon.com/images/M/MV5BMTgyOTExNDc1M15BMl5BanBnXkFtZTcwMDA0MTA4NQ@@._V1_SX300.jpg
88954,https://m.media-amazon.com/images/M/MV5BMzA1NTQzMjAyOV5BMl5BanBnXkFtZTcwNDcyMjY2Ng@@._V1_SX300.jpg
89028,https://m.media-amazon.com/images/M/MV5BMTYwMDk4ODU0OV5BMl5BanBnXkFtZTcwMDY2NDE0Ng@@._V1_SX300.jpg
89030,https://m.media-amazon.com/images/M/MV5BMjAyMTZmYjItODUyMC00MGMyLTlhMzItODZkNWE2NzI0Mzc1XkEyXkFqcGc@._V1_SX300.jpg
89039,https://m.media-amazon.com/images/M/MV5BMTAzNTIzMjkxNjJeQTJeQWpwZ15BbWU3MDEwNDQ2OTU@._V1_SX300.jpg
89047,https://m.media-amazon.com/images/M/MV5BMTUzMjU1NzY4NV5BMl5BanBnXkFtZTcwODg0ODU4NA@@._V1_SX300.jpg
89072,https://m.media-amazon.com/images/M/MV5BMTg4NTYwNDc0MF5BMl5BanBnXkFtZTcwNDg1NzM5NA@@._V1_SX300.jpg
89085,https://m.media-amazon.com/images/M/MV5BZjVjM2RkYmItM2JmMi00MTg4LWIxZWUtODcxMGQxZDQzODQyXkEyXkFqcGc@._V1_SX300.jpg
89087,https://m.media-amazon.com/images/M/MV5BMTM0NDI2NjgxNl5BMl5BanBnXkFtZTcwMTYyNjA3NQ@@._V1_SX300.jpg
89090,https://m.media-amazon.com/images/M/MV5BMTYwMjg3MTk3M15BMl5BanBnXkFtZTcwMjM4NjgzNA@@._V1_SX300.jpg
89118,https://m.media-amazon.com/images/M/MV5BYjgzMDNlOTgtMDM1Ny00MjdmLWIwNjItN2IzYzRiZGY4MWY3XkEyXkFqcGc@._V1_SX300.jpg
89190,https://m.media-amazon.com/images/M/MV5BMTQ1NDUyODk5NF5BMl5BanBnXkFtZTcwODk0MjIwNg@@._V1_SX300.jpg
89208,https://m.media-amazon.com/images/M/MV5BM2U0ZjI0YmEtYjU2Yi00ZjUyLWIzMzItZjcwMjA4NzRjNGU2XkEyXkFqcGc@._V1_SX300.jpg
89281,https://m.media-amazon.com/images/M/MV5BOTcxODAwMDYwNV5BMl5BanBnXkFtZTcwNzQ3MjQzMg@@._V1_SX300.jpg
89305,https://m.media-amazon.com/images/M/MV5BZGFmNzAyMjUtMjBkZC00NGY2LWI3ZDQtYjI5N2NiZDkxOTMwXkEyXkFqcGc@._V1_SX300.jpg
89343,https://m.media-amazon.com/images/M/MV5BMTQyNjMwMzA1MV5BMl5BanBnXkFtZTcwMzQyNDAxNg@@._V1_SX300.jpg
89386,https://m.media-amazon.com/images/M/MV5BMTM3Njc0NTg3OV5BMl5BanBnXkFtZTcwMTc2NDExNg@@._V1_SX300.jpg
89388,https://m.media-amazon.com/images/M/MV5BMzUyNDY1Mzk0NV5BMl5BanBnXkFtZTcwNDQwODg2Ng@@._V1_SX300.jpg
89427,https://m.media-amazon.com/images/M/MV5BZDdhMGQ4Y2EtMzdhYy00NWViLWJjMWUtNTA3YTJmY2U0ZGM4XkEyXkFqcGc@._V1_SX300.jpg
89470,https://m.media-amazon.com/images/M/MV5BMTY3MDk5MDc3OV5BMl5BanBnXkFtZTcwNzAyNTg0Ng@@._V1_SX300.jpg
89492,https://m.media-amazon.com/images/M/MV5BMjAxOTU3Mzc1M15BMl5BanBnXkFtZTcwMzk1ODUzNg@@._V1_SX300.jpg
89580,https://m.media-amazon.com/images/M/MV5BNzYzNjQ4YmYtODY5Mi00NjYyLTgyYjQtODJhMTMwNzU1NmRmXkEyXkFqcGc@._V1_SX300.jpg
89582,https://m.media-amazon.com/images/M/MV5BMTQ2NjY3NzU1NV5BMl5BanBnXkFtZTcwODA5MjgxNg@@._V1_SX300.jpg
89586,https://m.media-amazon.com/images/M/MV5BNGIzN2JiODEtMzNjOC00NmU5LWFkYmEtYWRhODI0MGVlYjVhXkEyXkFqcGc@._V1_SX300.jpg
89678,https://m.media-amazon.com/images/M/MV5BMjA1ODE4MzAwOF5BMl5BanBnXkFtZTcwNTAyMjE2MQ@@._V1_SX300.jpg
89745,https://m.media-amazon.com/images/M/MV5BNGE0YTVjNzUtNzJjOS00NGNlLTgxMzctZTY4YTE1Y2Y1ZTU4XkEyXkFqcGc@._V1_SX300.jpg
89753,https://m.media-amazon.com/images/M/MV5BMTU2OTkwNzMyM15BMl5BanBnXkFtZTcwOTI4ODg2Ng@@._V1_SX300.jpg
89759,https://m.media-amazon.com/images/M/MV5BMDM0ZWRmMzctM2M5ZS00ZjU0LWIxN2MtNWNlNGY1ZDhjMDVhXkEyXkFqcGc@._V1_SX300.jpg
89761,https://m.media-amazon.com/images/M/MV5BMTU5Mjk3NjgxMl5BMl5BanBnXkFtZTcwMDM5MjA5Ng@@._V1_SX300.jpg
89774,https://m.media-amazon.com/images/M/MV5BMTk4ODk5MTMyNV5BMl5BanBnXkFtZTcwMDMyNTg0Ng@@._V1_SX300.jpg
89804,https://m.media-amazon.com/images/M/MV5BNTU4MjkzNTY0OF5BMl5BanBnXkFtZTcwNDI5ODIxNg@@._V1_SX300.jpg
89837,https://m.media-amazon.com/images/M/MV5BNzM3NzU2NzUzMV5BMl5BanBnXkFtZTcwNjY2OTUxNw@@._V1_SX300.jpg
89840,https://m.media-amazon.com/images/M/MV5BMTc4MDAxMjAzNV5BMl5BanBnXkFtZTcwNTY3ODg3NQ@@._V1_SX300.jpg
89862,https://m.media-amazon.com/images/M/MV5BMTc4OTM5MDU1N15BMl5BanBnXkFtZTcwMDM3ODYyNg@@._V1_SX300.jpg
89864,https://m.media-amazon.com/images/M/MV5BNjg3ODQyNTIyN15BMl5BanBnXkFtZTcwMjUzNzM5NQ@@._V1_SX300.jpg
89898,https://m.media-amazon.com/images/M/MV5BMTAxNzM1MDI1OTheQTJeQWpwZ15BbWU4MDk1NjQ1ODAx._V1_SX300.jpg
89904,https://m.media-amazon.com/images/M/MV5BYjEwOGZmM2QtNjY4Mi00NjI0LTkyZjItZDEzZGI1YTEzMDg1XkEyXkFqcGc@._V1_SX300.jpg
89939,https://m.media-amazon.com/images/M/MV5BNTljNTI1N2ItNWQyNS00NDNmLThmYTQtZmExNmIzZTFiZDBkXkEyXkFqcGdeQXVyMTIxOTk5MzY@._V1_SX300.jpg
89945,https://m.media-amazon.com/images/M/MV5BNDdkMWRmZGEtMzBiMi00ZjY0LTg4NDMtNDUwNTc2ODk0ZDYwXkEyXkFqcGc@._V1_SX300.jpg
90057,https://m.media-amazon.com/images/M/MV5BNzgzODA5MTU3MF5BMl5BanBnXkFtZTcwODY4MDEwNg@@._V1_SX300.jpg
90243,https://m.media-amazon.com/images/M/MV5BZDVhYjhkNmItNzI0YS00MDc2LWJlNjAtODNiMjUzYmU1ZmRjXkEyXkFqcGc@._V1_SX300.jpg
90245,https://m.media-amazon.com/images/M/MV5BM2QzZjczYWUtNzcwZS00ZTI4LTg0MTMtNGZmMDM1OGEzMTE3XkEyXkFqcGc@._V1_SX300.jpg
90249,https://m.media-amazon.com/images/M/MV5BMjEzMzEzNjg0N15BMl5BanBnXkFtZTcwMzg4NDk0Ng@@._V1_SX300.jpg
90343,https://m.media-amazon.com/images/M/MV5BMTY3MjIzMjk4M15BMl5BanBnXkFtZTcwMzMxMzIzNg@@._V1_SX300.jpg
90345,https://m.media-amazon.com/images/M/MV5BMTMxMjI0MzUyNl5BMl5BanBnXkFtZTcwNjc1NzE5NQ@@._V1_SX300.jpg
90353,https://m.media-amazon.com/images/M/MV5BMTMwMjAyMTg0N15BMl5BanBnXkFtZTcwNjAzMTQ3NA@@._V1_SX300.jpg
90357,https://m.media-amazon.com/images/M/MV5BMjIwNzAxMDgxM15BMl5BanBnXkFtZTcwODM5NzU4NQ@@._V1_SX300.jpg
90374,https://m.media-amazon.com/images/M/MV5BMTc1MTYwMzg1N15BMl5BanBnXkFtZTcwNzM0MDY4Ng@@._V1_SX300.jpg
90376,https://m.media-amazon.com/images/M/MV5BMjE0NDE0MjYxNF5BMl5BanBnXkFtZTcwNjM2NTY5Ng@@._V1_SX300.jpg
90384,https://m.media-amazon.com/images/M/MV5BMjMxMTY4MjMyOV5BMl5BanBnXkFtZTgwMzQ0NjAwNzE@._V1_SX300.jpg
90403,https://m.media-amazon.com/images/M/MV5BMTM3OTc2OTM2OF5BMl5BanBnXkFtZTcwMDM1MjU1NQ@@._V1_SX300.jpg
90405,https://m.media-amazon.com/images/M/MV5BMjA3NzI1ODc1MV5BMl5BanBnXkFtZTcwMzI5NjQwNg@@._V1_SX300.jpg
90428,https://m.media-amazon.com/images/M/MV5BMjI1Yjc1YmYtYzQxYy00MjVkLTg5YTItY2QzMTg5YjJjODQyXkEyXkFqcGc@._V1_SX300.jpg
90430,https://m.media-amazon.com/images/M/MV5BMTc4MjAyMDUwNl5BMl5BanBnXkFtZTcwOTQwMDMwNw@@._V1_SX300.jpg
90439,https://m.media-amazon.com/images/M/MV5BMjE5NzkyNDI2Nl5BMl5BanBnXkFtZTcwMTYzNDc2Ng@@._V1_SX300.jpg
90469,https://m.media-amazon.com/images/M/MV5BMTk0MTQzODQzOV5BMl5BanBnXkFtZTcwMDQ2NzQ3Ng@@._V1_SX300.jpg
90471,https://m.media-amazon.com/images/M/MV5BMTYzODIxNjAxNV5BMl5BanBnXkFtZTcwOTcxNzQzNg@@._V1_SX300.jpg
90522,https://m.media-amazon.com/images/M/MV5BMTc0MTM3NzEzMl5BMl5BanBnXkFtZTcwNjE5MTU3NQ@@._V1_SX300.jpg
90524,https://m.media-amazon.com/images/M/MV5BMTkxNzU3OTg0Nl5BMl5BanBnXkFtZTcwNDY5MDY2Ng@@._V1_SX300.jpg
90528,https://m.media-amazon.com/images/M/MV5BYjc2YzZmNjEtZmVlOS00YWYzLTk4YTItNWUzN2ZmM2MzYjJkXkEyXkFqcGc@._V1_SX300.jpg
90531,https://m.media-amazon.com/images/M/MV5BM2I4YjYzYmQtNGM4Yy00NmYwLWEzYjUtMDBmNjYzZmViZWE3XkEyXkFqcGc@._V1_SX300.jpg
90576,https://m.media-amazon.com/images/M/MV5BMjIzNTc2MTgwNV5BMl5BanBnXkFtZTcwMzYzMzgxNQ@@._V1_SX300.jpg
90600,https://m.media-amazon.com/images/M/MV5BMjE4OTgzOTI2Nl5BMl5BanBnXkFtZTcwMjM5MDg0Nw@@._V1_SX300.jpg
90603,https://m.media-amazon.com/images/M/MV5BNTJjMmVkZjctNjNjMS00ZmI2LTlmYWEtOWNiYmQxYjY0YWVhXkEyXkFqcGdeQXVyNTAyODkwOQ@@._V1_SX300.jpg
90630,https://m.media-amazon.com/images/M/MV5BYmI3ZDE0ZTUtMzQ2My00M2YyLWExOWEtYzdiZjlhNjMwNGJiXkEyXkFqcGc@._V1_SX300.jpg
90647,https://m.media-amazon.com/images/M/MV5BOTQwMGU5YTEtYmQzMy00MTM0LWFhNzAtOGY2Yzc1MzBkYTYyXkEyXkFqcGc@._V1_SX300.jpg
90717,https://m.media-amazon.com/images/M/MV5BMTY1NDQxMTcwOV5BMl5BanBnXkFtZTcwNzMzNTExNg@@._V1_SX300.jpg
90719,https://m.media-amazon.com/images/M/MV5BMTc0NDM4ODU2Nl5BMl5BanBnXkFtZTcwNzQ0NTg4Ng@@._V1_SX300.jpg
90738,https://m.media-amazon.com/images/M/MV5BMjIwNjM5NTE1M15BMl5BanBnXkFtZTcwMzgxOTA1Ng@@._V1_SX300.jpg
90746,https://m.media-amazon.com/images/M/MV5BNDE5MDExNTQ1OF5BMl5BanBnXkFtZTcwMDIxMTM5Ng@@._V1_SX300.jpg
90769,https://m.media-amazon.com/images/M/MV5BNDU3ODE1NTk0OV5BMl5BanBnXkFtZTgwMjk5MzA2MDE@._V1_SX300.jpg
90809,https://m.media-amazon.com/images/M/MV5BMTQ2MTI2OTEwNF5BMl5BanBnXkFtZTcwODUwMzc3Ng@@._V1_SX300.jpg
90863,https://m.media-amazon.com/images/M/MV5BNmI1NGU2OTQtMTI1OC00MzU0LTkyZjMtNjZhMzVmNmExNDRhXkEyXkFqcGc@._V1_SX300.jpg
90866,https://m.media-amazon.com/images/M/MV5BMjAzNzk5MzgyNF5BMl5BanBnXkFtZTcwOTE4NDU5Ng@@._V1_SX300.jpg
90888,https://m.media-amazon.com/images/M/MV5BMTMzMjA2MjA2N15BMl5BanBnXkFtZTcwMTkwNTc5Ng@@._V1_SX300.jpg
90890,https://m.media-amazon.com/images/M/MV5BNjczMTU5OTUyMl5BMl5BanBnXkFtZTcwODEzNjc3Ng@@._V1_SX300.jpg
90943,https://m.media-amazon.com/images/M/MV5BNTQyODM2MzMxMV5BMl5BanBnXkFtZTcwNDIzNjY5Ng@@._V1_SX300.jpg
90945,https://m.media-amazon.com/images/M/MV5BNTM1OWRkODQtYTNjMi00NmRkLTg0NzUtMGQxYWRmMDk1NGYwXkEyXkFqcGc@._V1_SX300.jpg
91077,https://m.media-amazon.com/images/M/MV5BMjAyNTA1MTcyN15BMl5BanBnXkFtZTcwNjEyODczNQ@@._V1_SX300.jpg
91079,https://m.media-amazon.com/images/M/MV5BMjAzOTgyOTU4OF5BMl5BanBnXkFtZTcwNDYxMjcxNg@@._V1_SX300.jpg
91094,https://m.media-amazon.com/images/M/MV5BMjE0MTM4NTc3NF5BMl5BanBnXkFtZTcwMjYzOTIxNg@@._V1_SX300.jpg
91104,https://m.media-amazon.com/images/M/MV5BNjBlY2M2MTctMzU3Yi00MTY3LTlkMTAtMzhlMzY1YjZlYTA2XkEyXkFqcGc@._V1_SX300.jpg
91126,https://m.media-amazon.com/images/M/MV5BMjExNzkxOTYyNl5BMl5BanBnXkFtZTcwODA0MjU4Ng@@._V1_SX300.jpg
91128,https://m.media-amazon.com/images/M/MV5BMTM5ODA4MjYxM15BMl5BanBnXkFtZTcwMTM3NTE5Ng@@._V1_SX300.jpg
91233,https://m.media-amazon.com/images/M/MV5BYTY1MmYyZTAtMGJmYS00ZjIyLTgzNjAtMDQ0MmIxZDUyZjFlXkEyXkFqcGc@._V1_SX300.jpg
91261,https://m.media-amazon.com/images/M/MV5BNjM5YTVhZjItNGQ1Mi00MGNhLWIxZTMtMmVlMjMwNWExYTNhXkEyXkFqcGc@._V1_SX300.jpg
91266,https://m.media-amazon.com/images/M/MV5BMTUwNDAzMzIxOF5BMl5BanBnXkFtZTgwNTU1NzAwNzE@._V1_SX300.jpg
91273,https://m.media-amazon.com/images/M/MV5BNDIwMTA3MDg2OV5BMl5BanBnXkFtZTcwODA1NzM1Ng@@._V1_SX300.jpg
91323,https://m.media-amazon.com/images/M/MV5BNDU4OTIzNWUtNzhhMi00NDI3LWEwZjMtODMxMTEyMmQyY2Y0XkEyXkFqcGc@._V1_SX300.jpg
91325,https://m.media-amazon.com/images/M/MV5BMTUxNzYwMTE3NV5BMl5BanBnXkFtZTcwMDY2NzU4Ng@@._V1_SX300.jpg
91337,https://m.media-amazon.com/images/M/MV5BNzQwMjc5NjExMF5BMl5BanBnXkFtZTcwODc4MTY3Mw@@._V1_SX300.jpg
91353,https://m.media-amazon.com/images/M/MV5BZmE5N2YzMTYtMmRiMC00YjllLTliMTUtN2U4Yjk3YTFlYWUxXkEyXkFqcGc@._V1_SX300.jpg
91355,https://m.media-amazon.com/images/M/MV5BZmJmNmY0ZmQtMmJmZC00ODZjLTg0MTAtM2U4YzAzMDI2MDM0XkEyXkFqcGc@._V1_SX300.jpg
91386,https://m.media-amazon.com/images/M/MV5BMTI3ZTlkMmMtYWVmZS00M2QyLTkwNWYtNTdlYmIzNzI0NmFhXkEyXkFqcGc@._V1_SX300.jpg
91414,https://m.media-amazon.com/images/M/MV5BNTczMjMwMTE2OV5BMl5BanBnXkFtZTcwNDU0NTAwNw@@._V1_SX300.jpg
91470,https://m.media-amazon.com/images/M/MV5BMTczOTc4ODE4OF5BMl5BanBnXkFtZTcwMjg3NzY0OQ@@._V1_SX300.jpg
91483,https://m.media-amazon.com/images/M/MV5BMTM4NzUyMjk2NV5BMl5BanBnXkFtZTcwOTUxNDc5OA@@._V1_SX300.jpg
91485,https://m.media-amazon.com/images/M/MV5BMTkwZGYyYzktNmEzMS00ZDkzLTlkMjEtYTdiOWExM2Y2ZjE4XkEyXkFqcGc@._V1_SX300.jpg
91488,https://m.media-amazon.com/images/M/MV5BOTAzYmU0NzctZTQwOS00MjYwLWJkZjctMmFiMWJkMTA2MjY1XkEyXkFqcGc@._V1_SX300.jpg
91500,https://m.media-amazon.com/images/M/MV5BMWI1OGM4YjQtNmIxNi00YmE2LWJkNTAtY2Q0YjU4NTI5NWQyXkEyXkFqcGc@._V1_SX300.jpg
91529,https://m.media-amazon.com/images/M/MV5BMTk4ODQzNDY3Ml5BMl5BanBnXkFtZTcwODA0NTM4Nw@@._V1_SX300.jpg
91535,https://m.media-amazon.com/images/M/MV5BMTc4Njk3MDM1Nl5BMl5BanBnXkFtZTcwODgyOTMxOA@@._V1_SX300.jpg
91542,https://m.media-amazon.com/images/M/MV5BMTQwMzQ5Njk1MF5BMl5BanBnXkFtZTcwNjIxNzIxNw@@._V1_SX300.jpg
91571,https://m.media-amazon.com/images/M/MV5BMTcyMjAwMjA2N15BMl5BanBnXkFtZTcwOTI0MjA0Ng@@._V1_SX300.jpg
91622,https://m.media-amazon.com/images/M/MV5BMTc4NzgyMjQwMV5BMl5BanBnXkFtZTcwNjMxODcwNw@@._V1_SX300.jpg
91628,https://m.media-amazon.com/images/M/MV5BMjI2Mzg2MDQxOV5BMl5BanBnXkFtZTcwNzc3NTY5Ng@@._V1_SX300.jpg
91630,https://m.media-amazon.com/images/M/MV5BMTY4MTUxMjQ5OV5BMl5BanBnXkFtZTcwNTUyMzg5Ng@@._V1_SX300.jpg
91653,https://m.media-amazon.com/images/M/MV5BMTQ0MTE3OTUwMl5BMl5BanBnXkFtZTcwODg5NjgwNw@@._V1_SX300.jpg
91658,https://m.media-amazon.com/images/M/MV5BMTczNDk4NTQ0OV5BMl5BanBnXkFtZTcwNDAxMDgxNw@@._V1_SX300.jpg
91660,https://m.media-amazon.com/images/M/MV5BZGI2MzI3OGMtZmI2NC00YWE5LTkyY2ItNGM3YzA0MjhmMjg5XkEyXkFqcGc@._V1_SX300.jpg
91666,https://m.media-amazon.com/images/M/MV5BMmM2NDE5YWEtNWQ5YS00YzBmLWFmZWQtY2IxYWEyYTU4Y2U2XkEyXkFqcGc@._V1_SX300.jpg
91671,https://m.media-amazon.com/images/M/MV5BNmE1NDE2MzktMzRkMi00YzRkLWFmMjYtZjlkODFkNTFkYzQxXkEyXkFqcGc@._V1_SX300.jpg
91688,https://m.media-amazon.com/images/M/MV5BNjAxMDg5MDY3Ml5BMl5BanBnXkFtZTcwMzg1MTc4NQ@@._V1_SX300.jpg
91690,https://m.media-amazon.com/images/M/MV5BMjIyMDI5ODkzNl5BMl5BanBnXkFtZTcwMTE4MzQzNw@@._V1_SX300.jpg
91784,https://m.media-amazon.com/images/M/MV5BMjA3NzI2NjkxOV5BMl5BanBnXkFtZTcwNTg1MDI2NA@@._V1_SX300.jpg
91842,https://m.media-amazon.com/images/M/MV5BMjE3NzY5NTg0OF5BMl5BanBnXkFtZTcwODk4MzgxNw@@._V1_SX300.jpg
91860,https://m.media-amazon.com/images/M/MV5BNzUxMGIwMmItYTQ5Zi00N2UyLThkODEtOWFjZjc1YzZhMTkxL2ltYWdlXkEyXkFqcGdeQXVyMjE4MTIyNDI@._V1_SX300.jpg
91869,https://m.media-amazon.com/images/M/MV5BMTQ4ODk3MDMwOF5BMl5BanBnXkFtZTcwMjQ5MzI4Ng@@._V1_SX300.jpg
91873,https://m.media-amazon.com/images/M/MV5BMjEwNjAzMzUyN15BMl5BanBnXkFtZTcwMDUxNDQxNw@@._V1_SX300.jpg
91890,https://m.media-amazon.com/images/M/MV5BODEzNDUyMDE3NF5BMl5BanBnXkFtZTcwMTgzOTg3Ng@@._V1_SX300.jpg
91935,https://m.media-amazon.com/images/M/MV5BMjI3ODY3OTczNF5BMl5BanBnXkFtZTcwODkxNTE0Ng@@._V1_SX300.jpg
91947,https://m.media-amazon.com/images/M/MV5BNjA2NDkwMzEyOF5BMl5BanBnXkFtZTcwMzMzNDMyOA@@._V1_SX300.jpg
91974,https://m.media-amazon.com/images/M/MV5BMjAxMjc0ODk0OF5BMl5BanBnXkFtZTcwMTc5NDQwNw@@._V1_SX300.jpg
91976,https://m.media-amazon.com/images/M/MV5BNDY4MTQwMzc1MV5BMl5BanBnXkFtZTcwNzcwNTM5Ng@@._V1_SX300.jpg
91978,https://m.media-amazon.com/images/M/MV5BMTc5MTE4MzY2N15BMl5BanBnXkFtZTcwNjMwNDc3Ng@@._V1_SX300.jpg
91981,https://m.media-amazon.com/images/M/MV5BMTQ0MDE2MDI2OF5BMl5BanBnXkFtZTcwMTYwMDQwOA@@._V1_SX300.jpg
92008,https://m.media-amazon.com/images/M/MV5BODU3NGI0ZTctODBhYS00Y2ZmLThkZjYtMWI2YTlkMmM2ZmFlXkEyXkFqcGc@._V1_SX300.jpg
92046,https://m.media-amazon.com/images/M/MV5BMzc0OTAyMDM1NF5BMl5BanBnXkFtZTcwOTM2Mjc1Mg@@._V1_SX300.jpg
92048,https://m.media-amazon.com/images/M/MV5BMTkwNzU4MDk1OF5BMl5BanBnXkFtZTcwMjIyMjg4NQ@@._V1_SX300.jpg
92094,https://m.media-amazon.com/images/M/MV5BNTU2YWE4NTMtOGIzZC00MWMxLWIyMTItZDNiYzgzZWViZjFlXkEyXkFqcGc@._V1_SX300.jpg
92192,https://m.media-amazon.com/images/M/MV5BMTk5MTk3OTk3OV5BMl5BanBnXkFtZTcwMzg4MzgxNg@@._V1_SX300.jpg
92198,https://m.media-amazon.com/images/M/MV5BNzAxMzAyODEyMV5BMl5BanBnXkFtZTcwNjU3OTEzNw@@._V1_SX300.jpg
92234,https://m.media-amazon.com/images/M/MV5BNDQ5MTg2NzI4OF5BMl5BanBnXkFtZTcwMDM2NzQzNg@@._V1_SX300.jpg
92243,https://m.media-amazon.com/images/M/MV5BMjE3OTUzODA3Ml5BMl5BanBnXkFtZTcwNDk5NTUyNw@@._V1_SX300.jpg
92259,https://m.media-amazon.com/images/M/MV5BMTYxNDA3MDQwNl5BMl5BanBnXkFtZTcwNTU4Mzc1Nw@@._V1_SX300.jpg
92264,https://m.media-amazon.com/images/M/MV5BMTU2NzMxMDU1NF5BMl5BanBnXkFtZTcwNzYxNTA2Ng@@._V1_SX300.jpg
92309,https://m.media-amazon.com/images/M/MV5BYzA0NGNlM2EtYTdiMC00YTBiLWJjYzYtOTdmMGU0YjkyMWE5XkEyXkFqcGc@._V1_SX300.jpg
92348,https://m.media-amazon.com/images/M/MV5BMjA1OTU4MDQ4NV5BMl5BanBnXkFtZTcwODcwOTIzMQ@@._V1_SX300.jpg
92391,https://m.media-amazon.com/images/M/MV5BMjQ0NjQxOTM5N15BMl5BanBnXkFtZTcwNzUwMzMwNg@@._V1_SX300.jpg
92420,https://m.media-amazon.com/images/M/MV5BMDBmYmExZDUtYWQxZS00MWI4LTkyZTQtYzIxNzg3NjJkZjZhXkEyXkFqcGc@._V1_SX300.jpg
92422,https://m.media-amazon.com/images/M/MV5BMjEwMzIxOTg3N15BMl5BanBnXkFtZTcwMjI4ODUzNw@@._V1_SX300.jpg
92427,https://m.media-amazon.com/images/M/MV5BMTMzNTM3NzY4NV5BMl5BanBnXkFtZTcwMjc5MzE0Nw@@._V1_SX300.jpg
92439,https://m.media-amazon.com/images/M/MV5BNDg3NzE5MjU3MV5BMl5BanBnXkFtZTcwNjY1NTgxNQ@@._V1_SX300.jpg
92475,https://m.media-amazon.com/images/M/MV5BZjE4NjZmNjItMmRjMi00ZjMzLWI2MzAtMDZmZTExNjg0M2VmXkEyXkFqcGc@._V1_SX300.jpg
92494,https://m.media-amazon.com/images/M/MV5BNTg2MjlkYjktM2M4ZS00NTBhLWJlNDUtNWZlOTE1ZTFlODkxXkEyXkFqcGdeQXVyMTgwOTE5NDk@._V1_SX300.jpg
92507,https://m.media-amazon.com/images/M/MV5BMjI5ODkyMjA2Nl5BMl5BanBnXkFtZTcwNTcyNTgzNw@@._V1_SX300.jpg
92509,https://m.media-amazon.com/images/M/MV5BMjE1OTU5MjU0N15BMl5BanBnXkFtZTcwMzI3OTU5Ng@@._V1_SX300.jpg
92535,https://m.media-amazon.com/images/M/MV5BNzIxMTUxMjYzMV5BMl5BanBnXkFtZTcwMDYwMjE0Nw@@._V1_SX300.jpg
92637,https://m.media-amazon.com/images/M/MV5BODMxNjdlMjItNjlhOS00ZDJhLTg0MmItNWU3NzI0MjQ5NjQwXkEyXkFqcGc@._V1_SX300.jpg
92643,https://m.media-amazon.com/images/M/MV5BNjM0NTYyNTkwNF5BMl5BanBnXkFtZTcwMzQwOTUzNw@@._V1_SX300.jpg
92665,https://m.media-amazon.com/images/M/MV5BMjI0MTMyNTQ5NV5BMl5BanBnXkFtZTcwNTgxOTM5Nw@@._V1_SX300.jpg
92674,https://m.media-amazon.com/images/M/MV5BMTg1Mjk0NDg4NF5BMl5BanBnXkFtZTcwMjk0ODk2Ng@@._V1_SX300.jpg
92681,https://m.media-amazon.com/images/M/MV5BMjA5MTE1MjQyNV5BMl5BanBnXkFtZTcwODI4NDMwNw@@._V1_SX300.jpg
92694,https://m.media-amazon.com/images/M/MV5BMTk3MjYwMjkzOF5BMl5BanBnXkFtZTcwMTE1NjIxNw@@._V1_SX300.jpg
92730,https://m.media-amazon.com/images/M/MV5BMzZiOWQyOGMtOWU4NC00YTg0LTlhZTUtNGQxMDRhNGIxMWQ0XkEyXkFqcGdeQXVyNDUxNjc5NjY@._V1_SX300.jpg
92760,https://m.media-amazon.com/images/M/MV5BYWQ2ZDQ1NGMtYWUzNS00NmRiLTk2MjctMzM4OGUzZDVmMDQzXkEyXkFqcGc@._V1_SX300.jpg
92938,https://m.media-amazon.com/images/M/MV5BN2FmZGVlNTgtYTllNC00YmUzLTk5YmUtNWNhMzk3ZmE2NmQ0XkEyXkFqcGc@._V1_SX300.jpg
92954,https://m.media-amazon.com/images/M/MV5BZWUwZjE0OTMtNzMxZi00NzMxLWJjNjAtZTZjMjhiZjZhZjFhXkEyXkFqcGc@._V1_SX300.jpg
93006,https://m.media-amazon.com/images/M/MV5BMjA4NzRmOGEtZWU5ZC00NjM0LWEwMGQtNDY4ZDI2ZjBjYjVmXkEyXkFqcGc@._V1_SX300.jpg
93008,https://m.media-amazon.com/images/M/MV5BZDYxMTRkMTQtMDdkMS00NDM2LWI5NTktMzFlMjE3MTVkODZiXkEyXkFqcGc@._V1_SX300.jpg
93022,https://m.media-amazon.com/images/M/MV5BNDQwNDQ4ODUxNF5BMl5BanBnXkFtZTcwNTExNjkxOA@@._V1_SX300.jpg
93040,https://m.media-amazon.com/images/M/MV5BYTUwNTM2YTAtODA3Yi00YjU0LTliNzktM2YzMzk5NzU5ZTcyXkEyXkFqcGc@._V1_SX300.jpg
93114,https://m.media-amazon.com/images/M/MV5BNDYyODQwMWItNThkNy00ZDJmLWFhMTMtY2QwNWVhOTU3ZTRlXkEyXkFqcGc@._V1_SX300.jpg
93134,https://m.media-amazon.com/images/M/MV5BMTY1MzY2OTQzNF5BMl5BanBnXkFtZTcwNzM3NTIyNQ@@._V1_SX300.jpg
93139,https://m.media-amazon.com/images/M/MV5BOTA2MmNjMjgtMTllZC00OGI0LTlhOGItZmE0ZmJmNDMzNWE1XkEyXkFqcGdeQXVyNDE5MTU2MDE@._V1_SX300.jpg
93193,https://m.media-amazon.com/images/M/MV5BMjQyNjA0MjEzNl5BMl5BanBnXkFtZTcwNjkyNDU5Mw@@._V1_SX300.jpg
93208,https://m.media-amazon.com/images/M/MV5BMTlmYTM0NTItYWIzNS00ZDVhLThkODgtYjk2ZTYzNTUwMjg5XkEyXkFqcGc@._V1_SX300.jpg
93242,https://m.media-amazon.com/images/M/MV5BMTgzMTEyOTgyOF5BMl5BanBnXkFtZTcwOTY1ODkxNw@@._V1_SX300.jpg
93270,https://m.media-amazon.com/images/M/MV5BMTc1MTk0Njg4OF5BMl5BanBnXkFtZTcwODc0ODkyNw@@._V1_SX300.jpg
93272,https://m.media-amazon.com/images/M/MV5BMTU1MTAwMjk1NF5BMl5BanBnXkFtZTcwMDI5NDc4Ng@@._V1_SX300.jpg
93287,https://m.media-amazon.com/images/M/MV5BMTc0MzcwMDcyOV5BMl5BanBnXkFtZTcwNTUwMjk1Ng@@._V1_SX300.jpg
93297,https://m.media-amazon.com/images/M/MV5BMTY3NDQxMDAzM15BMl5BanBnXkFtZTcwNzEyNjgzNw@@._V1_SX300.jpg
93320,https://m.media-amazon.com/images/M/MV5BN2EyZTE5NzEtOTViOS00NzMzLWFlZTQtMDc5Y2M4ODcyZDkxXkEyXkFqcGc@._V1_SX300.jpg
93326,https://m.media-amazon.com/images/M/MV5BMTYyOTQ4MDE2MV5BMl5BanBnXkFtZTcwOTE0MTgwNw@@._V1_SX300.jpg
93363,https://m.media-amazon.com/images/M/MV5BZWNmZGYzZjUtODRmOS00ODgzLWE4NWQtMDI3MGUwNjRjYjY0XkEyXkFqcGc@._V1_SX300.jpg
93443,https://m.media-amazon.com/images/M/MV5BMTcxOTQwMTQ3MF5BMl5BanBnXkFtZTcwMDcyOTQwNw@@._V1_SX300.jpg
93502,https://m.media-amazon.com/images/M/MV5BMTg0MjUwNDM0MF5BMl5BanBnXkFtZTcwOTc1MTYxNQ@@._V1_SX300.jpg
93510,https://m.media-amazon.com/images/M/MV5BMTg2NjJiODctM2IyMS00MmQ5LWI1YmQtNTBjMTI4M2U2YzA5XkEyXkFqcGc@._V1_SX300.jpg
93512,https://m.media-amazon.com/images/M/MV5BMTgyNzQ0MjY5Ml5BMl5BanBnXkFtZTcwNDgyNzkyNw@@._V1_SX300.jpg
93563,https://m.media-amazon.com/images/M/MV5BMTg1OTQ3MzM0NV5BMl5BanBnXkFtZTcwNDU1MDI0Nw@@._V1_SX300.jpg
93598,https://m.media-amazon.com/images/M/MV5BMTM1NTE3MjkxM15BMl5BanBnXkFtZTcwMjE1Nzg4NA@@._V1_SX300.jpg
93610,https://m.media-amazon.com/images/M/MV5BZTkzY2VjOTYtNWVmMS00YmQ0LWI3OTAtZDE4ZGJkMzE4NDMxXkEyXkFqcGc@._V1_SX300.jpg
93721,https://m.media-amazon.com/images/M/MV5BMTA5NzQzODUxOTheQTJeQWpwZ15BbWU3MDIwODg1MDc@._V1_SX300.jpg
93723,https://m.media-amazon.com/images/M/MV5BMTQ3OTEwMzExOF5BMl5BanBnXkFtZTcwNjMwNTgzNw@@._V1_SX300.jpg
93740,https://m.media-amazon.com/images/M/MV5BMGQ4YzRhMzAtZGQ5ZS00NmE5LWFjYzQtNTExZWRmMTI5OWUyXkEyXkFqcGc@._V1_SX300.jpg
93766,https://m.media-amazon.com/images/M/MV5BMjMyMzk1Nzg3OF5BMl5BanBnXkFtZTcwOTQ2NjcxNw@@._V1_SX300.jpg
93790,https://m.media-amazon.com/images/M/MV5BMTM3NzQzMDA5Ml5BMl5BanBnXkFtZTcwODA5NTcyNw@@._V1_SX300.jpg
93805,https://m.media-amazon.com/images/M/MV5BMTM2MDg5MzgxNF5BMl5BanBnXkFtZTcwODUzNjMxOA@@._V1_SX300.jpg
93819,https://m.media-amazon.com/images/M/MV5BMjE0MDUyODg1MF5BMl5BanBnXkFtZTcwOTgyMzA2Nw@@._V1_SX300.jpg
93831,https://m.media-amazon.com/images/M/MV5BMTY4MTEyMzU1N15BMl5BanBnXkFtZTcwNDQ0NTc1Nw@@._V1_SX300.jpg
93838,https://m.media-amazon.com/images/M/MV5BOGUxM2Q0MzItZDRmYy00ZWY1LWFiNzctNmY3Njg2ODJjZWNmXkEyXkFqcGc@._V1_SX300.jpg
93840,https://m.media-amazon.com/images/M/MV5BNTUxNzYyMjg2N15BMl5BanBnXkFtZTcwMTExNzExNw@@._V1_SX300.jpg
93855,https://m.media-amazon.com/images/M/MV5BN2ZkYjU5ZjAtNTRjZS00MzUwLWJmMzctZDdhNDBiMWI2ZWRiXkEyXkFqcGc@._V1_SX300.jpg
93980,https://m.media-amazon.com/images/M/MV5BYmQ3MjNkYzItYWU0YS00YTYwLWE0MjAtYTU2Y2FhODRlNDFmXkEyXkFqcGc@._V1_SX300.jpg
93982,https://m.media-amazon.com/images/M/MV5BMzYxMGNmMzMtMGQ0MS00ZTYxLWJiMDYtYThiM2VkM2IwOGI2XkEyXkFqcGc@._V1_SX300.jpg
93988,https://m.media-amazon.com/images/M/MV5BZjRlZWY2ZGMtOWJkNC00OTAwLWFmNWMtMGRkZWY2ZGM1YWExXkEyXkFqcGc@._V1_SX300.jpg
94011,https://m.media-amazon.com/images/M/MV5BMTgzNjI1MTQyMF5BMl5BanBnXkFtZTcwODgyNDk3NA@@._V1_SX300.jpg
94015,https://m.media-amazon.com/images/M/MV5BMjA5Mzk2MDUyM15BMl5BanBnXkFtZTcwODYzOTAyNw@@._V1_SX300.jpg
94018,https://m.media-amazon.com/images/M/MV5BMjI5NTM5MDA2N15BMl5BanBnXkFtZTcwNjkwMzQxNw@@._V1_SX300.jpg
94070,https://m.media-amazon.com/images/M/MV5BMjIwNjkwMDI2NV5BMl5BanBnXkFtZTcwNDc1ODIyNw@@._V1_SX300.jpg
94122,https://m.media-amazon.com/images/M/MV5BNzU1NzM4MzkzNF5BMl5BanBnXkFtZTcwOTQ2OTQ0Nw@@._V1_SX300.jpg
94130,https://m.media-amazon.com/images/M/MV5BNjk1MjYzNzUxOF5BMl5BanBnXkFtZTcwOTQyODU2Nw@@._V1_SX300.jpg
94150,https://m.media-amazon.com/images/M/MV5BMjI0NDExNjcwMV5BMl5BanBnXkFtZTcwOTU4Mzg2Nw@@._V1_SX300.jpg
94160,https://m.media-amazon.com/images/M/MV5BMzEyYmU5ZGMtNzJjZi00YTg4LWE1MTItYjE4MWMwZGI3NzVlXkEyXkFqcGc@._V1_SX300.jpg
94262,https://m.media-amazon.com/images/M/MV5BYjI4NzRkYTgtNzI5Zi00ZDhlLTk1ZTQtNWZkZmRjZDYyYzdkXkEyXkFqcGc@._V1_SX300.jpg
94266,https://m.media-amazon.com/images/M/MV5BMTk3MDE1NTA3M15BMl5BanBnXkFtZTcwNDcwNTMxNw@@._V1_SX300.jpg
94323,https://m.media-amazon.com/images/M/MV5BMjExNTc4NDg3OV5BMl5BanBnXkFtZTcwNTMzNDAxNw@@._V1_SX300.jpg
94325,https://m.media-amazon.com/images/M/MV5BMTg5NDk3MjAzMF5BMl5BanBnXkFtZTcwMjUyNzExNw@@._V1_SX300.jpg
94405,https://m.media-amazon.com/images/M/MV5BMTcxNDI0NzUxMF5BMl5BanBnXkFtZTcwOTIzMjkyNw@@._V1_SX300.jpg
94478,https://m.media-amazon.com/images/M/MV5BMjNiYWMxZjctMzEyZS00NDZmLTgxYmYtM2NmOGI0MmY3ZTJiXkEyXkFqcGc@._V1_SX300.jpg
94494,https://m.media-amazon.com/images/M/MV5BMTQxNjQ2ODM5Ml5BMl5BanBnXkFtZTcwMTM3NDk1Nw@@._V1_SX300.jpg
94503,https://m.media-amazon.com/images/M/MV5BMTM4ODk4MTU3N15BMl5BanBnXkFtZTcwNDU1NDczNw@@._V1_SX300.jpg
94661,https://m.media-amazon.com/images/M/MV5BZDQyZGZmYmYtOWI2MC00ZWY4LWI2ZDItZjU1ODkxY2U2YWYzXkEyXkFqcGc@._V1_SX300.jpg
94677,https://m.media-amazon.com/images/M/MV5BM2IwMDM3ZmQtNjQ3NS00OTFiLWI5YzEtYWE3YjI5NTk3YzkwXkEyXkFqcGc@._V1_SX300.jpg
94735,https://m.media-amazon.com/images/M/MV5BN2ViMjVhOTUtMmJlOC00MDBlLWJlYjYtNTBlN2VjMGUxMjAxXkEyXkFqcGc@._V1_SX300.jpg
94777,https://m.media-amazon.com/images/M/MV5BMTU2NTYxODcwMF5BMl5BanBnXkFtZTcwNDk1NDY0Nw@@._V1_SX300.jpg
94780,https://m.media-amazon.com/images/M/MV5BY2JjYWUyZjUtMDg3OS00MGIyLTgyN2QtYjIyY2VlYzViYThlXkEyXkFqcGc@._V1_SX300.jpg
94799,https://m.media-amazon.com/images/M/MV5BMTExMzcwODc5NDBeQTJeQWpwZ15BbWU3MDQ2MzU2NTc@._V1_SX300.jpg
94810,https://m.media-amazon.com/images/M/MV5BNDZmY2YyYTktZTRiNS00OTJlLWJlOWUtNjk3MjgxZGM3NjIxXkEyXkFqcGc@._V1_SX300.jpg
94833,https://m.media-amazon.com/images/M/MV5BYjAyNDc5ZTYtZGQyZi00NGFkLWI0Y2MtNTU5YTgxNGVjY2Y1XkEyXkFqcGc@._V1_SX300.jpg
94864,https://m.media-amazon.com/images/M/MV5BMTY3NzIyNTA2NV5BMl5BanBnXkFtZTcwNzE2NjI4Nw@@._V1_SX300.jpg
94867,https://m.media-amazon.com/images/M/MV5BMTU1NDI4ODA4N15BMl5BanBnXkFtZTcwNDMyMzk4Nw@@._V1_SX300.jpg
94896,https://m.media-amazon.com/images/M/MV5BMTk2NDEwODU5M15BMl5BanBnXkFtZTcwNDMwNzc0Nw@@._V1_SX300.jpg
94919,https://m.media-amazon.com/images/M/MV5BMjI4NDUxNDQwMl5BMl5BanBnXkFtZTcwMTI0Nzc5Mw@@._V1_SX300.jpg
94931,https://m.media-amazon.com/images/M/MV5BMjIzOTc1NTExNV5BMl5BanBnXkFtZTcwOTg5MTY2Nw@@._V1_SX300.jpg
94953,https://m.media-amazon.com/images/M/MV5BMjA5NjIyOTY1Nl5BMl5BanBnXkFtZTcwMDY3NjQ0Nw@@._V1_SX300.jpg
94959,https://m.media-amazon.com/images/M/MV5BMTEwMTc3NDkzOTJeQTJeQWpwZ15BbWU3MDI4NTAwNzc@._V1_SX300.jpg
94985,https://m.media-amazon.com/images/M/MV5BYTljNDRmZmMtNTY2MS00MTA4LTg4YmEtMGUzZTVlZjcwYjA5XkEyXkFqcGc@._V1_SX300.jpg
95004,https://m.media-amazon.com/images/M/MV5BMmJhN2RmMTUtMDMzMy00YTQ4LWEyZDMtOGM1NWVmMDE3NTBjXkEyXkFqcGdeQXVyNjExODE1MDc@._V1_SX300.jpg
95067,https://m.media-amazon.com/images/M/MV5BMTAzODAwODkwMjBeQTJeQWpwZ15BbWU3MDI4MDE3NDc@._V1_SX300.jpg
95088,https://m.media-amazon.com/images/M/MV5BZDAzYTlhZjktNmFkNi00YzZjLWI4NmMtYWI1MWJiYzYwNTlkXkEyXkFqcGc@._V1_SX300.jpg
95105,https://m.media-amazon.com/images/M/MV5BYTM5OWRiZTAtOTNkMS00NzNhLTkwYmYtMWI1MzkyMjE3MWE1XkEyXkFqcGc@._V1_SX300.jpg
95135,https://m.media-amazon.com/images/M/MV5BMjIyNjkxOTkyN15BMl5BanBnXkFtZTcwNzg3MTk2Nw@@._V1_SX300.jpg
95145,https://m.media-amazon.com/images/M/MV5BNTA5ZTBiZDEtZDk5Yi00NDA4LTk4MTItMGMwMGQ4NTBhNTc3XkEyXkFqcGc@._V1_SX300.jpg
95147,https://m.media-amazon.com/images/M/MV5BZjI4ZDkwZjQtNDA5NS00OTY4LWIwNDAtMGQ0MzZjOTRkMmY5XkEyXkFqcGc@._V1_SX300.jpg
95149,https://m.media-amazon.com/images/M/MV5BZDc5NTFiMzgtZWJiOS00N2M1LWJmOGYtZmNjMzFhMzcxZjRiXkEyXkFqcGdeQXVyNTAyODkwOQ@@._V1_SX300.jpg
95163,https://m.media-amazon.com/images/M/MV5BMmI4YTg1MDYtZWQyYy00NjZjLWJiNTMtZjBhYmMxMzI2ZTVhXkEyXkFqcGc@._V1_SX300.jpg
95165,https://m.media-amazon.com/images/M/MV5BNmIxYmM1MzUtZWFhYS00YzYyLWEyZDgtZGE2NDliNzJmNWMzXkEyXkFqcGc@._V1_SX300.jpg
95167,https://m.media-amazon.com/images/M/MV5BMzgwODk3ODA1NF5BMl5BanBnXkFtZTcwNjU3NjQ0Nw@@._V1_SX300.jpg
95170,https://m.media-amazon.com/images/M/MV5BMTQxNjI2NjU4MV5BMl5BanBnXkFtZTcwNjQ2NjUwNw@@._V1_SX300.jpg
95175,https://m.media-amazon.com/images/M/MV5BN2E0OGMwZDYtNzNjNy00MTBkLTk2MGEtM2JkZGEzYTExNTE3XkEyXkFqcGc@._V1_SX300.jpg
95182,https://m.media-amazon.com/images/M/MV5BMTJiMGJlNDQtZDkwZS00MDNiLWIyMDUtYWYyMzI1MmQ0ODFhXkEyXkFqcGc@._V1_SX300.jpg
95193,https://m.media-amazon.com/images/M/MV5BYjUwMmVjNWMtNzQwNC00YzFiLTg4OGUtMzZlYTAxNzJkZDdjXkEyXkFqcGdeQXVyNzY1NDgwNjQ@._V1_SX300.jpg
95199,https://m.media-amazon.com/images/M/MV5BODYzNjI0ODUzNF5BMl5BanBnXkFtZTcwNTI1MjQ2Nw@@._V1_SX300.jpg
95201,https://m.media-amazon.com/images/M/MV5BMTcwNTg4MDMxM15BMl5BanBnXkFtZTcwNjAzMzY3Nw@@._V1_SX300.jpg
95207,https://m.media-amazon.com/images/M/MV5BNjY2Mzc0MDA4NV5BMl5BanBnXkFtZTcwOTg5OTcxNw@@._V1_SX300.jpg
95218,https://m.media-amazon.com/images/M/MV5BNDcxMzYyNzI2Ml5BMl5BanBnXkFtZTcwNjAzODg2Nw@@._V1_SX300.jpg
95307,https://m.media-amazon.com/images/M/MV5BMTg2NDQyODAzNF5BMl5BanBnXkFtZTcwMTg5MDA3Nw@@._V1_SX300.jpg
95309,https://m.media-amazon.com/images/M/MV5BNDgxYzQ5ZGYtZDAyMS00MWNiLWIwMWMtZmIwODUwODFhYjdlXkEyXkFqcGc@._V1_SX300.jpg
95311,https://m.media-amazon.com/images/M/MV5BYzVhMWQxMzUtNmE1OS00YzZlLWE4ZTgtMTg2YzFlZDNmZTgxXkEyXkFqcGc@._V1_SX300.jpg
95313,https://m.media-amazon.com/images/M/MV5BNzhkNTc3NmMtMWExMS00OTAxLTkxZWMtMDAyOTFlMTIxM2FlXkEyXkFqcGdeQXVyNDgyODgxNjE@._V1_SX300.jpg
95377,https://m.media-amazon.com/images/M/MV5BNzNiNzU1NmQtZmFmMi00M2ZkLWIzNmYtZWEwOTcwNGRiYjhmXkEyXkFqcGc@._V1_SX300.jpg
95441,https://m.media-amazon.com/images/M/MV5BMTQ1OTU0ODcxMV5BMl5BanBnXkFtZTcwOTMxNTUwOA@@._V1_SX300.jpg
95449,https://m.media-amazon.com/images/M/MV5BMTQzMDMzOTA5M15BMl5BanBnXkFtZTcwMjc4MTg4Nw@@._V1_SX300.jpg
95473,https://m.media-amazon.com/images/M/MV5BMTA3OGNiYzItNGNlYy00NGRiLWEwODUtMTJjZTMxNzVjYTY1XkEyXkFqcGc@._V1_SX300.jpg
95475,https://m.media-amazon.com/images/M/MV5BMTBlY2Q2OTgtNWEwYi00NTE3LWI1ZmYtY2Y0ZTRiZjdjMDBjXkEyXkFqcGc@._V1_SX300.jpg
95497,https://m.media-amazon.com/images/M/MV5BMmIyYWMwMzgtNzY4NC00MjM5LTkxNWMtMDg1NWE3ODMxODNlXkEyXkFqcGc@._V1_SX300.jpg
95499,https://m.media-amazon.com/images/M/MV5BN2U0MzdjOTItNDg5NS00NWQ0LWE5ZWEtZmRjNDVmY2NmZDFjXkEyXkFqcGc@._V1_SX300.jpg
95508,https://m.media-amazon.com/images/M/MV5BMjE3MjkwMzQ2M15BMl5BanBnXkFtZTcwNjIwNDY0Nw@@._V1_SX300.jpg
95510,https://m.media-amazon.com/images/M/MV5BMjMyOTM4MDMxNV5BMl5BanBnXkFtZTcwNjIyNzExOA@@._V1_SX300.jpg
95519,https://m.media-amazon.com/images/M/MV5BMTY5OTM1OGMtYzEyMC00YzkxLWFiMjAtM2IxODM5YWNhNjg3XkEyXkFqcGc@._V1_SX300.jpg
95543,https://m.media-amazon.com/images/M/MV5BMTM3NDM5MzY5Ml5BMl5BanBnXkFtZTcwNjExMDUwOA@@._V1_SX300.jpg
95558,https://m.media-amazon.com/images/M/MV5BMTgxNDM5MDM1Ml5BMl5BanBnXkFtZTcwOTYwNzQ3Nw@@._V1_SX300.jpg
95583,https://m.media-amazon.com/images/M/MV5BMTk0ODIyNDAyMF5BMl5BanBnXkFtZTcwMTQ5Nzg3Nw@@._V1_SX300.jpg
95624,https://m.media-amazon.com/images/M/MV5BMzFmNzg1NGItOTYxNS00ZDRkLWI2ZGMtNWY0OGI2MWNlMjhkXkEyXkFqcGc@._V1_SX300.jpg
95633,https://m.media-amazon.com/images/M/MV5BMTk5MDIzNjUwNl5BMl5BanBnXkFtZTcwMDc0MDQ0Mg@@._V1_SX300.jpg
95654,https://m.media-amazon.com/images/M/MV5BODdhM2E1M2MtZDBiZi00YzUyLTk3MWItMzI1NzE4N2IxZTQzXkEyXkFqcGc@._V1_SX300.jpg
95690,https://m.media-amazon.com/images/M/MV5BMTYzMTIzNDA3NF5BMl5BanBnXkFtZTcwMTY0NDAwNg@@._V1_SX300.jpg
95717,https://m.media-amazon.com/images/M/MV5BMjMwNDQ1NzU3OF5BMl5BanBnXkFtZTcwODY3MDc5Nw@@._V1_SX300.jpg
95720,https://m.media-amazon.com/images/M/MV5BMjU5MzI1NTk1MV5BMl5BanBnXkFtZTcwMzk5NzY5Nw@@._V1_SX300.jpg
95738,https://m.media-amazon.com/images/M/MV5BNTQyOTgzMTU4Ml5BMl5BanBnXkFtZTYwMzQ5NzQ5._V1_SX300.jpg
95744,https://m.media-amazon.com/images/M/MV5BMjI5NTU2MDgyNl5BMl5BanBnXkFtZTcwNzk4NDI5Nw@@._V1_SX300.jpg
95761,https://m.media-amazon.com/images/M/MV5BNDZmNDk5NGUtYTYwOS00MGRlLWFhZjAtOGE2MzMzM2YzNGUyXkEyXkFqcGc@._V1_SX300.jpg
95771,
95780,https://m.media-amazon.com/images/M/MV5BM2MyZjViODMtMmNiZi00Y2U5LWEyNDktOTAyYzRhNjFhNTc3XkEyXkFqcGc@._V1_SX300.jpg
95796,https://m.media-amazon.com/images/M/MV5BZTkwYjRjZGYtODQ2ZS00MWZkLTg5OTMtNDNhYThjNmIzMzljXkEyXkFqcGc@._V1_SX300.jpg
95839,https://m.media-amazon.com/images/M/MV5BM2JlNjNlNjUtNmUwYy00ZWVjLWIyN2QtMjE4OTk2MmYxZWVhXkEyXkFqcGc@._V1_SX300.jpg
95843,https://m.media-amazon.com/images/M/MV5BOTIyODhlZjEtNjhiMS00NDAwLWFkNzktYzZlMTdhYzMxY2MwXkEyXkFqcGc@._V1_SX300.jpg
95858,https://m.media-amazon.com/images/M/MV5BNzdmYzM2YmMtMzcxMC00NWQ1LTliYjktOGEyN2UwMTFlZmE5XkEyXkFqcGc@._V1_SX300.jpg
95873,https://m.media-amazon.com/images/M/MV5BMjE2OTM5OTUyOF5BMl5BanBnXkFtZTcwODI4Nzg3Nw@@._V1_SX300.jpg
95875,https://m.media-amazon.com/images/M/MV5BOWYzNDNiYzUtNWMwOS00YmFkLTkzN2UtYmVmOGJlNDdjZWUyXkEyXkFqcGc@._V1_SX300.jpg
95939,https://m.media-amazon.com/images/M/MV5BMDU1MTQ0MWQtYmVkOS00Yzg1LWE0ZDEtNjM2YjQ0Y2RjYTkyXkEyXkFqcGc@._V1_SX300.jpg
95949,https://m.media-amazon.com/images/M/MV5BNzAzMDM0OTU0N15BMl5BanBnXkFtZTcwNzA0MDE0NA@@._V1_SX300.jpg
95965,https://m.media-amazon.com/images/M/MV5BMTQwMmMwMDktMmE4Ni00YjVlLWJmNmUtZjIyMTgzMTkwZjIyXkEyXkFqcGc@._V1_SX300.jpg
96004,https://m.media-amazon.com/images/M/MV5BODYxNzdlODYtYjJjMi00ZDI3LTkxYTgtNTRmNmY1ODM5ZDliXkEyXkFqcGc@._V1_SX300.jpg
96007,https://m.media-amazon.com/images/M/MV5BZWYyZmZmYzQtMzVmYS00MWI5LWJiMzctNGEzMTM3N2ZjYTJlXkEyXkFqcGc@._V1_SX300.jpg
96020,https://m.media-amazon.com/images/M/MV5BN2U5YTdiNjUtNzg3OS00MmY3LTlhMzgtNWUzOTliYzQyOTgwXkEyXkFqcGc@._V1_SX300.jpg
96079,https://m.media-amazon.com/images/M/MV5BNjAzMWNkODUtM2FlMi00NzgyLWJhMGUtMWEyNDYyZGFiN2RlXkEyXkFqcGc@._V1_SX300.jpg
96084,https://m.media-amazon.com/images/M/MV5BOTljYjQyNTAtMGYxNy00Y2ZiLWFmODUtYjQ5YjM5OTFkYTMxXkEyXkFqcGc@._V1_SX300.jpg
96110,https://m.media-amazon.com/images/M/MV5BMTY0NjI3MzM2Nl5BMl5BanBnXkFtZTcwNDgxNjA5Nw@@._V1_SX300.jpg
96114,https://m.media-amazon.com/images/M/MV5BMTU3NzEzNDA3OF5BMl5BanBnXkFtZTcwNDQ1MTkyNw@@._V1_SX300.jpg
96121,https://m.media-amazon.com/images/M/MV5BMjIxODY2OTg2N15BMl5BanBnXkFtZTcwODAyODg5Nw@@._V1_SX300.jpg
96150,https://m.media-amazon.com/images/M/MV5BMTM0MzY0NDc3NV5BMl5BanBnXkFtZTcwMTAyODY4Nw@@._V1_SX300.jpg
96281,https://m.media-amazon.com/images/M/MV5BZTI0MjA3M2ItY2QzMS00MzZiLWE5YTAtM2ZlODk1MjBhNjA0XkEyXkFqcGc@._V1_SX300.jpg
96283,https://m.media-amazon.com/images/M/MV5BMTc2MTk4MTk4Nl5BMl5BanBnXkFtZTcwMzgzOTY2Nw@@._V1_SX300.jpg
96373,https://m.media-amazon.com/images/M/MV5BMjMwOTczNzkwMl5BMl5BanBnXkFtZTcwNjIyNzE3OQ@@._V1_SX300.jpg
96411,https://m.media-amazon.com/images/M/MV5BNjhmMGNhZDgtNjM4NC00MDNjLTk3MTEtM2I5NTJlYTEyZjE2XkEyXkFqcGc@._V1_SX300.jpg
96417,https://m.media-amazon.com/images/M/MV5BNzkxNjAwMDkwOF5BMl5BanBnXkFtZTcwMTQ1NDkwOA@@._V1_SX300.jpg
96430,https://m.media-amazon.com/images/M/MV5BNDNhNzkyZWEtNzEyNy00MjYzLTg3YTktODVlZTM2Zjc0Y2IxXkEyXkFqcGc@._V1_SX300.jpg
96432,https://m.media-amazon.com/images/M/MV5BMjAxNjUyNjUwN15BMl5BanBnXkFtZTcwMDgwOTIyOA@@._V1_SX300.jpg
96448,https://m.media-amazon.com/images/M/MV5BMjAzMzY4NTk0M15BMl5BanBnXkFtZTcwMDA4ODU3Nw@@._V1_SX300.jpg
96471,https://m.media-amazon.com/images/M/MV5BMjAyNDAxOTIyNl5BMl5BanBnXkFtZTcwMDYzOTMyMQ@@._V1_SX300.jpg
96488,https://m.media-amazon.com/images/M/MV5BMjA5Nzc2NDUyN15BMl5BanBnXkFtZTcwNjQwMjc5Nw@@._V1_SX300.jpg
96518,https://m.media-amazon.com/images/M/MV5BMTgyMDkxMTgzNl5BMl5BanBnXkFtZTcwMjY3MTUyMQ@@._V1_SX300.jpg
96520,https://m.media-amazon.com/images/M/MV5BMTIzNDQzODc2OV5BMl5BanBnXkFtZTcwMzAyNjkxMQ@@._V1_SX300.jpg
96530,https://m.media-amazon.com/images/M/MV5BMTc1NjY2MTg2Ml5BMl5BanBnXkFtZTcwMzUxODMzNw@@._V1_SX300.jpg
96563,https://m.media-amazon.com/images/M/MV5BMTEyNzgwMDAyMjVeQTJeQWpwZ15BbWU3MDE2NDI0Mjc@._V1_SX300.jpg
96567,https://m.media-amazon.com/images/M/MV5BMTM2NjgyMjI3OV5BMl5BanBnXkFtZTcwMDkxMjIyOA@@._V1_SX300.jpg
96588,https://m.media-amazon.com/images/M/MV5BMTcyMTMzNzE5N15BMl5BanBnXkFtZTcwNzg5NjM5Nw@@._V1_SX300.jpg
96606,https://m.media-amazon.com/images/M/MV5BNjY3NzM4MTI5NF5BMl5BanBnXkFtZTcwMjk3NTA5Nw@@._V1_SX300.jpg
96608,https://m.media-amazon.com/images/M/MV5BNDYyZTUwMGEtNTUyZS00NmZjLWI4OTEtZDNiZTQyNGI5ODIyXkEyXkFqcGc@._V1_SX300.jpg
96610,https://m.media-amazon.com/images/M/MV5BMTg5NTA3NTg4NF5BMl5BanBnXkFtZTcwNTA0NDYzOA@@._V1_SX300.jpg
96616,https://m.media-amazon.com/images/M/MV5BMTM3NDMyNzgzMV5BMl5BanBnXkFtZTcwMjIyMTA1Nw@@._V1_SX300.jpg
96655,https://m.media-amazon.com/images/M/MV5BMTUzMTE0NTk4Ml5BMl5BanBnXkFtZTcwNjQ1OTMwOA@@._V1_SX300.jpg
96691,https://m.media-amazon.com/images/M/MV5BNGJhZTNlNmYtN2YwNi00OWQwLThhNTUtY2NlOTYwZTQ5ZjNiXkEyXkFqcGc@._V1_SX300.jpg
96726,https://m.media-amazon.com/images/M/MV5BMTA5MjQ1MzE2NzNeQTJeQWpwZ15BbWU3MDk2ODkzNjc@._V1_SX300.jpg
96728,https://m.media-amazon.com/images/M/MV5BMTQ2NjQ5MzMwMF5BMl5BanBnXkFtZTcwMjczNTAzOA@@._V1_SX300.jpg
96737,https://m.media-amazon.com/images/M/MV5BODkyNDQzMzUzOF5BMl5BanBnXkFtZTcwODYyMDEyOA@@._V1_SX300.jpg
96811,https://m.media-amazon.com/images/M/MV5BMjMxNjU0ODU5Ml5BMl5BanBnXkFtZTcwNjI4MzAyOA@@._V1_SX300.jpg
96815,https://m.media-amazon.com/images/M/MV5BMTUwODAxMzMwNF5BMl5BanBnXkFtZTcwMTk3MTQ5Nw@@._V1_SX300.jpg
96821,https://m.media-amazon.com/images/M/MV5BNTY0ZTI2NzQtYWI1YS00ZWM3LWFmMjMtZWYxNmNmOTI0MGJjXkEyXkFqcGc@._V1_SX300.jpg
96829,https://m.media-amazon.com/images/M/MV5BMTg2NDg3ODg4NF5BMl5BanBnXkFtZTcwNzk3NTc3Nw@@._V1_SX300.jpg
96832,https://m.media-amazon.com/images/M/MV5BODk2MDc4MDk2OF5BMl5BanBnXkFtZTcwMTcyODY1OA@@._V1_SX300.jpg
96861,https://m.media-amazon.com/images/M/MV5BMTkwNTQ0ODExOV5BMl5BanBnXkFtZTcwNjU3NDQwOA@@._V1_SX300.jpg
96917,https://m.media-amazon.com/images/M/MV5BMjIxNTUwNTU4N15BMl5BanBnXkFtZTcwNTE0MTI3Nw@@._V1_SX300.jpg
96935,https://m.media-amazon.com/images/M/MV5BNjkyMzU2ODM2N15BMl5BanBnXkFtZTcwNjA4NzYyMQ@@._V1_SX300.jpg
96945,https://m.media-amazon.com/images/M/MV5BMTM4MjI0NDQwMl5BMl5BanBnXkFtZTcwMjAwODQ0Nw@@._V1_SX300.jpg
96964,https://m.media-amazon.com/images/M/MV5BMTg5ODE1MjU3OV5BMl5BanBnXkFtZTcwNzg4NDEzOA@@._V1_SX300.jpg
96975,https://m.media-amazon.com/images/M/MV5BMTA0MjI5ODA3MjReQTJeQWpwZ15BbWU3MDI1NTE3Njc@._V1_SX300.jpg
97024,https://m.media-amazon.com/images/M/MV5BZjEyZDUyYjEtNDI4OS00MWIyLWFiM2UtNWU1NGJhMTRhNDNiXkEyXkFqcGc@._V1_SX300.jpg
97168,https://m.media-amazon.com/images/M/MV5BMTg3NDUzMzQ2OF5BMl5BanBnXkFtZTcwNzY4NTE0Nw@@._V1_SX300.jpg
97172,https://m.media-amazon.com/images/M/MV5BMjIxODY3MjEwNV5BMl5BanBnXkFtZTcwOTMzNjc4Nw@@._V1_SX300.jpg
97188,https://m.media-amazon.com/images/M/MV5BMjI5MTg1Njg0Ml5BMl5BanBnXkFtZTcwNzg2Mjc4Nw@@._V1_SX300.jpg
97194,https://m.media-amazon.com/images/M/MV5BNGE3YzU4ZDctMmM1Ni00ZDVmLWIyOTUtZTIyYTFkYjNhYzBmXkEyXkFqcGdeQXVyNDI3NzQxODA@._V1_SX300.jpg
97225,https://m.media-amazon.com/images/M/MV5BMTM3NjQyODI3M15BMl5BanBnXkFtZTcwMDM4NjM0OA@@._V1_SX300.jpg
97230,https://m.media-amazon.com/images/M/MV5BNjY4MTE5NTE1M15BMl5BanBnXkFtZTcwODA4MzEzOA@@._V1_SX300.jpg
97285,https://m.media-amazon.com/images/M/MV5BNWYxMTFmOGEtZTkyYS00MzFkLTgyNDctOTNmOWU2ZGZiOWUzXkEyXkFqcGc@._V1_SX300.jpg
97304,https://m.media-amazon.com/images/M/MV5BM2QyMGUyZTEtMjE4Yi00M2RiLTgwN2QtZDMxZDNiMTFkMTFjXkEyXkFqcGc@._V1_SX300.jpg
97306,https://m.media-amazon.com/images/M/MV5BMTgwMzUxMjc0M15BMl5BanBnXkFtZTcwMzQ2MjYyOA@@._V1_SX300.jpg
97328,https://m.media-amazon.com/images/M/MV5BMGNkNWRhOGMtZWQ3Ni00ZTBiLTk0YzgtMDQyMmY5M2NiMjhlXkEyXkFqcGc@._V1_SX300.jpg
97470,https://m.media-amazon.com/images/M/MV5BMjE1OTM2NjgzNV5BMl5BanBnXkFtZTcwNzc0MTc5Ng@@._V1_SX300.jpg
97643,https://m.media-amazon.com/images/M/MV5BNDM3OTUzMTA1OF5BMl5BanBnXkFtZTcwNTkwMTE3Nw@@._V1_SX300.jpg
97665,https://m.media-amazon.com/images/M/MV5BMTQwMzUxNzAwMF5BMl5BanBnXkFtZTcwMjg4NzE1OQ@@._V1_SX300.jpg
97701,https://m.media-amazon.com/images/M/MV5BNjAxMzM0MjYwM15BMl5BanBnXkFtZTcwMjMwMjAyOA@@._V1_SX300.jpg
97742,https://m.media-amazon.com/images/M/MV5BMjE1MDE0NjUyMV5BMl5BanBnXkFtZTcwNjQzNjg5Nw@@._V1_SX300.jpg
97752,https://m.media-amazon.com/images/M/MV5BMTczMTgxMjc4NF5BMl5BanBnXkFtZTcwNjM5MTA2OA@@._V1_SX300.jpg
97757,https://m.media-amazon.com/images/M/MV5BMTIyNjE0OTg2OF5BMl5BanBnXkFtZTcwNzM3ODYyMQ@@._V1_SX300.jpg
97785,https://m.media-amazon.com/images/M/MV5BNDcwODA4MWMtNzllNS00NzQ5LTlhMWEtOTU1OTJhMTJjNzYzXkEyXkFqcGc@._V1_SX300.jpg
97836,https://m.media-amazon.com/images/M/MV5BMTUxMzEzNDQ0Nl5BMl5BanBnXkFtZTcwMDI2NTY1OA@@._V1_SX300.jpg
97858,https://m.media-amazon.com/images/M/MV5BMTc1NjQ1OTA1NF5BMl5BanBnXkFtZTcwMTk0NzcwOQ@@._V1_SX300.jpg
97860,https://m.media-amazon.com/images/M/MV5BODk3MDg2NDk5M15BMl5BanBnXkFtZTcwMjcxMjMzOA@@._V1_SX300.jpg
97866,https://m.media-amazon.com/images/M/MV5BMmJjNTI4N2YtNTM0Yi00MGIwLTliYWYtYmEzZTAwYjllNDZmXkEyXkFqcGc@._V1_SX300.jpg
97870,https://m.media-amazon.com/images/M/MV5BMTQzNTU4NjMzNV5BMl5BanBnXkFtZTcwNDQzMTY1OA@@._V1_SX300.jpg
97904,https://m.media-amazon.com/images/M/MV5BN2NlMjA0NjMtODAyNy00ZTgxLWExYzYtOGNkMjVmMGE1NjNkXkEyXkFqcGc@._V1_SX300.jpg
97913,https://m.media-amazon.com/images/M/MV5BNzMxNTExOTkyMF5BMl5BanBnXkFtZTcwMzEyNDc0OA@@._V1_SX300.jpg
97921,https://m.media-amazon.com/images/M/MV5BMTM2MTI5NzA3MF5BMl5BanBnXkFtZTcwODExNTc0OA@@._V1_SX300.jpg
97923,https://m.media-amazon.com/images/M/MV5BMTUxMjI1OTMxNl5BMl5BanBnXkFtZTcwNjc3NTY1OA@@._V1_SX300.jpg
97936,https://m.media-amazon.com/images/M/MV5BMTU0NDgxNDg0NV5BMl5BanBnXkFtZTcwMjE4MzkwOA@@._V1_SX300.jpg
97938,https://m.media-amazon.com/images/M/MV5BNTg2OTY2ODg5OF5BMl5BanBnXkFtZTcwODM5MTYxOA@@._V1_SX300.jpg
97950,https://m.media-amazon.com/images/M/MV5BMTg5ODI3ODkzOV5BMl5BanBnXkFtZTcwMTQxNjUwOA@@._V1_SX300.jpg
97988,https://m.media-amazon.com/images/M/MV5BNDEzMWU2YWUtOWVkMy00OTg0LTkyMjctMDA3MDc2NGViYjU5XkEyXkFqcGc@._V1_SX300.jpg
98061,https://m.media-amazon.com/images/M/MV5BZmUyMjk4NTItZmRhOS00YmE2LTllZDQtNDlhMzkxYmFmNjRlXkEyXkFqcGc@._V1_SX300.jpg
98083,https://m.media-amazon.com/images/M/MV5BOTkxZjlhYzAtNDExNy00NjQ4LWJiNGEtMTk5YzhhYjUwMDVhXkEyXkFqcGdeQXVyMTQxNzMzNDI@._V1_SX300.jpg
98122,https://m.media-amazon.com/images/M/MV5BMjA5NTUzMjQ1MV5BMl5BanBnXkFtZTcwMzc1MzQ4Nw@@._V1_SX300.jpg
98124,https://m.media-amazon.com/images/M/MV5BMzIxMDkxNDM2M15BMl5BanBnXkFtZTcwMDA5ODY1OQ@@._V1_SX300.jpg
98154,https://m.media-amazon.com/images/M/MV5BMTQzNzczMDUyNV5BMl5BanBnXkFtZTcwNjM2ODEzOA@@._V1_SX300.jpg
98160,https://m.media-amazon.com/images/M/MV5BMTM1NDE0NTI5OF5BMl5BanBnXkFtZTcwOTY1MTY0OA@@._V1_SX300.jpg
98175,https://m.media-amazon.com/images/M/MV5BMTg0ODkwMzI0NV5BMl5BanBnXkFtZTcwMDc4OTc2OA@@._V1_SX300.jpg
98203,https://m.media-amazon.com/images/M/MV5BMTcyMzUyMzY1OF5BMl5BanBnXkFtZTcwNDQ4ODk1OA@@._V1_SX300.jpg
98230,https://m.media-amazon.com/images/M/MV5BNTY3NTY3ODAzOF5BMl5BanBnXkFtZTcwMTI4MDQyOA@@._V1_SX300.jpg
98239,https://m.media-amazon.com/images/M/MV5BNGZhODgzYTEtNmI2Mi00MmRmLWFhYzAtNGFkNjQzZmFiM2EwXkEyXkFqcGc@._V1_SX300.jpg
98243,https://m.media-amazon.com/images/M/MV5BMTkzMjgwMDg1M15BMl5BanBnXkFtZTcwMTgzNTI1OA@@._V1_SX300.jpg
98279,https://m.media-amazon.com/images/M/MV5BMTYzNjU3NTAwOF5BMl5BanBnXkFtZTgwNTI5MDY5MDE@._V1_SX300.jpg
98296,https://m.media-amazon.com/images/M/MV5BMTM3ODIwODYxOF5BMl5BanBnXkFtZTcwNTU5MjcxOA@@._V1_SX300.jpg
98361,https://m.media-amazon.com/images/M/MV5BMjE5NTMyMjM2OF5BMl5BanBnXkFtZTcwOTUzMjk2Nw@@._V1_SX300.jpg
98491,https://m.media-amazon.com/images/M/MV5BMTM4ODg0MzM0MV5BMl5BanBnXkFtZTcwNDY2MTc3Nw@@._V1_SX300.jpg
98499,https://m.media-amazon.com/images/M/MV5BODVkMjAxODEtNWZjMy00NTA1LThhNDItMGMxYjI3NWQ0MjMxXkEyXkFqcGc@._V1_SX300.jpg
98503,https://m.media-amazon.com/images/M/MV5BNDUwMWJlYjEtZjM5Ny00MDMxLTgzZmMtYjNmZmY5ZmY3MDc4XkEyXkFqcGc@._V1_SX300.jpg
98585,https://m.media-amazon.com/images/M/MV5BODAwNDI5NjIwN15BMl5BanBnXkFtZTcwNjc4ODc2OA@@._V1_SX300.jpg
98604,https://m.media-amazon.com/images/M/MV5BMWVjMWRhMzYtOGRmMi00ODExLTk2M2YtZDhjNGY5OWQ5NDY4XkEyXkFqcGc@._V1_SX300.jpg
98607,https://m.media-amazon.com/images/M/MV5BMzMxYWE5ZjMtMGJiMi00YmZjLTg2MGEtMWY1YjBkNWUxNzQ5XkEyXkFqcGc@._V1_SX300.jpg
98623,https://m.media-amazon.com/images/M/MV5BMjY1MjY3OGMtNGRmMi00MDk4LWIwODktYzVkZGFiMTQwYzczXkEyXkFqcGc@._V1_SX300.jpg
98633,https://m.media-amazon.com/images/M/MV5BMzhkZjQ2ZDAtYjhkNS00MzczLWI3NjAtMTkzNjRkOGNiN2ExXkEyXkFqcGc@._V1_SX300.jpg
98697,https://m.media-amazon.com/images/M/MV5BNzA2M2E1MzYtOWE1Yy00YjMyLWE4MTYtYTkyODUzNjc3NTkzXkEyXkFqcGc@._V1_SX300.jpg
98799,https://m.media-amazon.com/images/M/MV5BMzQ5NjExODAzM15BMl5BanBnXkFtZTcwMDcwMjEyOQ@@._V1_SX300.jpg
98809,https://m.media-amazon.com/images/M/MV5BMTcwNTE4MTUxMl5BMl5BanBnXkFtZTcwMDIyODM4OA@@._V1_SX300.jpg
98836,https://m.media-amazon.com/images/M/MV5BNjU1MzU3Nzc4OF5BMl5BanBnXkFtZTcwOTk5NDI4Nw@@._V1_SX300.jpg
98908,https://m.media-amazon.com/images/M/MV5BNDE2MGRkMDktOTMyYy00ZGNmLThlZDYtYjZkNTdkODgwZmVjXkEyXkFqcGc@._V1_SX300.jpg
98961,https://m.media-amazon.com/images/M/MV5BMTQ4OTUyNzcwN15BMl5BanBnXkFtZTcwMTQ1NDE3OA@@._V1_SX300.jpg
99005,https://m.media-amazon.com/images/M/MV5BMTAyOTc4OTg2MzJeQTJeQWpwZ15BbWU3MDk0NzgyNzg@._V1_SX300.jpg
99007,https://m.media-amazon.com/images/M/MV5BNTM2YWZhMDUtMzEzMi00YzUzLWI0ZjYtNzgzNTA4YWEzOTdkXkEyXkFqcGc@._V1_SX300.jpg
99030,https://m.media-amazon.com/images/M/MV5BNjQ2ODY2Njk4Ml5BMl5BanBnXkFtZTgwNzU4MjU4MDE@._V1_SX300.jpg
99087,https://m.media-amazon.com/images/M/MV5BMTY1MTU1OTA5NF5BMl5BanBnXkFtZTcwNTM1MTQyOA@@._V1_SX300.jpg
99106,https://m.media-amazon.com/images/M/MV5BMTY5ODAxNDc0Nl5BMl5BanBnXkFtZTcwMzg0NDY1OA@@._V1_SX300.jpg
99112,https://m.media-amazon.com/images/M/MV5BMTM1NjUxMDI3OV5BMl5BanBnXkFtZTcwNjg1ODM3OA@@._V1_SX300.jpg
99114,https://m.media-amazon.com/images/M/MV5BMjIyNTQ5NjQ1OV5BMl5BanBnXkFtZTcwODg1MDU4OA@@._V1_SX300.jpg
99117,https://m.media-amazon.com/images/M/MV5BNzQxMDQ1NjA4N15BMl5BanBnXkFtZTcwNTE5MjQ3OA@@._V1_SX300.jpg
99122,https://m.media-amazon.com/images/M/MV5BYmY5NWE3ZTAtYjI0NS00NDA4LWJhODAtMzI5OWM4NjZhNGY4XkEyXkFqcGc@._V1_SX300.jpg
99130,https://m.media-amazon.com/images/M/MV5BMTQ5ZDA0OTQtNGNkMy00OTNmLWEwZDUtNjZmOTIzYTZkMDBiXkEyXkFqcGc@._V1_SX300.jpg
99145,https://m.media-amazon.com/images/M/MV5BZjM1ZTJkMjctY2M0ZC00ZTkyLTliYTktNzYxYWIzYTAyOTRjXkEyXkFqcGc@._V1_SX300.jpg
99149,https://m.media-amazon.com/images/M/MV5BY2Q1YjIxZTAtZTU0YS00ZmE5LWEwODEtY2IyYWM2ZTJlOWE1XkEyXkFqcGc@._V1_SX300.jpg
99191,https://m.media-amazon.com/images/M/MV5BMjE2Mzc5NTAtYmJlYy00Y2Y4LWE3NTItZjlkMmEwYjA1ODlmXkEyXkFqcGc@._V1_SX300.jpg
99415,https://m.media-amazon.com/images/M/MV5BMzkyNDExOTA1Nl5BMl5BanBnXkFtZTcwNjgzODE4OA@@._V1_SX300.jpg
99437,https://m.media-amazon.com/images/M/MV5BMTUyNzIyNzc0MV5BMl5BanBnXkFtZTcwOTM5ODg1OA@@._V1_SX300.jpg
99532,https://m.media-amazon.com/images/M/MV5BMTkzMzIxNTQ4MF5BMl5BanBnXkFtZTcwNzQwMDcxMQ@@._V1_SX300.jpg
99574,https://m.media-amazon.com/images/M/MV5BMTQxNDYzNzgyOF5BMl5BanBnXkFtZTcwNTU0NTI1OA@@._V1_SX300.jpg
99636,https://m.media-amazon.com/images/M/MV5BMmMwYzZhNTgtMzhhZC00N2FmLTlmY2MtZWJmZWE2MjJhMGE4XkEyXkFqcGc@._V1_SX300.jpg
99638,https://m.media-amazon.com/images/M/MV5BMTY0NzA5NTAzN15BMl5BanBnXkFtZTgwMzg0MTE0MjE@._V1_SX300.jpg
99721,https://m.media-amazon.com/images/M/MV5BMTQzMzAyNTE2N15BMl5BanBnXkFtZTcwNzM1NDg2OA@@._V1_SX300.jpg
99728,https://m.media-amazon.com/images/M/MV5BMTcwMjAyMTUzMl5BMl5BanBnXkFtZTcwODgxNzk1OA@@._V1_SX300.jpg
99750,https://m.media-amazon.com/images/M/MV5BNDQyMjM5MTc2OF5BMl5BanBnXkFtZTgwMzg1NTMxMjE@._V1_SX300.jpg
99764,https://m.media-amazon.com/images/M/MV5BMDI3MmI1MzYtZmE3ZC00MWY2LThiYWYtMmYxNTEzZGE2ZWI2XkEyXkFqcGc@._V1_SX300.jpg
99813,https://m.media-amazon.com/images/M/MV5BYTEzMmE0ZDYtYWNmYi00ZWM4LWJjOTUtYTE0ZmQyYWM3ZjA0XkEyXkFqcGdeQXVyNTA4NzY1MzY@._V1_SX300.jpg
99846,https://m.media-amazon.com/images/M/MV5BYTQwMTFmOWUtOWUxMC00MzVmLTg0YjQtNDcxNTRhYTZhYTgzXkEyXkFqcGc@._V1_SX300.jpg
99853,https://m.media-amazon.com/images/M/MV5BNjRmYWE5M2ItMDc4Yi00YTRiLWJiOTAtOTI2MWUxZTg1OGRmXkEyXkFqcGdeQXVyMTc4MDc5NDA@._V1_SX300.jpg
99910,https://m.media-amazon.com/images/M/MV5BODc4NjI0OTYwNl5BMl5BanBnXkFtZTcwOTYwODQ3OA@@._V1_SX300.jpg
99917,https://m.media-amazon.com/images/M/MV5BMTQzMzQ4MDAyNF5BMl5BanBnXkFtZTcwNzE0MDk3OA@@._V1_SX300.jpg
99992,https://m.media-amazon.com/images/M/MV5BZmNmNTc3YzEtZjFhZC00OWE1LTk4MjEtNzc0N2E3MzRiMGM3XkEyXkFqcGc@._V1_SX300.jpg
100044,https://m.media-amazon.com/images/M/MV5BMDYxN2U4YjEtZmZjYS00NmJkLTg3Y2EtZjFmNmFiNmExMDMwXkEyXkFqcGc@._V1_SX300.jpg
100068,https://m.media-amazon.com/images/M/MV5BNDcxYTQ0OWUtZmNiNS00MWMyLTlhYzgtZmQ5ZGIxN2I0MzIzXkEyXkFqcGc@._V1_SX300.jpg
100083,https://m.media-amazon.com/images/M/MV5BMTg4NzQ3NDM1Nl5BMl5BanBnXkFtZTcwNjEzMjM3OA@@._V1_SX300.jpg
100106,https://m.media-amazon.com/images/M/MV5BMjIxODY1ODEzNV5BMl5BanBnXkFtZTgwMjQ0MTg0MDE@._V1_SX300.jpg
100159,https://m.media-amazon.com/images/M/MV5BMTQ5ODAwNDAzOF5BMl5BanBnXkFtZTcwMDUyOTc0OQ@@._V1_SX300.jpg
100163,https://m.media-amazon.com/images/M/MV5BMjA4MDQwODg2NV5BMl5BanBnXkFtZTcwNTc5ODc2OA@@._V1_SX300.jpg
100194,https://m.media-amazon.com/images/M/MV5BMTQ2ODMyNDg3OF5BMl5BanBnXkFtZTgwMDAwNzA2MDE@._V1_SX300.jpg
100226,https://m.media-amazon.com/images/M/MV5BMTUxNDU0MzAwNF5BMl5BanBnXkFtZTcwMzU4ODgwOA@@._V1_SX300.jpg
100277,https://m.media-amazon.com/images/M/MV5BN2E4MGFmNjYtMmZkNS00YTAyLWEwZmYtNjRiYzM3OWI1MDcxXkEyXkFqcGc@._V1_SX300.jpg
100302,https://m.media-amazon.com/images/M/MV5BMTgzNzM4ODMwNV5BMl5BanBnXkFtZTcwNDU1MzEwOQ@@._V1_SX300.jpg
100304,https://m.media-amazon.com/images/M/MV5BYTUzODUzNjctNmE2Yy00OTBiLWJiZTEtN2Y3YWU5MjM2N2I1XkEyXkFqcGc@._V1_SX300.jpg
100306,https://m.media-amazon.com/images/M/MV5BYWQ0ZGM4NTYtNDE5ZC00Yjk4LWIyMWUtYTM3MWRhNjJkMzIyXkEyXkFqcGc@._V1_SX300.jpg
100326,https://m.media-amazon.com/images/M/MV5BMTgwNjgyOTExMV5BMl5BanBnXkFtZTcwNTIzODA1OA@@._V1_SX300.jpg
100383,https://m.media-amazon.com/images/M/MV5BMTc2MzY0NDAwOF5BMl5BanBnXkFtZTcwMTE1Mzc4OA@@._V1_SX300.jpg
100390,https://m.media-amazon.com/images/M/MV5BMTY3NzM5MTk2Nl5BMl5BanBnXkFtZTcwMDQ4MjQ3OA@@._V1_SX300.jpg
100397,https://m.media-amazon.com/images/M/MV5BMjIzNTA0OTIxNV5BMl5BanBnXkFtZTcwMzA3MTM2Nw@@._V1_SX300.jpg
100487,https://m.media-amazon.com/images/M/MV5BMTQyMjYwODMwMl5BMl5BanBnXkFtZTcwODUwNzY5OA@@._V1_SX300.jpg
100498,https://m.media-amazon.com/images/M/MV5BMTcwNzgyNzUzOV5BMl5BanBnXkFtZTcwMzAwOTA5OA@@._V1_SX300.jpg
100507,https://m.media-amazon.com/images/M/MV5BMjI0NTExOTI0N15BMl5BanBnXkFtZTcwMDA0ODE3OA@@._V1_SX300.jpg
100527,https://m.media-amazon.com/images/M/MV5BMTg4MzcxODA3OV5BMl5BanBnXkFtZTcwMTYzNDkwOQ@@._V1_SX300.jpg
100553,https://m.media-amazon.com/images/M/MV5BMDE0ZTZlZDItOTgzNS00Zjg4LWEwOWEtYjc1YzY2MjliZTM5XkEyXkFqcGc@._V1_SX300.jpg
100556,https://m.media-amazon.com/images/M/MV5BZDg1NDMwMGQtMmFkZS00NTQwLTkxYjktMTlhNjI2NzNlYTQ1XkEyXkFqcGc@._V1_SX300.jpg
100579,https://m.media-amazon.com/images/M/MV5BMTM3ODMxMDY0MF5BMl5BanBnXkFtZTcwNDc3MTY0OA@@._V1_SX300.jpg
100611,https://m.media-amazon.com/images/M/MV5BMTQyMTk4NjkyMl5BMl5BanBnXkFtZTcwMzA2OTY4OA@@._V1_SX300.jpg
100714,https://m.media-amazon.com/images/M/MV5BMjA5NzgxODE2NF5BMl5BanBnXkFtZTcwNTI1NTI0OQ@@._V1_SX300.jpg
100737,https://m.media-amazon.com/images/M/MV5BNTM4MTYzNjA3Nl5BMl5BanBnXkFtZTcwMzcyNDA5OA@@._V1_SX300.jpg
100810,https://m.media-amazon.com/images/M/MV5BMTcxNDE1OTgyOF5BMl5BanBnXkFtZTcwMTEyMzMxOQ@@._V1_SX300.jpg
100843,https://m.media-amazon.com/images/M/MV5BNDgzOTQxNzU1MV5BMl5BanBnXkFtZTgwNzE3MzM4MTE@._V1_SX300.jpg
100882,https://m.media-amazon.com/images/M/MV5BMTQzMzUxNzk0NV5BMl5BanBnXkFtZTgwMTEwOTE4MDE@._V1_SX300.jpg
100906,https://m.media-amazon.com/images/M/MV5BNjUwOTAzZDQtZDVjNS00ZWVjLWEzNzktMjc0YWJhNjMyMzA4XkEyXkFqcGc@._V1_SX300.jpg
101025,https://m.media-amazon.com/images/M/MV5BMjE1NDMxMjI0OV5BMl5BanBnXkFtZTcwMjQyMDExOQ@@._V1_SX300.jpg
101070,https://m.media-amazon.com/images/M/MV5BMjI4MzMyNzM2Ml5BMl5BanBnXkFtZTgwNDQ5MDgwMDE@._V1_SX300.jpg
101072,https://m.media-amazon.com/images/M/MV5BMzAyYTBkNzYtZjM3Yy00YmQ5LWExMjctYjhiNjI5MjVlZThlXkEyXkFqcGc@._V1_SX300.jpg
101074,https://m.media-amazon.com/images/M/MV5BYzAxNDkzYjYtYmYyMS00NGNmLTk1MjgtOTExNjFiYzI4MjZjXkEyXkFqcGc@._V1_SX300.jpg
101076,https://m.media-amazon.com/images/M/MV5BNzk5ODM0OTQ0N15BMl5BanBnXkFtZTcwODg2ODE4OA@@._V1_SX300.jpg
101088,https://m.media-amazon.com/images/M/MV5BMjI3MTM5ODI5MV5BMl5BanBnXkFtZTcwMjE1Mzc4OA@@._V1_SX300.jpg
101112,https://m.media-amazon.com/images/M/MV5BMjMyMzQ1ODM1MF5BMl5BanBnXkFtZTcwMjE2MTQxOQ@@._V1_SX300.jpg
101142,https://m.media-amazon.com/images/M/MV5BMTcyOTc2OTA1Ml5BMl5BanBnXkFtZTcwOTI1MjkzOQ@@._V1_SX300.jpg
101283,https://m.media-amazon.com/images/M/MV5BMTk3MDkxMDAyN15BMl5BanBnXkFtZTcwODY5NzQyOQ@@._V1_SX300.jpg
101360,https://m.media-amazon.com/images/M/MV5BMjExNDkzNjAwOV5BMl5BanBnXkFtZTcwMDMzMzQwOQ@@._V1_SX300.jpg
101362,https://m.media-amazon.com/images/M/MV5BNzg3Mjc0YzItZWQyOS00ODY4LTgwZjUtYWRmYzM1MDg1ZDA5XkEyXkFqcGc@._V1_SX300.jpg
101415,https://m.media-amazon.com/images/M/MV5BNjlhMjhlZGYtMWY4YS00MDZjLTk2YjMtNDcxODEzNWYwNzNkXkEyXkFqcGc@._V1_SX300.jpg
101423,https://m.media-amazon.com/images/M/MV5BN2NmZWRkNDktZWRmOC00NzYzLWEwYjItZWQ5MGM0YWY2NmVmXkEyXkFqcGc@._V1_SX300.jpg
101525,https://m.media-amazon.com/images/M/MV5BMjc1OTEwNjU4N15BMl5BanBnXkFtZTcwNzUzNDIwOQ@@._V1_SX300.jpg
101529,https://m.media-amazon.com/images/M/MV5BMTEyNDIxOTE3NDheQTJeQWpwZ15BbWU3MDI0ODE5OTg@._V1_SX300.jpg
101531,https://m.media-amazon.com/images/M/MV5BMjE2NDI4MTc3OF5BMl5BanBnXkFtZTcwMTYyNTgxOQ@@._V1_SX300.jpg
101577,https://m.media-amazon.com/images/M/MV5BNWYzYTZlZjgtMGY1Yi00MjgwLWE1ZjQtNTQyNmE3ZDU3ODgxXkEyXkFqcGc@._V1_SX300.jpg
101612,https://m.media-amazon.com/images/M/MV5BOTE2OTkwNzg5Ml5BMl5BanBnXkFtZTcwOTY0NzQ3OA@@._V1_SX300.jpg
101739,https://m.media-amazon.com/images/M/MV5BYjkwODM5ZWUtMjI2Ni00Y2RiLWJkNDYtZWQ2ZTRhMjI1N2FmXkEyXkFqcGc@._V1_SX300.jpg
101741,https://m.media-amazon.com/images/M/MV5BMjMzNjU1MTg5NF5BMl5BanBnXkFtZTcwMTExMTcwOQ@@._V1_SX300.jpg
101765,https://m.media-amazon.com/images/M/MV5BNTAzMTgxMjYtNzEyMS00Y2NiLThkMzAtMGJlODYwZTllYmFmXkEyXkFqcGc@._V1_SX300.jpg
101864,https://m.media-amazon.com/images/M/MV5BMTQwMDY0MTA4MF5BMl5BanBnXkFtZTcwNzI3MDgxOQ@@._V1_SX300.jpg
101884,https://m.media-amazon.com/images/M/MV5BMTc4NTUxOTc3NV5BMl5BanBnXkFtZTcwNDkwOTgzNw@@._V1_SX300.jpg
101895,https://m.media-amazon.com/images/M/MV5BMTQwMDU4MDI3MV5BMl5BanBnXkFtZTcwMjU1NDgyOQ@@._V1_SX300.jpg
101962,https://m.media-amazon.com/images/M/MV5BYTcyYjQ2MTAtNmM0OC00NDhjLWE1ZGItM2NiNDEzMTZmYzdiXkEyXkFqcGc@._V1_SX300.jpg
101973,https://m.media-amazon.com/images/M/MV5BMjA2MTEzMDkyOF5BMl5BanBnXkFtZTcwNzc4NTgxOQ@@._V1_SX300.jpg
102007,https://m.media-amazon.com/images/M/MV5BOGRmZDg1YjMtMDA5YS00OTFjLTgyMjQtNDgzNTIyNzAwZDg0L2ltYWdlL2ltYWdlXkEyXkFqcGdeQXVyNTAyODkwOQ@@._V1_SX300.jpg
102025,https://m.media-amazon.com/images/M/MV5BNGM4NWQzM2ItYzg1Mi00NjkxLTk0ODgtZmI5ZjI2MmRlMjY0XkEyXkFqcGdeQXVyNjQzNDI3NzY@._V1_SX300.jpg
102033,https://m.media-amazon.com/images/M/MV5BMTU0NDE5NTU0OV5BMl5BanBnXkFtZTcwMzI1OTMzOQ@@._V1_SX300.jpg
102058,https://m.media-amazon.com/images/M/MV5BMTc1NzMzMzU4Nl5BMl5BanBnXkFtZTcwNTQ3NDYwNQ@@._V1_SX300.jpg
102066,https://m.media-amazon.com/images/M/MV5BMTY1OTI0NjcyM15BMl5BanBnXkFtZTcwOTc1NzI5OA@@._V1_SX300.jpg
102070,https://m.media-amazon.com/images/M/MV5BMjIzMjE4NTY2Nl5BMl5BanBnXkFtZTcwNTM1NTk4OQ@@._V1_SX300.jpg
102084,https://m.media-amazon.com/images/M/MV5BOTFlMzdkMDgtNzJmZC00ZmE3LThkYzktNGZmNmMzZmNhYmY5XkEyXkFqcGdeQXVyNDYwMjI1MzI@._V1_SX300.jpg
102088,https://m.media-amazon.com/images/M/MV5BZjYzYTcxMjYtZWNlYy00Y2UwLTg5MDYtZDZmNTExYmVjZjc4XkEyXkFqcGc@._V1_SX300.jpg
102123,https://m.media-amazon.com/images/M/MV5BMTQxODE3NjM1Ml5BMl5BanBnXkFtZTcwMzkzNjc4OA@@._V1_SX300.jpg
102125,https://m.media-amazon.com/images/M/MV5BMjIzMzAzMjQyM15BMl5BanBnXkFtZTcwNzM2NjcyOQ@@._V1_SX300.jpg
102165,https://m.media-amazon.com/images/M/MV5BMTU2MjIwNDA5MF5BMl5BanBnXkFtZTcwMjU2NzEzOQ@@._V1_SX300.jpg
102194,https://m.media-amazon.com/images/M/MV5BMTU2MzcyODgyNV5BMl5BanBnXkFtZTcwNTc4MDYwOQ@@._V1_SX300.jpg
102217,https://m.media-amazon.com/images/M/MV5BNDQ3NTBlYTItNDI0Ni00NzQzLWIwMzctNDY4NDFjMzc5ZjJjXkEyXkFqcGc@._V1_SX300.jpg
102278,https://m.media-amazon.com/images/M/MV5BMTg4NTcwMzM4N15BMl5BanBnXkFtZTcwOTIyOTkyOQ@@._V1_SX300.jpg
102338,https://m.media-amazon.com/images/M/MV5BMjIyYzE0ZWYtZTE0NC00NGFmLTk0OWEtODE5ODEzM2Y3NjU1XkEyXkFqcGc@._V1_SX300.jpg
102378,https://m.media-amazon.com/images/M/MV5BMjA3NzYzMDI1MF5BMl5BanBnXkFtZTcwMDE1NTI0OQ@@._V1_SX300.jpg
102407,https://m.media-amazon.com/images/M/MV5BMTkxNTk1ODcxNl5BMl5BanBnXkFtZTcwMDI1OTMzOQ@@._V1_SX300.jpg
102445,https://m.media-amazon.com/images/M/MV5BMTk2NzczOTgxNF5BMl5BanBnXkFtZTcwODQ5ODczOQ@@._V1_SX300.jpg
102481,https://m.media-amazon.com/images/M/MV5BMjM1MzczMDgwOV5BMl5BanBnXkFtZTcwMDM4NjM2OQ@@._V1_SX300.jpg
102590,https://m.media-amazon.com/images/M/MV5BMTMyNjQ5Nzg2N15BMl5BanBnXkFtZTcwMjE3MTA0MQ@@._V1_SX300.jpg
102602,https://m.media-amazon.com/images/M/MV5BMjM4MGFmYzktYWFhMi00ZGUyLWEwYzYtNmYzMDE4YzIyNTNiXkEyXkFqcGc@._V1_SX300.jpg
102666,https://m.media-amazon.com/images/M/MV5BYjBiY2VlMzUtNjk0Yy00MjY0LWExMDUtNDAwNjViNjU4ZmEwXkEyXkFqcGc@._V1_SX300.jpg
102684,https://m.media-amazon.com/images/M/MV5BMzE5NzcxMTk5NF5BMl5BanBnXkFtZTcwNjE2MDg2OQ@@._V1_SX300.jpg
102686,https://m.media-amazon.com/images/M/MV5BMTA0NjE1MzMzODheQTJeQWpwZ15BbWU3MDY4MTQ3Mzk@._V1_SX300.jpg
102716,https://m.media-amazon.com/images/M/MV5BMTM3NTg2NDQzOF5BMl5BanBnXkFtZTcwNjc2NzQzOQ@@._V1_SX300.jpg
102720,https://m.media-amazon.com/images/M/MV5BYTJmMWJmZTktZmM2Zi00ZmE0LWJiYWMtMDRlNDdhMmVjNjA3XkEyXkFqcGc@._V1_SX300.jpg
102735,https://m.media-amazon.com/images/M/MV5BOTZiOGQ1ZWMtNWNlNS00NjgyLTllZGMtYjY5NmE4ODEwNDNmXkEyXkFqcGc@._V1_SX300.jpg
102742,https://m.media-amazon.com/images/M/MV5BN2ExOTVmNDUtMTI0ZC00N2Y5LWI1MjQtZDM1N2QxZGNjNjEwXkEyXkFqcGc@._V1_SX300.jpg
102747,https://m.media-amazon.com/images/M/MV5BZGNhZGU1ZmItYmNmMi00NTA4LWExZDQtOWQ5NjEyMWI4NDUxXkEyXkFqcGc@._V1_SX300.jpg
102749,https://m.media-amazon.com/images/M/MV5BMDYwMjMzZjUtNDExMS00NTAzLWFmMTYtOTNiYzAzMGFiZWNhXkEyXkFqcGc@._V1_SX300.jpg
102760,https://m.media-amazon.com/images/M/MV5BMTc0NTczMTc1Nl5BMl5BanBnXkFtZTcwOTYwMTE5Mw@@._V1_SX300.jpg
102800,https://m.media-amazon.com/images/M/MV5BOTY0NDQ2NzQ2N15BMl5BanBnXkFtZTcwMTU0OTkwOQ@@._V1_SX300.jpg
102802,https://m.media-amazon.com/images/M/MV5BMjA2NTc5Njc4MV5BMl5BanBnXkFtZTcwNTYzMTcwOQ@@._V1_SX300.jpg
102819,https://m.media-amazon.com/images/M/MV5BMTg0OTY2OTM0OF5BMl5BanBnXkFtZTcwMTk4OTQ1OQ@@._V1_SX300.jpg
102823,https://m.media-amazon.com/images/M/MV5BZGFjODFhODctMTRkYi00MDA2LTgwNWItZTA1MWM1YWNjMTAyXkEyXkFqcGc@._V1_SX300.jpg
102852,https://m.media-amazon.com/images/M/MV5BNDUzYWZmY2YtZDJiZC00Y2UzLWEwYTUtMjAwZmFmY2RlN2JjXkEyXkFqcGc@._V1_SX300.jpg
102880,https://m.media-amazon.com/images/M/MV5BMTY3MzQyMjkwMl5BMl5BanBnXkFtZTcwMDk2OTE0OQ@@._V1_SX300.jpg
102903,https://m.media-amazon.com/images/M/MV5BMTY0NDY3MDMxN15BMl5BanBnXkFtZTcwOTM5NzMzOQ@@._V1_SX300.jpg
102984,https://m.media-amazon.com/images/M/MV5BMjA1NDUzODU0M15BMl5BanBnXkFtZTcwNDcyMzY1OA@@._V1_SX300.jpg
102993,https://m.media-amazon.com/images/M/MV5BNTU5ODk5NDg0Nl5BMl5BanBnXkFtZTcwNzQwMjI1OQ@@._V1_SX300.jpg
103027,https://m.media-amazon.com/images/M/MV5BMTgxNjQ0MjAwMl5BMl5BanBnXkFtZTcwNjI1NDEyOQ@@._V1_SX300.jpg
103042,https://m.media-amazon.com/images/M/MV5BMTk5ODk1NDkxMF5BMl5BanBnXkFtZTcwNTA5OTY0OQ@@._V1_SX300.jpg
103048,https://m.media-amazon.com/images/M/MV5BMTc3ODA1NTI0MV5BMl5BanBnXkFtZTcwOTE4OTUzOQ@@._V1_SX300.jpg
103075,https://m.media-amazon.com/images/M/MV5BMTQzNTcwODEyM15BMl5BanBnXkFtZTcwMjM1MDI0OQ@@._V1_SX300.jpg
103085,https://m.media-amazon.com/images/M/MV5BMjE3NjM3MzQ2OV5BMl5BanBnXkFtZTcwNTI3MzM1OQ@@._V1_SX300.jpg
103107,https://m.media-amazon.com/images/M/MV5BMTQxNDY2NjMwNF5BMl5BanBnXkFtZTcwNzExMDg0OQ@@._V1_SX300.jpg
103137,https://m.media-amazon.com/images/M/MV5BMTQzMTgwMzQxN15BMl5BanBnXkFtZTcwOTcwNTY0OQ@@._V1_SX300.jpg
103141,https://m.media-amazon.com/images/M/MV5BMTUyODgwMDU3M15BMl5BanBnXkFtZTcwOTM4MjcxOQ@@._V1_SX300.jpg
103171,https://m.media-amazon.com/images/M/MV5BOWIxOWNlZDItYWNlYi00NGRiLWI2M2MtZjdkM2FjNzkyMGM2XkEyXkFqcGc@._V1_SX300.jpg
103210,https://m.media-amazon.com/images/M/MV5BMTY2OTY4MDk4NF5BMl5BanBnXkFtZTcwMzA0NzExNw@@._V1_SX300.jpg
103219,https://m.media-amazon.com/images/M/MV5BNWQyMTAyMzktMmMxMy00OWNlLWE5ODEtZWUzYTBhNjEzYjY1XkEyXkFqcGc@._V1_SX300.jpg
103221,https://m.media-amazon.com/images/M/MV5BMzE3MTI2ODAzMl5BMl5BanBnXkFtZTgwNzQyMzM2MDE@._V1_SX300.jpg
103228,https://m.media-amazon.com/images/M/MV5BMTY3MTI5NjQ4Nl5BMl5BanBnXkFtZTcwOTU1OTU0OQ@@._V1_SX300.jpg
103233,https://m.media-amazon.com/images/M/MV5BNjRjOGU2NzUtMjAwOC00MDI3LThmNmUtNTVkZTQ0MDEyYTc1XkEyXkFqcGdeQXVyMTA5NzUzODM4._V1_SX300.jpg
103235,https://m.media-amazon.com/images/M/MV5BMTQ4MzQ3NjA0N15BMl5BanBnXkFtZTgwODQyNjQ4MDE@._V1_SX300.jpg
103245,https://m.media-amazon.com/images/M/MV5BMTI2NDE5Nzk0M15BMl5BanBnXkFtZTcwNTY4OTEzMQ@@._V1_SX300.jpg
103249,https://m.media-amazon.com/images/M/MV5BODg3ZTM2YWQtZDE5Ny00NGNiLTkzYjgtYWVlYjNkOTg5NDI1XkEyXkFqcGc@._V1_SX300.jpg
103253,https://m.media-amazon.com/images/M/MV5BNDc2NjU0MTcwNV5BMl5BanBnXkFtZTcwMjg4MDg2OQ@@._V1_SX300.jpg
103335,https://m.media-amazon.com/images/M/MV5BNDExNDllYzMtZjdmOS00NWMwLWJlY2EtMDk2ZjE5MmZiOWY5XkEyXkFqcGc@._V1_SX300.jpg
103339,https://m.media-amazon.com/images/M/MV5BNTZkMmRiY2EtOTljZS00MjJjLWFiNDQtNjEwYWE0NWNkYjI4XkEyXkFqcGc@._V1_SX300.jpg
103341,https://m.media-amazon.com/images/M/MV5BNzA1MTk1MzY0OV5BMl5BanBnXkFtZTgwNjkzNTUwMDE@._V1_SX300.jpg
103366,https://m.media-amazon.com/images/M/MV5BM2FlNzI3ODctMGM1NC00NzJlLWJkNmYtNWQ3OGEwZDI5ZDFmXkEyXkFqcGc@._V1_SX300.jpg
103372,https://m.media-amazon.com/images/M/MV5BMjA2MDQ2ODM3MV5BMl5BanBnXkFtZTcwNDUzMTQ3OQ@@._V1_SX300.jpg
103384,https://m.media-amazon.com/images/M/MV5BYjQ1YWE5NzktOWYyYS00MTBmLWE1NDUtMTU5Mzc2YWQyNzhjXkEyXkFqcGc@._V1_SX300.jpg
103449,https://m.media-amazon.com/images/M/MV5BMjMwOTg4NjQ0MV5BMl5BanBnXkFtZTcwMTkzMDg2OQ@@._V1_SX300.jpg
103483,https://m.media-amazon.com/images/M/MV5BODg4OTMxNDAxMV5BMl5BanBnXkFtZTcwMjM4ODQ0OQ@@._V1_SX300.jpg
103502,https://m.media-amazon.com/images/M/MV5BNWZjYzNiODItODBmNi00OTk2LTk4NmMtZTg5ZmY5NzVjNmJiXkEyXkFqcGc@._V1_SX300.jpg
103539,https://m.media-amazon.com/images/M/MV5BMjA5MTc0NTkzM15BMl5BanBnXkFtZTcwODEwNjE3OQ@@._V1_SX300.jpg
103543,https://m.media-amazon.com/images/M/MV5BMjExOTI5MjY3Ml5BMl5BanBnXkFtZTcwMjU2NDk3OQ@@._V1_SX300.jpg
103596,https://m.media-amazon.com/images/M/MV5BNTNkOTA0NjYtM2VjOC00ZmYzLWI1NzQtMjY4NTU2MGNkZmU0XkEyXkFqcGc@._V1_SX300.jpg
103602,https://m.media-amazon.com/images/M/MV5BMTQ3NzQ0NzE3Nl5BMl5BanBnXkFtZTgwMTkxOTE3NDE@._V1_SX300.jpg
103606,https://m.media-amazon.com/images/M/MV5BMTU1NzI5MDU3OV5BMl5BanBnXkFtZTcwNTE0NDMzOQ@@._V1_SX300.jpg
103609,https://m.media-amazon.com/images/M/MV5BMmQ5NjhmYjEtNDE3OC00OWRmLThhNzgtNzY2NGE4MGE0NDkwXkEyXkFqcGc@._V1_SX300.jpg
103624,https://m.media-amazon.com/images/M/MV5BMTQ0OTU1MDkxMF5BMl5BanBnXkFtZTcwNjI5OTA3OQ@@._V1_SX300.jpg
103655,https://m.media-amazon.com/images/M/MV5BMTM5OTYxNzE5N15BMl5BanBnXkFtZTcwMDU1MTQ4OQ@@._V1_SX300.jpg
103685,https://m.media-amazon.com/images/M/MV5BMjcyNzQyMjI0NF5BMl5BanBnXkFtZTgwNjU2MDc5MDE@._V1_SX300.jpg
103688,https://m.media-amazon.com/images/M/MV5BMTM3NjA1NDMyMV5BMl5BanBnXkFtZTcwMDQzNDMzOQ@@._V1_SX300.jpg
103755,https://m.media-amazon.com/images/M/MV5BMTA4NTgwMjM5MzheQTJeQWpwZ15BbWU3MDg2ODA1ODk@._V1_SX300.jpg
103772,https://m.media-amazon.com/images/M/MV5BNzg1MDQxMTQ2OF5BMl5BanBnXkFtZTcwMTk3MjAzOQ@@._V1_SX300.jpg
103801,https://m.media-amazon.com/images/M/MV5BMjMwNDU1NzMzM15BMl5BanBnXkFtZTcwNTY3ODk1OQ@@._V1_SX300.jpg
103810,https://m.media-amazon.com/images/M/MV5BMjI2ODQ4ODY3Nl5BMl5BanBnXkFtZTcwNTc2NzE1OQ@@._V1_SX300.jpg
103819,https://m.media-amazon.com/images/M/MV5BMTg4NTE3Njg2OF5BMl5BanBnXkFtZTcwMDU0MjQ2OQ@@._V1_SX300.jpg
103865,https://m.media-amazon.com/images/M/MV5BMjg4MjgyMTU1MV5BMl5BanBnXkFtZTcwMzUxMjU1OQ@@._V1_SX300.jpg
103883,https://m.media-amazon.com/images/M/MV5BNTQ5MTgzNDg4OF5BMl5BanBnXkFtZTcwMjAyODEzOQ@@._V1_SX300.jpg
103980,https://m.media-amazon.com/images/M/MV5BMTc0ODk5MzEyMV5BMl5BanBnXkFtZTcwMzI0MDY1OQ@@._V1_SX300.jpg
103984,https://m.media-amazon.com/images/M/MV5BMTQ0ODg1OTQ2Nl5BMl5BanBnXkFtZTgwNTc2MDY1MDE@._V1_SX300.jpg
104017,https://m.media-amazon.com/images/M/MV5BZjcyMjEwYjctYjAzNy00ZDY2LThjM2ItOTI2ZTlkZmI2NzhkXkEyXkFqcGc@._V1_SX300.jpg
104069,https://m.media-amazon.com/images/M/MV5BMTk5MjkwNTU5N15BMl5BanBnXkFtZTgwOTkwMTc5NTE@._V1_SX300.jpg
104074,https://m.media-amazon.com/images/M/MV5BMGMyZTI2MjUtODEzMi00M2JlLWEwZGEtYWE5MmY5OWNkYTRjXkEyXkFqcGc@._V1_SX300.jpg
104076,https://m.media-amazon.com/images/M/MV5BMzNiZDYyNjctOGNiZi00Y2ZjLWJkZmUtMjM1Mjc3ZmQzN2QwXkEyXkFqcGc@._V1_SX300.jpg
104078,https://m.media-amazon.com/images/M/MV5BMjEzODAxODYzM15BMl5BanBnXkFtZTgwMzYwOTcwMTE@._V1_SX300.jpg
104129,https://m.media-amazon.com/images/M/MV5BOTg1ZDdmOTgtNmI2Yi00ZmVmLWFhZjctN2Q0Y2Y1NmFkZTgyXkEyXkFqcGc@._V1_SX300.jpg
104141,https://m.media-amazon.com/images/M/MV5BN2IwYTVlZGQtOTRhNy00MDI5LThmMTUtYWI1MGUwMGFkYzI1XkEyXkFqcGdeQXVyNzQzNzQxNzI@._V1_SX300.jpg
104211,https://m.media-amazon.com/images/M/MV5BNDQ0NWI1ZGEtY2NlMy00MWYyLTk4NGEtMTY5MmQ4YTcyY2E0XkEyXkFqcGc@._V1_SX300.jpg
104218,https://m.media-amazon.com/images/M/MV5BNmIzNDg3NTQtZjVkOS00Y2RlLThkZDAtMWQwY2RiM2FjNzRiXkEyXkFqcGc@._V1_SX300.jpg
104241,https://m.media-amazon.com/images/M/MV5BMTQ4OTQxNzc0N15BMl5BanBnXkFtZTcwOTQxOTU5OQ@@._V1_SX300.jpg
104243,https://m.media-amazon.com/images/M/MV5BMTk5NzYwMzQ4MV5BMl5BanBnXkFtZTcwMjE5MTI1OQ@@._V1_SX300.jpg
104245,https://m.media-amazon.com/images/M/MV5BMjAwODc5NzYzOF5BMl5BanBnXkFtZTcwNTk4MjEzOQ@@._V1_SX300.jpg
104272,https://m.media-amazon.com/images/M/MV5BNTkyNTkwMzkxMl5BMl5BanBnXkFtZTcwMzAwOTE2OQ@@._V1_SX300.jpg
104283,https://m.media-amazon.com/images/M/MV5BMTU4NDg0MzkzNV5BMl5BanBnXkFtZTgwODA3Mzc1MDE@._V1_SX300.jpg
104303,https://m.media-amazon.com/images/M/MV5BMTM5NTQ3MTYxN15BMl5BanBnXkFtZTcwODE2Nzk3OQ@@._V1_SX300.jpg
104337,https://m.media-amazon.com/images/M/MV5BMjM2NDY3MjkyMF5BMl5BanBnXkFtZTcwMDM5Nzg5OQ@@._V1_SX300.jpg
104339,https://m.media-amazon.com/images/M/MV5BMTU0NzE0Mzg3M15BMl5BanBnXkFtZTcwNzY2MDY3OQ@@._V1_SX300.jpg
104374,https://m.media-amazon.com/images/M/MV5BMTA1ODUzMDA3NzFeQTJeQWpwZ15BbWU3MDgxMTYxNTk@._V1_SX300.jpg
104419,https://m.media-amazon.com/images/M/MV5BMzg0ODZjNjUtNmVhZi00NTYxLWExNWMtMWI3MDFiMjhiNjc2L2ltYWdlL2ltYWdlXkEyXkFqcGdeQXVyNTAyODkwOQ@@._V1_SX300.jpg
104457,https://m.media-amazon.com/images/M/MV5BMTQwODAxMTE1NF5BMl5BanBnXkFtZTcwNTQ0MjY3OQ@@._V1_SX300.jpg
104644,https://m.media-amazon.com/images/M/MV5BMjM0MjEyMjM0OF5BMl5BanBnXkFtZTcwMDQ3NzQxOQ@@._V1_SX300.jpg
104760,https://m.media-amazon.com/images/M/MV5BMTM5NTkzNzk0NF5BMl5BanBnXkFtZTcwMTQwNjE5OQ@@._V1_SX300.jpg
104780,https://m.media-amazon.com/images/M/MV5BZTAzMGYyNDUtN2YyYi00ZmRiLTk5NzAtYTY2MjBkYzZlMTlhXkEyXkFqcGc@._V1_SX300.jpg
104837,https://m.media-amazon.com/images/M/MV5BNDg1MGFiY2UtNmRjZC00ZWQwLTk1OGEtZWI2MGM5MTc2MzM3XkEyXkFqcGc@._V1_SX300.jpg
104841,https://m.media-amazon.com/images/M/MV5BNjE5MzYwMzYxMF5BMl5BanBnXkFtZTcwOTk4MTk0OQ@@._V1_SX300.jpg
104863,https://m.media-amazon.com/images/M/MV5BMTcyODc4Njg4OF5BMl5BanBnXkFtZTgwNDIwNDA4MTE@._V1_SX300.jpg
104875,https://m.media-amazon.com/images/M/MV5BNzA3MDI3MzAxMl5BMl5BanBnXkFtZTcwNDY2Mjc0OQ@@._V1_SX300.jpg
104879,https://m.media-amazon.com/images/M/MV5BMTg0NTIzMjQ1NV5BMl5BanBnXkFtZTcwNDc3MzM5OQ@@._V1_SX300.jpg
104906,https://m.media-amazon.com/images/M/MV5BMjE2MTUzMjgyNF5BMl5BanBnXkFtZTcwNjY4NDM4OQ@@._V1_SX300.jpg
104908,https://m.media-amazon.com/images/M/MV5BMTg0OTA5ODIxNF5BMl5BanBnXkFtZTcwNTUzNDg4OQ@@._V1_SX300.jpg
104913,https://m.media-amazon.com/images/M/MV5BMTZhOGQxM2ItNGQyYy00YzE5LWI5MjMtNmMzNGQzNDE1OTUzXkEyXkFqcGc@._V1_SX300.jpg
104925,https://m.media-amazon.com/images/M/MV5BMjE2MzI0MzkyNV5BMl5BanBnXkFtZTcwMjQ2MDM2OQ@@._V1_SX300.jpg
104944,https://m.media-amazon.com/images/M/MV5BNzQ1MjQzMzM3OF5BMl5BanBnXkFtZTcwMzg3NzQ3OQ@@._V1_SX300.jpg
105020,https://m.media-amazon.com/images/M/MV5BNzM0NWY5NTMtODE0Ny00NWViLTk3NjgtYzQwY2I0OTY0M2Q5XkEyXkFqcGc@._V1_SX300.jpg
105037,https://m.media-amazon.com/images/M/MV5BMTcwMTIzNDk1M15BMl5BanBnXkFtZTcwNjUxMjQ2OQ@@._V1_SX300.jpg
105121,https://m.media-amazon.com/images/M/MV5BMTczMjIzOTA1NF5BMl5BanBnXkFtZTcwMDEwMDcwOQ@@._V1_SX300.jpg
105197,https://m.media-amazon.com/images/M/MV5BYTgyNzRhMTQtZWUxZi00YzFmLTlhYTItNzY5ZDY2ZjdlYjM1XkEyXkFqcGc@._V1_SX300.jpg
105211,https://m.media-amazon.com/images/M/MV5BMjI2MjIwMDk2Ml5BMl5BanBnXkFtZTcwNTQ1MzQ5OQ@@._V1_SX300.jpg
105213,https://m.media-amazon.com/images/M/MV5BNDgwMTU2NDctODI0YS00ZmIxLWFiNjEtZDI2ZGE3NWFlZDY2XkEyXkFqcGc@._V1_SX300.jpg
105246,https://m.media-amazon.com/images/M/MV5BYTExYzhiZDgtMGI3Yi00ZjdkLWIwZTgtMTEzOGZiNDAxOGZhXkEyXkFqcGc@._V1_SX300.jpg
105250,https://m.media-amazon.com/images/M/MV5BNWQzZGQ5NGEtN2YyNy00NTZhLWFhM2UtMTI4YjU0ODMxMTkxXkEyXkFqcGc@._V1_SX300.jpg
105254,https://m.media-amazon.com/images/M/MV5BMTk3Mjk5NjUxNF5BMl5BanBnXkFtZTcwMTk3OTA4OQ@@._V1_SX300.jpg
105325,https://m.media-amazon.com/images/M/MV5BMTQzNTA5MTEwN15BMl5BanBnXkFtZTcwMDk1ODU5OQ@@._V1_SX300.jpg
105351,https://m.media-amazon.com/images/M/MV5BMTU5OTA0MjI4Ml5BMl5BanBnXkFtZTgwMTgxOTQwMDE@._V1_SX300.jpg
105355,https://m.media-amazon.com/images/M/MV5BMTQ5NTg5ODk4OV5BMl5BanBnXkFtZTgwODc4MTMzMDE@._V1_SX300.jpg
105468,https://m.media-amazon.com/images/M/MV5BMTYzNDM0MDI1NF5BMl5BanBnXkFtZTcwNzQ5NzYxOQ@@._V1_SX300.jpg
105504,https://m.media-amazon.com/images/M/MV5BMWYyNjI3ZjEtNGE5ZS00MDgxLWIzNGEtZTgzNDVlZjZjYWU5XkEyXkFqcGc@._V1_SX300.jpg
105540,https://m.media-amazon.com/images/M/MV5BOTQ4OTE1NDYwM15BMl5BanBnXkFtZTgwMzI0NTAwNzE@._V1_SX300.jpg
105585,https://m.media-amazon.com/images/M/MV5BMjA2MzUxMTM3M15BMl5BanBnXkFtZTgwMzA2NzkxMDE@._V1_SX300.jpg
105593,https://m.media-amazon.com/images/M/MV5BMjE2NTgyMzM0NV5BMl5BanBnXkFtZTgwNzkwNDE1MzE@._V1_SX300.jpg
105653,https://m.media-amazon.com/images/M/MV5BMTk3OTcxMTEyNl5BMl5BanBnXkFtZTcwMDQ4MjQ2OQ@@._V1_SX300.jpg
105720,https://m.media-amazon.com/images/M/MV5BZjA3MGNhYmQtOGQ1NC00OWNhLThmZDktMjVlMmQyZmExNmEzXkEyXkFqcGc@._V1_SX300.jpg
105731,https://m.media-amazon.com/images/M/MV5BODg2MDU2MjYxNl5BMl5BanBnXkFtZTcwMDQ5MzU0OQ@@._V1_SX300.jpg
105746,https://m.media-amazon.com/images/M/MV5BMTQ3Nzc3MTE3MV5BMl5BanBnXkFtZTgwNTQ2MDgyMDE@._V1_SX300.jpg
105755,https://m.media-amazon.com/images/M/MV5BMTc3ODk0MTY0N15BMl5BanBnXkFtZTgwOTU2MTEzMDE@._V1_SX300.jpg
105801,https://m.media-amazon.com/images/M/MV5BNTIxNjcxOTgxM15BMl5BanBnXkFtZTgwMjYzODEzMDE@._V1_SX300.jpg
105835,https://m.media-amazon.com/images/M/MV5BMTExMzY5MjAwODZeQTJeQWpwZ15BbWU4MDg0NTcxNDAx._V1_SX300.jpg
105844,https://m.media-amazon.com/images/M/MV5BMjExMTEzODkyN15BMl5BanBnXkFtZTcwNTU4NTc4OQ@@._V1_SX300.jpg
105954,https://m.media-amazon.com/images/M/MV5BMjI0MzIyMjU1N15BMl5BanBnXkFtZTgwOTk1MjQxMDE@._V1_SX300.jpg
106002,https://m.media-amazon.com/images/M/MV5BMjAzMzI5OTgzMl5BMl5BanBnXkFtZTgwMTU5MTAwMDE@._V1_SX300.jpg
106062,https://m.media-amazon.com/images/M/MV5BMTg4NjIwMTI5OV5BMl5BanBnXkFtZTgwNjU1MTMyMDE@._V1_SX300.jpg
106072,https://m.media-amazon.com/images/M/MV5BMTQyNzAwOTUxOF5BMl5BanBnXkFtZTcwMTE0OTc5OQ@@._V1_SX300.jpg
106100,https://m.media-amazon.com/images/M/MV5BMTYwMTA4MzgyNF5BMl5BanBnXkFtZTgwMjEyMjE0MDE@._V1_SX300.jpg
106144,https://m.media-amazon.com/images/M/MV5BODQyMzUxODEwMF5BMl5BanBnXkFtZTgwOTc5NzE2MDE@._V1_SX300.jpg
106330,https://m.media-amazon.com/images/M/MV5BMTQ2ODg2MTIyNF5BMl5BanBnXkFtZTgwMzU2NjgwMDE@._V1_SX300.jpg
106438,https://m.media-amazon.com/images/M/MV5BMjA5ODgyNzcxMV5BMl5BanBnXkFtZTgwMzkzOTYzMDE@._V1_SX300.jpg
106441,https://m.media-amazon.com/images/M/MV5BOTE3NzkyMjAyNF5BMl5BanBnXkFtZTgwMDc5MTE0MDE@._V1_SX300.jpg
106487,https://m.media-amazon.com/images/M/MV5BMTAyMjQ3OTAxMzNeQTJeQWpwZ15BbWU4MDU0NzA1MzAx._V1_SX300.jpg
106489,https://m.media-amazon.com/images/M/MV5BMzU0NDY0NDEzNV5BMl5BanBnXkFtZTgwOTIxNDU1MDE@._V1_SX300.jpg
106491,https://m.media-amazon.com/images/M/MV5BMTc0MjE2NzE0OV5BMl5BanBnXkFtZTgwNTU5MjE1MDE@._V1_SX300.jpg
106540,https://m.media-amazon.com/images/M/MV5BMjIxNjc2MzMzMl5BMl5BanBnXkFtZTgwMjA5NjM0MDE@._V1_SX300.jpg
106542,https://m.media-amazon.com/images/M/MV5BMjA3MTcyNjk3NF5BMl5BanBnXkFtZTgwNjkzNzUzMDE@._V1_SX300.jpg
106594,https://m.media-amazon.com/images/M/MV5BMjA1NTYxOTQ3M15BMl5BanBnXkFtZTcwNTgyODMxOQ@@._V1_SX300.jpg
106642,https://m.media-amazon.com/images/M/MV5BMjAyMTkzMDA5OV5BMl5BanBnXkFtZTgwMjUzNDMyMDE@._V1_SX300.jpg
106648,https://m.media-amazon.com/images/M/MV5BODE0ZWY4MzMtODdjOC00NTYwLTk3NDEtYWMyZGI0MjdlZDIyXkEyXkFqcGc@._V1_SX300.jpg
106696,https://m.media-amazon.com/images/M/MV5BMTQ1MjQwMTE5OF5BMl5BanBnXkFtZTgwNjk3MTcyMDE@._V1_SX300.jpg
106766,https://m.media-amazon.com/images/M/MV5BMjAxNjcyNDQxM15BMl5BanBnXkFtZTgwNzU2NDA0MDE@._V1_SX300.jpg
106782,https://m.media-amazon.com/images/M/MV5BMjIxMjgxNTk0MF5BMl5BanBnXkFtZTgwNjIyOTg2MDE@._V1_SX300.jpg
106785,https://m.media-amazon.com/images/M/MV5BMTUwOTAzNzAwMl5BMl5BanBnXkFtZTgwOTc1NDIyMDE@._V1_SX300.jpg
106839,https://m.media-amazon.com/images/M/MV5BMTg1NTQ1NDczNV5BMl5BanBnXkFtZTcwNDQyMDU1OQ@@._V1_SX300.jpg
106873,https://m.media-amazon.com/images/M/MV5BYzA1ODE4Y2EtYjNmYy00MjkwLTk4ZTktNzFhODZkMjMyMjI2XkEyXkFqcGc@._V1_SX300.jpg
106883,https://m.media-amazon.com/images/M/MV5BMjE2ODg4MDUzOF5BMl5BanBnXkFtZTgwMzk5MjkxMDE@._V1_SX300.jpg
106889,https://m.media-amazon.com/images/M/MV5BMTc1MjgxNDU5OV5BMl5BanBnXkFtZTgwMTcwMzQ4MDE@._V1_SX300.jpg
106916,https://m.media-amazon.com/images/M/MV5BMGQ2NzEwZGEtYjk1MC00NWFmLTgyYTgtZmRhMTRmOTBlN2U5XkEyXkFqcGc@._V1_SX300.jpg
106918,https://m.media-amazon.com/images/M/MV5BODYwNDYxNDk1Nl5BMl5BanBnXkFtZTgwOTAwMTk2MDE@._V1_SX300.jpg
106920,https://m.media-amazon.com/images/M/MV5BMjA1Nzk0OTM2OF5BMl5BanBnXkFtZTgwNjU2NjEwMDE@._V1_SX300.jpg
106927,https://m.media-amazon.com/images/M/MV5BMThmNGE2MDItMzJiMC00ZjgxLWFkYjUtZTE2NDZiZjU5ZjMzXkEyXkFqcGc@._V1_SX300.jpg
107013,https://m.media-amazon.com/images/M/MV5BM2FiYzU1NzUtNGI0NC00ZDM0LTk3MGQtYTQ0NzJjZmQ4MTE2XkEyXkFqcGdeQXVyMTQ1MTgwOA@@._V1_SX300.jpg
107069,https://m.media-amazon.com/images/M/MV5BMjA0NTgwOTk5Ml5BMl5BanBnXkFtZTcwMjE3NDc5OQ@@._V1_SX300.jpg
107141,https://m.media-amazon.com/images/M/MV5BMTc0MTQ3NzE4Nl5BMl5BanBnXkFtZTcwMzA4NDM5OQ@@._V1_SX300.jpg
107159,https://m.media-amazon.com/images/M/MV5BMjAyMDI2MzkxOF5BMl5BanBnXkFtZTgwODkxODIyMTE@._V1_SX300.jpg
107314,https://m.media-amazon.com/images/M/MV5BMTk5NTEwMzI5OV5BMl5BanBnXkFtZTgwMDQ4ODUwMDE@._V1_SX300.jpg
107338,https://m.media-amazon.com/images/M/MV5BMzE4ZDg1N2YtZjRmZS00YTkwLWIyMDAtMGEyMjU4ODZiYjI2XkEyXkFqcGc@._V1_SX300.jpg
107348,https://m.media-amazon.com/images/M/MV5BMjE5ODk0NjQzNV5BMl5BanBnXkFtZTgwODk4MDA1MDE@._V1_SX300.jpg
107406,https://m.media-amazon.com/images/M/MV5BMTQ3NzA1MTY3MV5BMl5BanBnXkFtZTgwNzE2Mzg5MTE@._V1_SX300.jpg
107408,https://m.media-amazon.com/images/M/MV5BZGIxM2IwYzEtMjRjMi00NTNkLThjYjYtYTQ2ZjUyZTRkZWVkXkEyXkFqcGc@._V1_SX300.jpg
107410,https://m.media-amazon.com/images/M/MV5BNjU5YmUzOGQtMTUxMi00MzQ2LTg5MDEtOWY2NWI0Zjk0ODc3XkEyXkFqcGc@._V1_SX300.jpg
107412,https://m.media-amazon.com/images/M/MV5BOWRhZDc5ZWYtNGZmMi00MDdiLTljYTYtN2EwOTA5OTYzMjNjXkEyXkFqcGc@._V1_SX300.jpg
107436,https://m.media-amazon.com/images/M/MV5BMjEwNDc1MTI3Ml5BMl5BanBnXkFtZTgwNjI5ODU0MDE@._V1_SX300.jpg
107447,https://m.media-amazon.com/images/M/MV5BMjM4Mzk4MDI4NF5BMl5BanBnXkFtZTgwOTA4NzA4MDE@._V1_SX300.jpg
107449,https://m.media-amazon.com/images/M/MV5BNTIyNTM1ODEtYTA3YS00NzdiLWFkYzMtYzRkYWE3ZDE3ZTc3XkEyXkFqcGc@._V1_SX300.jpg
107462,https://m.media-amazon.com/images/M/MV5BMTA5MjI3NTE5NzleQTJeQWpwZ15BbWU4MDc2Mjg5ODAx._V1_SX300.jpg
107565,https://m.media-amazon.com/images/M/MV5BMTkxMzc1MjMxM15BMl5BanBnXkFtZTgwNzQxNzI5MDE@._V1_SX300.jpg
107630,https://m.media-amazon.com/images/M/MV5BMTU0ODM2NTQxMF5BMl5BanBnXkFtZTcwMjYxNTU0Nw@@._V1_SX300.jpg
107702,https://m.media-amazon.com/images/M/MV5BMTY3NTkxMTgzNV5BMl5BanBnXkFtZTgwNjg0MzE2MDE@._V1_SX300.jpg
107723,https://m.media-amazon.com/images/M/MV5BMTM0OTYwOTc4Nl5BMl5BanBnXkFtZTcwNTM3OTY0MQ@@._V1_SX300.jpg
107771,https://m.media-amazon.com/images/M/MV5BMTY0NTQ1NjA0OV5BMl5BanBnXkFtZTgwMDg5NjkzMTE@._V1_SX300.jpg
107780,
107846,https://m.media-amazon.com/images/M/MV5BY2ZkNWE4ZTUtNTQyNS00NzUwLTk1MTktODdlNDI1MzFkYTg2XkEyXkFqcGc@._V1_SX300.jpg
107945,https://m.media-amazon.com/images/M/MV5BMTYyMTM1Nzc2M15BMl5BanBnXkFtZTgwNjE2NTA2MDE@._V1_SX300.jpg
107951,https://m.media-amazon.com/images/M/MV5BNjE3Njc2OTM0MF5BMl5BanBnXkFtZTgwMzQ1NTg4OTE@._V1_SX300.jpg
107953,https://m.media-amazon.com/images/M/MV5BYjExOWVhNTQtYzEzNy00MThmLTlmYTktOTUyMWViMWE2OTBmXkEyXkFqcGc@._V1_SX300.jpg
107962,https://m.media-amazon.com/images/M/MV5BMTgxMzY4MDA4M15BMl5BanBnXkFtZTgwNzE4MzU2MDE@._V1_SX300.jpg
107997,https://m.media-amazon.com/images/M/MV5BMjI3NjI3NjAyN15BMl5BanBnXkFtZTgwODE3NzMxMDE@._V1_SX300.jpg
107999,https://m.media-amazon.com/images/M/MV5BNjE0OTMzZmQtZmYxMi00YzcxLTkzZmYtOTEwMDlkZjI2YTE3XkEyXkFqcGc@._V1_SX300.jpg
108078,https://m.media-amazon.com/images/M/MV5BMjA4NDg5NDAzOV5BMl5BanBnXkFtZTgwNDUwNjY1MTE@._V1_SX300.jpg
108090,https://m.media-amazon.com/images/M/MV5BODczMjJmODEtODZiYS00OTNhLWFiMzktNTIzMDM4NTlmNTk3XkEyXkFqcGc@._V1_SX300.jpg
108156,https://m.media-amazon.com/images/M/MV5BNjU4NzYzOTY1MF5BMl5BanBnXkFtZTgwMTAyNTc1MDE@._V1_SX300.jpg
108188,https://m.media-amazon.com/images/M/MV5BMTY2MDkxNzYwNl5BMl5BanBnXkFtZTgwOTM2MjE5MDE@._V1_SX300.jpg
108190,https://m.media-amazon.com/images/M/MV5BMTYxMzYwODE4OV5BMl5BanBnXkFtZTgwNDE5MzE2MDE@._V1_SX300.jpg
108192,https://m.media-amazon.com/images/M/MV5BNDM5NmQ4YTUtMGExZC00ZTYyLTg3OTUtOTQwNGEwYTkxODU3XkEyXkFqcGc@._V1_SX300.jpg
108540,https://m.media-amazon.com/images/M/MV5BMjA3NzA5ODY4M15BMl5BanBnXkFtZTgwMzU5ODMwMTE@._V1_SX300.jpg
108601,https://m.media-amazon.com/images/M/MV5BMTkwNjgxMTQ3OF5BMl5BanBnXkFtZTcwMTU0NTY2OQ@@._V1_SX300.jpg
108689,https://m.media-amazon.com/images/M/MV5BMjM3Mzk2MDU3N15BMl5BanBnXkFtZTgwMzg1NTI4MDE@._V1_SX300.jpg
108715,https://m.media-amazon.com/images/M/MV5BMjM3OTA2MjQ4NF5BMl5BanBnXkFtZTgwOTYzNzIwMTE@._V1_SX300.jpg
108727,https://m.media-amazon.com/images/M/MV5BMjA3Njc5MjI5Ml5BMl5BanBnXkFtZTgwNTY3Mjg3MDE@._V1_SX300.jpg
108729,https://m.media-amazon.com/images/M/MV5BMTQ2NzA5NjE4N15BMl5BanBnXkFtZTgwMjQ4NzMxMTE@._V1_SX300.jpg
108795,https://m.media-amazon.com/images/M/MV5BNzU1NmNmNTgtMTUyYS00ZmRmLTkzOWItOTY2ZWZiYjVkYzkzXkEyXkFqcGdeQXVyNjExODE1MDc@._V1_SX300.jpg
108928,https://m.media-amazon.com/images/M/MV5BMjMxMjk4NTM1M15BMl5BanBnXkFtZTgwNjg0MjQ3MDE@._V1_SX300.jpg
108932,https://m.media-amazon.com/images/M/MV5BMTg4MDk1ODExN15BMl5BanBnXkFtZTgwNzIyNjg3MDE@._V1_SX300.jpg
108945,https://m.media-amazon.com/images/M/MV5BMjAyOTUzMTcxN15BMl5BanBnXkFtZTgwMjkyOTc1MDE@._V1_SX300.jpg
108949,https://m.media-amazon.com/images/M/MV5BNjUxNjYyNTUxMF5BMl5BanBnXkFtZTgwNDgyMDcyMTE@._V1_SX300.jpg
108981,https://m.media-amazon.com/images/M/MV5BZDFlZGEwNzUtZWY2OS00MWE0LWEwMjEtMmUwZDQzZWRlYWRkXkEyXkFqcGc@._V1_SX300.jpg
109042,https://m.media-amazon.com/images/M/MV5BMTQ3ODEwMzY3NV5BMl5BanBnXkFtZTgwNTkwMTQ5MDE@._V1_SX300.jpg
109161,https://m.media-amazon.com/images/M/MV5BMjM0ODgyOTM1Ml5BMl5BanBnXkFtZTgwMzI5ODM4MTE@._V1_SX300.jpg
109183,https://m.media-amazon.com/images/M/MV5BMjAwODUzOTQ5Nl5BMl5BanBnXkFtZTgwNzAwMjc5MDE@._V1_SX300.jpg
109187,https://m.media-amazon.com/images/M/MV5BMTc4NTIxMTE0OF5BMl5BanBnXkFtZTgwNTQ5NTYxMjE@._V1_SX300.jpg
109191,https://m.media-amazon.com/images/M/MV5BYzQyNGM3NTEtYWNkYy00ODVmLWI3ODgtMDU2ZTA2MDUzZjZlXkEyXkFqcGc@._V1_SX300.jpg
109241,https://m.media-amazon.com/images/M/MV5BZjYwZDk0NWItNDZiNC00ZGUzLTlhYjAtZDUyN2VmY2RhN2E0XkEyXkFqcGc@._V1_SX300.jpg
109282,https://m.media-amazon.com/images/M/MV5BMTg4MDAxMTY1M15BMl5BanBnXkFtZTcwODU5MzI5OA@@._V1_SX300.jpg
109295,https://m.media-amazon.com/images/M/MV5BMTA4MTIzNTc2NTZeQTJeQWpwZ15BbWU4MDE0ODM4OTAx._V1_SX300.jpg
109313,https://m.media-amazon.com/images/M/MV5BYTNlYjFjZDgtODRiMS00MmNjLTkxNTgtZjI5OTQ1OTg5MTJlXkEyXkFqcGc@._V1_SX300.jpg
109317,https://m.media-amazon.com/images/M/MV5BMTk1NjczNDg1MV5BMl5BanBnXkFtZTgwMjI5NzQzMjE@._V1_SX300.jpg
109372,https://m.media-amazon.com/images/M/MV5BMTk3OTc4NDMzNF5BMl5BanBnXkFtZTgwNjQ2NzY3MDE@._V1_SX300.jpg
109374,https://m.media-amazon.com/images/M/MV5BMzM5NjUxOTEyMl5BMl5BanBnXkFtZTgwNjEyMDM0MDE@._V1_SX300.jpg
109383,https://m.media-amazon.com/images/M/MV5BMTgyNTUxMTY2NF5BMl5BanBnXkFtZTgwMzI1NDA0MTE@._V1_SX300.jpg
109416,https://m.media-amazon.com/images/M/MV5BMTg3NjMzOTExNl5BMl5BanBnXkFtZTcwNTY4ODc3Mg@@._V1_SX300.jpg
109483,https://m.media-amazon.com/images/M/MV5BMjExODEyMjMwNV5BMl5BanBnXkFtZTgwMTAyODM1MDE@._V1_SX300.jpg
109487,https://m.media-amazon.com/images/M/MV5BYzdjMDAxZGItMjI2My00ODA1LTlkNzItOWFjMDU5ZDJlYWY3XkEyXkFqcGc@._V1_SX300.jpg
109569,https://m.media-amazon.com/images/M/MV5BMzM0MjE0Nzg1N15BMl5BanBnXkFtZTgwODA4ODE4MDE@._V1_SX300.jpg
109576,https://m.media-amazon.com/images/M/MV5BMTUyNDk5ODE0OV5BMl5BanBnXkFtZTgwMDMyNzE4MDE@._V1_SX300.jpg
109578,https://m.media-amazon.com/images/M/MV5BOTI3NzcxMjkzMl5BMl5BanBnXkFtZTgwMDY0NTQ0MDE@._V1_SX300.jpg
109596,https://m.media-amazon.com/images/M/MV5BNzQzNTIzNzM2Ml5BMl5BanBnXkFtZTgwMzkzMDM5MTE@._V1_SX300.jpg
109633,https://m.media-amazon.com/images/M/MV5BYjdiMDdlMDItOGM4Ny00YmE4LTk0MTEtMGRhM2Y4OWZkZDZkXkEyXkFqcGc@._V1_SX300.jpg
109673,https://m.media-amazon.com/images/M/MV5BMTEwNTU2MjAwMDdeQTJeQWpwZ15BbWU3MDk2Njc2Njk@._V1_SX300.jpg
109687,https://m.media-amazon.com/images/M/MV5BODg3MTM3NTY1OF5BMl5BanBnXkFtZTcwNDg5NTM2OQ@@._V1_SX300.jpg
109723,https://m.media-amazon.com/images/M/MV5BMjE4NDc3NjUyNl5BMl5BanBnXkFtZTgwMDA4MDQwMTE@._V1_SX300.jpg
109846,https://m.media-amazon.com/images/M/MV5BZWMyODZlZTktNWE0Ny00YzUzLWFkOTQtZjFjYjA5ZWMyZmU0XkEyXkFqcGc@._V1_SX300.jpg
109848,https://m.media-amazon.com/images/M/MV5BMTU1MDEwMDg4Nl5BMl5BanBnXkFtZTgwOTk3NTcxMTE@._V1_SX300.jpg
109850,https://m.media-amazon.com/images/M/MV5BMTQ3ODY4NzYzOF5BMl5BanBnXkFtZTgwNjI3OTE4MDE@._V1_SX300.jpg
109853,https://m.media-amazon.com/images/M/MV5BMTg0NzIxOTgxM15BMl5BanBnXkFtZTgwMjA3NjY3MDE@._V1_SX300.jpg
109864,https://m.media-amazon.com/images/M/MV5BMTQ4MDc0Mjg4OV5BMl5BanBnXkFtZTgwODk3NjYyMTE@._V1_SX300.jpg
109895,https://m.media-amazon.com/images/M/MV5BOTQ5MmFhNDYtNDAzMS00OWM5LWE5NmYtNTA3YjdkMDRjZDUzXkEyXkFqcGc@._V1_SX300.jpg
109897,https://m.media-amazon.com/images/M/MV5BMjA3NjQ2ODYwN15BMl5BanBnXkFtZTgwNTQ0NDc2MDE@._V1_SX300.jpg
109941,https://m.media-amazon.com/images/M/MV5BNjc1MDRhY2UtZjVkMC00MThiLThjYjAtMGQ5ZGRhNThjYWMyXkEyXkFqcGdeQXVyMjEzMDMwMTI@._V1_SX300.jpg
109968,https://m.media-amazon.com/images/M/MV5BODU1NThmYjItN2VjZC00ZTQzLWIyMmYtMTQ3NWE5ODM0OTI5XkEyXkFqcGc@._V1_SX300.jpg
109971,https://m.media-amazon.com/images/M/MV5BMjI5NTM0MDg5Nl5BMl5BanBnXkFtZTgwNjQxNTYxMjE@._V1_SX300.jpg
110102,https://m.media-amazon.com/images/M/MV5BNWY1NjFmNDItZDhmOC00NjI1LWE0ZDItMTM0MjBjZThiOTQ2XkEyXkFqcGc@._V1_SX300.jpg
110127,https://m.media-amazon.com/images/M/MV5BMjI2OTgyNTc0Ml5BMl5BanBnXkFtZTgwNDM1NTQxMTE@._V1_SX300.jpg
110130,https://m.media-amazon.com/images/M/MV5BMTQ1NjAxMDUzN15BMl5BanBnXkFtZTgwOTE5NDM3MDE@._V1_SX300.jpg
110281,https://m.media-amazon.com/images/M/MV5BZGQ4MmNlMzctNTBkYS00Nzg5LWIxZjMtZDRjZWIwYjI2MjczXkEyXkFqcGc@._V1_SX300.jpg
110286,https://m.media-amazon.com/images/M/MV5BNzA0NDIwNjI3OF5BMl5BanBnXkFtZTgwMDMzNzE0MTE@._V1_SX300.jpg
110297,https://m.media-amazon.com/images/M/MV5BNDY2MTE0ODM4NF5BMl5BanBnXkFtZTgwMDI3Mjc2MDE@._V1_SX300.jpg
110330,https://m.media-amazon.com/images/M/MV5BMWU0ZjFhMGYtYzk2OS00MWNmLTkyYTktNTllMTk1Mjk3NTg3XkEyXkFqcGc@._V1_SX300.jpg
110350,https://m.media-amazon.com/images/M/MV5BMTYxMjk0OTUwMF5BMl5BanBnXkFtZTgwNTY0ODIzMDE@._V1_SX300.jpg
110387,https://m.media-amazon.com/images/M/MV5BMTg0NDIwOTc2Ml5BMl5BanBnXkFtZTgwNjc4MTQ5MDE@._V1_SX300.jpg
110501,https://m.media-amazon.com/images/M/MV5BMDMyNTMzZmYtNDIxYi00YTNkLWE2ZTMtM2M4ZGQwYTFjZTEyXkEyXkFqcGc@._V1_SX300.jpg
110541,https://m.media-amazon.com/images/M/MV5BMTk2NzM0MzAzNl5BMl5BanBnXkFtZTcwNDc2NTYxMQ@@._V1_SX300.jpg
110553,https://m.media-amazon.com/images/M/MV5BOTA5NDYxNTg0OV5BMl5BanBnXkFtZTgwODE5NzU1MTE@._V1_SX300.jpg
110586,https://m.media-amazon.com/images/M/MV5BMTc3MjQ1MjE2M15BMl5BanBnXkFtZTgwNTMzNjE4MTE@._V1_SX300.jpg
110591,https://m.media-amazon.com/images/M/MV5BMzE1NzM4MjEyNV5BMl5BanBnXkFtZTgwMjYzMjMzMTE@._V1_SX300.jpg
110603,https://m.media-amazon.com/images/M/MV5BMjEwNDQ3MzYyOV5BMl5BanBnXkFtZTgwNDE0ODM3MDE@._V1_SX300.jpg
110611,https://m.media-amazon.com/images/M/MV5BMTc4NTU4MTY2Nl5BMl5BanBnXkFtZTgwNDM5MjQ2MTE@._V1_SX300.jpg
110655,https://m.media-amazon.com/images/M/MV5BMTgzMDczMDYzNl5BMl5BanBnXkFtZTgwMzk2MDIwMTE@._V1_SX300.jpg
110669,https://m.media-amazon.com/images/M/MV5BNjAyMzEzMjAwNV5BMl5BanBnXkFtZTgwNjg4NjIzMjE@._V1_SX300.jpg
110718,https://m.media-amazon.com/images/M/MV5BMTQzMjU3NjY0Nl5BMl5BanBnXkFtZTgwMTQ1NDM5MDE@._V1_SX300.jpg
110730,https://m.media-amazon.com/images/M/MV5BMTc1MjQ3ODAyOV5BMl5BanBnXkFtZTgwNjI1NDQ0MTE@._V1_SX300.jpg
110746,https://m.media-amazon.com/images/M/MV5BMzk3NzUwOTYyN15BMl5BanBnXkFtZTcwMzgxMDY1OQ@@._V1_SX300.jpg
110771,https://m.media-amazon.com/images/M/MV5BMTc0ODE4ODY1OF5BMl5BanBnXkFtZTgwMDA5NjkzMTE@._V1_SX300.jpg
110773,https://m.media-amazon.com/images/M/MV5BMTQ4Njc2MTY4OF5BMl5BanBnXkFtZTgwNTQyNTg1MTE@._V1_SX300.jpg
110781,https://m.media-amazon.com/images/M/MV5BODEzMmIxOGMtY2RhYS00YTFiLThkZmYtMDlmZGJlYzg0NWEzXkEyXkFqcGdeQXVyNjk1Njg5NTA@._V1_SX300.jpg
110826,https://m.media-amazon.com/images/M/MV5BOTI0ODQ2MzY5NF5BMl5BanBnXkFtZTgwNTcxNzQxMTE@._V1_SX300.jpg
110882,https://m.media-amazon.com/images/M/MV5BMTQ1MjE5MzU2M15BMl5BanBnXkFtZTgwNzE4OTMzMTE@._V1_SX300.jpg
111113,https://m.media-amazon.com/images/M/MV5BOTQ0OTkzODgyNF5BMl5BanBnXkFtZTgwOTA3OTE4MDE@._V1_SX300.jpg
111146,https://m.media-amazon.com/images/M/MV5BMzM0NDAwNjUwMV5BMl5BanBnXkFtZTgwMTgyMTA1MTE@._V1_SX300.jpg
111320,https://m.media-amazon.com/images/M/MV5BMTgxMzgwMDM4OF5BMl5BanBnXkFtZTgwNjk4NjcyMTE@._V1_SX300.jpg
111360,https://m.media-amazon.com/images/M/MV5BODcxMzY3ODY1NF5BMl5BanBnXkFtZTgwNzg1NDY4MTE@._V1_SX300.jpg
111362,https://m.media-amazon.com/images/M/MV5BNzNiYWE4NjMtMTU4OS00NmM4LWE4ZjAtYmE5OTA5NjkzODExXkEyXkFqcGc@._V1_SX300.jpg
111364,https://m.media-amazon.com/images/M/MV5BODE2NTdmMmYtY2U1OS00MjExLWIwNjQtYjQ5NTA0ZDZmZjZiXkEyXkFqcGc@._V1_SX300.jpg
111375,https://m.media-amazon.com/images/M/MV5BODg2Mzk0NzU2M15BMl5BanBnXkFtZTgwMjAyNjYxMTE@._V1_SX300.jpg
111384,https://m.media-amazon.com/images/M/MV5BMTY4NTM2MDg5OV5BMl5BanBnXkFtZTgwMDA3OTAwMTE@._V1_SX300.jpg
111443,https://m.media-amazon.com/images/M/MV5BODkyNTI4YjUtNjEyNC00NWQ5LTk4M2YtM2Q3NjBiYmJmMGUyXkEyXkFqcGc@._V1_SX300.jpg
111551,https://m.media-amazon.com/images/M/MV5BMjEzOTczNzA0NF5BMl5BanBnXkFtZTgwMTgwNTYyMTE@._V1_SX300.jpg
111617,https://m.media-amazon.com/images/M/MV5BNzc2ODI5NjAyMl5BMl5BanBnXkFtZTgwMzIyOTE4MDE@._V1_SX300.jpg
111622,https://m.media-amazon.com/images/M/MV5BNjAxMTI4MTgzMV5BMl5BanBnXkFtZTgwOTAwODEwMjE@._V1_SX300.jpg
111659,https://m.media-amazon.com/images/M/MV5BMjAwMzAzMzExOF5BMl5BanBnXkFtZTgwOTcwMDA5MTE@._V1_SX300.jpg
111663,https://m.media-amazon.com/images/M/MV5BNTMzMzc4ODc1M15BMl5BanBnXkFtZTgwMTM0MTgxMTE@._V1_SX300.jpg
111680,https://m.media-amazon.com/images/M/MV5BODM2OTg0OTE2Ml5BMl5BanBnXkFtZTgwMDk4NzEwMTE@._V1_SX300.jpg
111732,https://m.media-amazon.com/images/M/MV5BOGEwNTIwOTEtMDQ5Yi00ODg1LWIxYjYtY2IxNTRhNmQ0NWM5XkEyXkFqcGc@._V1_SX300.jpg
111743,https://m.media-amazon.com/images/M/MV5BMTQ0NDcyNjg0MV5BMl5BanBnXkFtZTgwMzk4NTA4MTE@._V1_SX300.jpg
111759,https://m.media-amazon.com/images/M/MV5BMTc5OTk4MTM3M15BMl5BanBnXkFtZTgwODcxNjg3MDE@._V1_SX300.jpg
111781,https://m.media-amazon.com/images/M/MV5BZjUwZjg2ZjAtY2RhZi00YmZjLTlhNGQtOWQwNDk1MjhhM2NhXkEyXkFqcGc@._V1_SX300.jpg
111785,https://m.media-amazon.com/images/M/MV5BMTk3Nzc4MzU1MF5BMl5BanBnXkFtZTcwNTI2Njk3MQ@@._V1_SX300.jpg
111795,https://m.media-amazon.com/images/M/MV5BMjM1OTUwOTA0M15BMl5BanBnXkFtZTgwMTA0Nzk4MjE@._V1_SX300.jpg
111800,https://m.media-amazon.com/images/M/MV5BMTkxNTk4MTU5Nl5BMl5BanBnXkFtZTgwOTY0NTE4MDE@._V1_SX300.jpg
111817,https://m.media-amazon.com/images/M/MV5BMzg3MjU5OTI5MV5BMl5BanBnXkFtZTgwNTM1NDMyMjE@._V1_SX300.jpg
111844,https://m.media-amazon.com/images/M/MV5BMjE4NzY3MTg5Ml5BMl5BanBnXkFtZTgwMDc0NzE1MTE@._V1_SX300.jpg
111913,https://m.media-amazon.com/images/M/MV5BOTI5MTMyODc0M15BMl5BanBnXkFtZTgwMzIxMjkzMjE@._V1_SX300.jpg
111921,https://m.media-amazon.com/images/M/MV5BYTA4ODg5YWUtYmZiYy00Y2M4LWE0NjEtODE5MzhkYmJmZGEwXkEyXkFqcGc@._V1_SX300.jpg
112006,https://m.media-amazon.com/images/M/MV5BMTgzNDAxNDg2Nl5BMl5BanBnXkFtZTcwNzMzNTIyNw@@._V1_SX300.jpg
112070,https://m.media-amazon.com/images/M/MV5BMTY3MjQwNzYyNV5BMl5BanBnXkFtZTgwNTY3NDQ5MzE@._V1_SX300.jpg
112138,https://m.media-amazon.com/images/M/MV5BMTcwNzAxMDU1M15BMl5BanBnXkFtZTgwNDE2NTU1MTE@._V1_SX300.jpg
112171,https://m.media-amazon.com/images/M/MV5BMTQ2MzE2NTk0NF5BMl5BanBnXkFtZTgwOTM3NTk1MjE@._V1_SX300.jpg
112175,https://m.media-amazon.com/images/M/MV5BMzMwMTAwODczN15BMl5BanBnXkFtZTgwMDk2NDA4MTE@._V1_SX300.jpg
112183,https://m.media-amazon.com/images/M/MV5BODAzNDMxMzAxOV5BMl5BanBnXkFtZTgwMDMxMjA4MjE@._V1_SX300.jpg
112290,https://m.media-amazon.com/images/M/MV5BMTYzNDc2MDc0N15BMl5BanBnXkFtZTgwOTcwMDQ5MTE@._V1_SX300.jpg
112303,https://m.media-amazon.com/images/M/MV5BMjE2NjMxNjU1OF5BMl5BanBnXkFtZTgwMTI1OTgxMTE@._V1_SX300.jpg
112316,https://m.media-amazon.com/images/M/MV5BMjIyMjA2OTM0NF5BMl5BanBnXkFtZTgwMzY2MTI2MTE@._V1_SX300.jpg
112326,https://m.media-amazon.com/images/M/MV5BMTM3MThmZWYtYTQ2NC00ZDA0LWFlMzAtYWRjM2MzOTRjZDY2XkEyXkFqcGc@._V1_SX300.jpg
112334,https://m.media-amazon.com/images/M/MV5BMjgwOTgwNjQ5MV5BMl5BanBnXkFtZTgwMzk1NTQ2MTE@._V1_SX300.jpg
112370,https://m.media-amazon.com/images/M/MV5BMjEwNTg1MTA5Nl5BMl5BanBnXkFtZTgwOTg2OTM4MTE@._V1_SX300.jpg
112421,https://m.media-amazon.com/images/M/MV5BMjM0OTczMTcxOV5BMl5BanBnXkFtZTgwMDU1MDUwMjE@._V1_SX300.jpg
112450,https://m.media-amazon.com/images/M/MV5BMTkzNzA2Nzc1Ml5BMl5BanBnXkFtZTgwNzcwNzk3MTE@._V1_SX300.jpg
112454,https://m.media-amazon.com/images/M/MV5BMTkzNDk2NDI2Nl5BMl5BanBnXkFtZTcwOTczMjc1OQ@@._V1_SX300.jpg
112460,https://m.media-amazon.com/images/M/MV5BMTcwMjY4NDM4OF5BMl5BanBnXkFtZTgwMDIxNDU2MTE@._V1_SX300.jpg
112497,https://m.media-amazon.com/images/M/MV5BMjM5MTkxMjMyNl5BMl5BanBnXkFtZTgwMDgxNDAwMjE@._V1_SX300.jpg
112512,https://m.media-amazon.com/images/M/MV5BYTM0NTcyNGMtNjNkMy00OGFkLTkwZjMtNDEyOWI3YmUyZWZkXkEyXkFqcGc@._V1_SX300.jpg
112515,https://m.media-amazon.com/images/M/MV5BMTk0NzMzODc2NF5BMl5BanBnXkFtZTgwOTYzNTM1MzE@._V1_SX300.jpg
112552,https://m.media-amazon.com/images/M/MV5BMDFjOWFkYzktYzhhMC00NmYyLTkwY2EtYjViMDhmNzg0OGFkXkEyXkFqcGc@._V1_SX300.jpg
112556,https://m.media-amazon.com/images/M/MV5BMTk0MDQ3MzAzOV5BMl5BanBnXkFtZTgwNzU1NzE3MjE@._V1_SX300.jpg
112580,https://m.media-amazon.com/images/M/MV5BMjAxMTU5Mjk4OF5BMl5BanBnXkFtZTgwMTM4NDQ3MTE@._V1_SX300.jpg
112623,https://m.media-amazon.com/images/M/MV5BNWNjYzQ4ZGItZTg1My00NTM2LTg1NDUtYThjOTQwMTYyNjU1XkEyXkFqcGc@._V1_SX300.jpg
112727,https://m.media-amazon.com/images/M/MV5BYmQ0YzhiNzEtNTNmYi00M2ZjLWJlZmUtNDMwNmQ1YjZkN2U4XkEyXkFqcGc@._V1_SX300.jpg
112749,https://m.media-amazon.com/images/M/MV5BMTUwNDAwODY2MF5BMl5BanBnXkFtZTgwMDI2MTUxMjE@._V1_SX300.jpg
112788,https://m.media-amazon.com/images/M/MV5BNDYzMzg5OTA0Ml5BMl5BanBnXkFtZTgwNjQzNzExMjE@._V1_SX300.jpg
112804,https://m.media-amazon.com/images/M/MV5BNzUwM2VlYmQtYTdkNi00NThmLThkMDItZjZjMDdjNTMyYzM5XkEyXkFqcGc@._V1_SX300.jpg
112818,https://m.media-amazon.com/images/M/MV5BMjE2ODMxMTk1Nl5BMl5BanBnXkFtZTgwMDEzNjEzMTE@._V1_SX300.jpg
112852,https://m.media-amazon.com/images/M/MV5BM2ZmNjQ2MzAtNDlhNi00MmQyLWJhZDMtNmJiMjFlOWY4MzcxXkEyXkFqcGc@._V1_SX300.jpg
112868,https://m.media-amazon.com/images/M/MV5BMDEwYjVkZGItMjc3Zi00YjI5LWE0YTUtODQ4NzRiM2FmYmNmXkEyXkFqcGc@._V1_SX300.jpg
112897,https://m.media-amazon.com/images/M/MV5BODU5ODMyMzg2MV5BMl5BanBnXkFtZTgwMTA2MTcxMjE@._V1_SX300.jpg
112911,https://m.media-amazon.com/images/M/MV5BMTQ4ODA5MTA4OF5BMl5BanBnXkFtZTgwNjMyODM5MTE@._V1_SX300.jpg
112940,https://m.media-amazon.com/images/M/MV5BODY2MTA0MjYzMl5BMl5BanBnXkFtZTgwOTE3NzE4MTE@._V1_SX300.jpg
113159,https://m.media-amazon.com/images/M/MV5BZjhhZmE5YjQtNGFlNi00ZjdkLWJjODUtNDg2NDRiYjE3NDQyXkEyXkFqcGc@._V1_SX300.jpg
113186,https://m.media-amazon.com/images/M/MV5BYTdjMGUxOTktOTIwNC00MmEwLWJhYzMtODk1N2IxMGY0M2M2XkEyXkFqcGc@._V1_SX300.jpg
113207,https://m.media-amazon.com/images/M/MV5BMTY1NjAyMTUzMl5BMl5BanBnXkFtZTgwMTM4NzQ4MTE@._V1_SX300.jpg
113225,https://m.media-amazon.com/images/M/MV5BMTQ3NDY5NjIwN15BMl5BanBnXkFtZTgwNjQ2ODkxMjE@._V1_SX300.jpg
113252,https://m.media-amazon.com/images/M/MV5BMTUxNTA5NTAzM15BMl5BanBnXkFtZTgwODE2NDkyMjE@._V1_SX300.jpg
113275,https://m.media-amazon.com/images/M/MV5BMTQ3Mjg2MTE4M15BMl5BanBnXkFtZTgwMzcyNDMwMjE@._V1_SX300.jpg
113278,https://m.media-amazon.com/images/M/MV5BZDU1ZGRiY2YtYmZjMi00ZDQwLWJjMWMtNzUwNDMwYjQ4ZTVhXkEyXkFqcGdeQXVyNTAyODkwOQ@@._V1_SX300.jpg
113280,https://m.media-amazon.com/images/M/MV5BMjExMzMxMTI4NV5BMl5BanBnXkFtZTcwMzUwMzYwOQ@@._V1_SX300.jpg
113313,https://m.media-amazon.com/images/M/MV5BNDcwMDg2Mzg3OF5BMl5BanBnXkFtZTgwMTA5MjYyMTE@._V1_SX300.jpg
113345,https://m.media-amazon.com/images/M/MV5BMTQyNzk2MjA2NF5BMl5BanBnXkFtZTgwMjEwNzk3MjE@._V1_SX300.jpg
113348,https://m.media-amazon.com/images/M/MV5BNjUzODQ5MDY5NV5BMl5BanBnXkFtZTgwOTc1NzcyMjE@._V1_SX300.jpg
113350,https://m.media-amazon.com/images/M/MV5BMTY0MDE1NTQxNl5BMl5BanBnXkFtZTgwMTI0MTM5MTE@._V1_SX300.jpg
113374,https://m.media-amazon.com/images/M/MV5BOGY1MzNkZDktN2Q5ZC00OTBkLTk2ZDEtOTRkMTNkOGM2YTUwXkEyXkFqcGdeQXVyNDE5MTU2MDE@._V1_SX300.jpg
113378,https://m.media-amazon.com/images/M/MV5BMTY1MTIxMjg2Ml5BMl5BanBnXkFtZTgwMjUyNzgwMjE@._V1_SX300.jpg
113394,https://m.media-amazon.com/images/M/MV5BMTM5MzI0ODgxMl5BMl5BanBnXkFtZTgwNjI3MDQwMTE@._V1_SX300.jpg
113416,https://m.media-amazon.com/images/M/MV5BOTYzOTc2Mzc1NV5BMl5BanBnXkFtZTgwODQ3NTQ0MjE@._V1_SX300.jpg
113453,https://m.media-amazon.com/images/M/MV5BMjI3MDY2ODQwNF5BMl5BanBnXkFtZTgwNjUzNjE4MTE@._V1_SX300.jpg
113532,https://m.media-amazon.com/images/M/MV5BNjU5MmZlNGItYmU4Ni00Y2Q2LWIwNjYtNzIxZjI2NDYwM2YyXkEyXkFqcGc@._V1_SX300.jpg
113565,https://m.media-amazon.com/images/M/MV5BMjE1ODg1MzM3Ml5BMl5BanBnXkFtZTgwMDg3NDQyMTE@._V1_SX300.jpg
113573,https://m.media-amazon.com/images/M/MV5BMjA5ODYwNjgxMF5BMl5BanBnXkFtZTgwMTcwNzAyMjE@._V1_SX300.jpg
113604,https://m.media-amazon.com/images/M/MV5BZWVkNWM4M2ItMzU0Ni00ODI1LThmMDktNTAwMTI3YzBmMWRjXkEyXkFqcGc@._V1_SX300.jpg
113705,https://m.media-amazon.com/images/M/MV5BMTcyZjZiOTItZmIyMy00MzVkLWEyNzUtYTNjM2I3MTA0NjcwXkEyXkFqcGc@._V1_SX300.jpg
113741,https://m.media-amazon.com/images/M/MV5BNzQ3ODUzNDY2M15BMl5BanBnXkFtZTgwNzg0ODY2MTE@._V1_SX300.jpg
113780,https://m.media-amazon.com/images/M/MV5BMTQzNzg0NDI2MF5BMl5BanBnXkFtZTgwMzgxNzY2MTE@._V1_SX300.jpg
113829,https://m.media-amazon.com/images/M/MV5BMTgzODMyMjcyOV5BMl5BanBnXkFtZTgwMTAyMjMyMjE@._V1_SX300.jpg
113849,https://m.media-amazon.com/images/M/MV5BMTYwMDA5MTU1MF5BMl5BanBnXkFtZTcwNTMyNDA1OA@@._V1_SX300.jpg
113862,https://m.media-amazon.com/images/M/MV5BOTQyODc5MTAwM15BMl5BanBnXkFtZTgwNjMwMjA1MjE@._V1_SX300.jpg
114028,https://m.media-amazon.com/images/M/MV5BMTU2OTcyOTE3MF5BMl5BanBnXkFtZTgwNTg5Mjc1MjE@._V1_SX300.jpg
114044,https://m.media-amazon.com/images/M/MV5BMjI2MzA0NTk2NF5BMl5BanBnXkFtZTgwMzk2Njc0MjE@._V1_SX300.jpg
114060,https://m.media-amazon.com/images/M/MV5BNGNlMDM4ODUtZjYxMy00MjkxLThjNGQtYmM3MDZiMWRkMmNjXkEyXkFqcGc@._V1_SX300.jpg
114066,https://m.media-amazon.com/images/M/MV5BMTQzOTI2NjkxM15BMl5BanBnXkFtZTgwNjg4MDgyMjE@._V1_SX300.jpg
114074,https://m.media-amazon.com/images/M/MV5BNzk5MjM3NDEwN15BMl5BanBnXkFtZTgwMDIxNjYzMjE@._V1_SX300.jpg
114126,https://m.media-amazon.com/images/M/MV5BMjE3Mzk5OTI1MF5BMl5BanBnXkFtZTcwOTQyNTE2MQ@@._V1_SX300.jpg
114180,https://m.media-amazon.com/images/M/MV5BMjUyNTA3MTAyM15BMl5BanBnXkFtZTgwOTEyMTkyMjE@._V1_SX300.jpg
114184,https://m.media-amazon.com/images/M/MV5BMTU5NjI1MjEwMV5BMl5BanBnXkFtZTgwNjc2Mzc3MjE@._V1_SX300.jpg
114246,https://m.media-amazon.com/images/M/MV5BMTQ3NzY2MTg1M15BMl5BanBnXkFtZTgwODY2Njk4MTE@._V1_SX300.jpg
114265,https://m.media-amazon.com/images/M/MV5BMTY5NjU0MTQwMl5BMl5BanBnXkFtZTgwMjYxMTU0MjE@._V1_SX300.jpg
114335,https://m.media-amazon.com/images/M/MV5BMTM5MDBhMjQtOTY3Ni00ZmNiLTgzNGQtMDU0Y2Y1MTIwMzczXkEyXkFqcGc@._V1_SX300.jpg
114396,https://m.media-amazon.com/images/M/MV5BMTM5NTkyOTMxN15BMl5BanBnXkFtZTgwODA1MDYwMTE@._V1_SX300.jpg
114494,https://m.media-amazon.com/images/M/MV5BZDFmNDY0NWUtMzZhYS00ZDk4LTg0MWItMTg5MDliZWExNmI4XkEyXkFqcGc@._V1_SX300.jpg
114554,https://m.media-amazon.com/images/M/MV5BZjQyOWIxNmYtY2U3NS00Mzg0LWE5YWQtZmZhNzFkZGUwYmUwXkEyXkFqcGc@._V1_SX300.jpg
114601,https://m.media-amazon.com/images/M/MV5BMjkzNzQ2NDMyNl5BMl5BanBnXkFtZTgwMTY3MTcxMjE@._V1_SX300.jpg
114627,https://m.media-amazon.com/images/M/MV5BMWM2N2RjOTAtYzRkNi00NDY5LWFhODAtZWEwYjdiM2FlMjljXkEyXkFqcGdeQXVyNjUwNzk3NDc@._V1_SX300.jpg
114662,https://m.media-amazon.com/images/M/MV5BMTkxNzI3ODI4Nl5BMl5BanBnXkFtZTgwMjkwMjY4MjE@._V1_SX300.jpg
114670,https://m.media-amazon.com/images/M/MV5BYzdkNDUyY2QtY2U5Ny00NDM3LWFlMWEtY2Y1MDcxYWYzNGZjXkEyXkFqcGc@._V1_SX300.jpg
114678,https://m.media-amazon.com/images/M/MV5BNTAzNTIyNDYzNV5BMl5BanBnXkFtZTgwNDg1NjYyMjE@._V1_SX300.jpg
114707,https://m.media-amazon.com/images/M/MV5BMTQ2Nzk5NzIxMF5BMl5BanBnXkFtZTgwNTM2NTc5MjE@._V1_SX300.jpg
114713,https://m.media-amazon.com/images/M/MV5BNjkyMDU5ZWQtZDhkOC00ZWFjLWIyM2MtZWFhMDUzNjdlNzU2XkEyXkFqcGc@._V1_SX300.jpg
114762,https://m.media-amazon.com/images/M/MV5BNTFjMjE2NzYtYjE5ZS00MGZhLWIwOTYtMjhlNjUzYWQ0ODk0XkEyXkFqcGc@._V1_SX300.jpg
114795,https://m.media-amazon.com/images/M/MV5BMTkzNzI1OTI4N15BMl5BanBnXkFtZTgwNTQ2NzEwMjE@._V1_SX300.jpg
114818,https://m.media-amazon.com/images/M/MV5BMTc2NjgyMzAxNV5BMl5BanBnXkFtZTgwNTIxNTE4MjE@._V1_SX300.jpg
114847,https://m.media-amazon.com/images/M/MV5BNzgyMDcyMjMwMV5BMl5BanBnXkFtZTgwNjY5MTA1MjE@._V1_SX300.jpg
114925,https://m.media-amazon.com/images/M/MV5BMTUwMTIxNDg0OV5BMl5BanBnXkFtZTgwNTM0MzU0MzE@._V1_SX300.jpg
114935,https://m.media-amazon.com/images/M/MV5BY2VhODM5OTUtZDJhMi00MTc5LThjNjYtZWY1M2NlNWU0N2NjXkEyXkFqcGc@._V1_SX300.jpg
115065,https://m.media-amazon.com/images/M/MV5BMTRiNjYyNmEtMDgyYi00N2IyLTk0ZTYtNjY3NzU5ZWQ4YjUxXkEyXkFqcGc@._V1_SX300.jpg
115111,https://m.media-amazon.com/images/M/MV5BM2NmZTgxMTYtODk1NS00MWMxLWE2MWEtNzFiNzM3NGRlOGQ0XkEyXkFqcGc@._V1_SX300.jpg
115122,https://m.media-amazon.com/images/M/MV5BNGFhNjkyZDYtOTc4Yi00OWM4LTg4ZTktNjIzNDA5NGE5YTYwXkEyXkFqcGc@._V1_SX300.jpg
115149,https://m.media-amazon.com/images/M/MV5BMTU2NjA1ODgzMF5BMl5BanBnXkFtZTgwMTM2MTI4MjE@._V1_SX300.jpg
115151,https://m.media-amazon.com/images/M/MV5BNDY5ODg2MzIwN15BMl5BanBnXkFtZTgwMDEzNjk1MjE@._V1_SX300.jpg
115170,https://m.media-amazon.com/images/M/MV5BMTcyNzIxOTIwMV5BMl5BanBnXkFtZTgwMzE0NjQwMjE@._V1_SX300.jpg
115203,https://m.media-amazon.com/images/M/MV5BNzQ2MTYxOTk3OV5BMl5BanBnXkFtZTgwMDI3OTk0MjE@._V1_SX300.jpg
115210,https://m.media-amazon.com/images/M/MV5BMjA4MDU0NTUyN15BMl5BanBnXkFtZTgwMzQxMzY4MjE@._V1_SX300.jpg
115216,https://m.media-amazon.com/images/M/MV5BMTA5MTU2NjIxOTNeQTJeQWpwZ15BbWU4MDA5Njc0MDIx._V1_SX300.jpg
115231,https://m.media-amazon.com/images/M/MV5BMTk5NzI5OTA4MF5BMl5BanBnXkFtZTgwNjc4NTM3MjE@._V1_SX300.jpg
115502,https://m.media-amazon.com/images/M/MV5BMjQyMDAyODUxOV5BMl5BanBnXkFtZTgwODcxMDMxNDE@._V1_SX300.jpg
115569,https://m.media-amazon.com/images/M/MV5BYjMwMmI5MWQtOTU4OS00OTAyLTg0OTYtNmQ5YzExZTQ3ZWJhXkEyXkFqcGc@._V1_SX300.jpg
115617,https://m.media-amazon.com/images/M/MV5BYjQ3YzUyOGQtNjdlYS00YmRhLWIyOWYtMGQ3YjkwMjJiYzRjXkEyXkFqcGc@._V1_SX300.jpg
115664,https://m.media-amazon.com/images/M/MV5BMTkzOTgzNDYzOF5BMl5BanBnXkFtZTgwOTgxMTkyMjE@._V1_SX300.jpg
115667,https://m.media-amazon.com/images/M/MV5BMTk0Mzg1MTU1MF5BMl5BanBnXkFtZTgwMjU3ODI2MzE@._V1_SX300.jpg
115680,https://m.media-amazon.com/images/M/MV5BNzM2MDc3NTA3N15BMl5BanBnXkFtZTgwNzA5OTMyNTE@._V1_SX300.jpg
115713,https://m.media-amazon.com/images/M/MV5BMTUxNzc0OTIxMV5BMl5BanBnXkFtZTgwNDI3NzU2NDE@._V1_SX300.jpg
115727,https://m.media-amazon.com/images/M/MV5BYjU2ODU5NzMtMzQ2NC00MmI5LWI1NjMtNmRmMjMzOTMxNWZhXkEyXkFqcGc@._V1_SX300.jpg
115819,https://m.media-amazon.com/images/M/MV5BMTYyOTQyNTYwOF5BMl5BanBnXkFtZTgwNDE0OTU2MDE@._V1_SX300.jpg
115828,https://m.media-amazon.com/images/M/MV5BMTY5NDQwODE1Ml5BMl5BanBnXkFtZTgwMjg0MjYyMjE@._V1_SX300.jpg
115877,https://m.media-amazon.com/images/M/MV5BNmI4NzAwYTEtNGU3My00ZDk1LWE4NTktMGE0MDA2NmU0MmRiXkEyXkFqcGdeQXVyMjUxMTY3ODM@._V1_SX300.jpg
115969,https://m.media-amazon.com/images/M/MV5BMTYwMzIyMjg5M15BMl5BanBnXkFtZTgwNzM1NjI2MDE@._V1_SX300.jpg
116044,https://m.media-amazon.com/images/M/MV5BYTBjYWIyYTgtMDkzNC00NTYwLWIyY2ItNmY1ZmVhM2E5ZDg3XkEyXkFqcGc@._V1_SX300.jpg
116138,https://m.media-amazon.com/images/M/MV5BMjAwMTY3MTU0Ml5BMl5BanBnXkFtZTgwNzE0ODAwMzE@._V1_SX300.jpg
116169,https://m.media-amazon.com/images/M/MV5BYmEzMGYxZTQtNTYwYi00Y2ZhLTgzMDktOTk4Zjg1MjlhMmY5XkEyXkFqcGc@._V1_SX300.jpg
116207,https://m.media-amazon.com/images/M/MV5BMjA0NjE1OTI0M15BMl5BanBnXkFtZTgwMDkyNTM3MDE@._V1_SX300.jpg
116411,https://m.media-amazon.com/images/M/MV5BMTgwNzA3MDQzOV5BMl5BanBnXkFtZTgwNTE5MDE5NDE@._V1_SX300.jpg
116413,https://m.media-amazon.com/images/M/MV5BYmI2NjUzNDgtYzU3Ni00MWYzLTllNjAtN2ZiNmI2ZDkwODdlXkEyXkFqcGc@._V1_SX300.jpg
116419,https://m.media-amazon.com/images/M/MV5BMTczMjc0ODQwNV5BMl5BanBnXkFtZTgwNzAzODU0MjE@._V1_SX300.jpg
116505,https://m.media-amazon.com/images/M/MV5BMjEwMjIzMjY1N15BMl5BanBnXkFtZTcwNjIwMDE5Ng@@._V1_SX300.jpg
116529,https://m.media-amazon.com/images/M/MV5BMTU2NjE5NTE5MV5BMl5BanBnXkFtZTgwODMxMjMyMTE@._V1_SX300.jpg
116668,https://m.media-amazon.com/images/M/MV5BMTk2MTEwOTcwOF5BMl5BanBnXkFtZTgwMDEzMjM2MjE@._V1_SX300.jpg
116718,https://m.media-amazon.com/images/M/MV5BY2Q4ZDkwY2YtNTc2Ny00OTUyLWI4NDEtMmM3MzlhYjU0MzNmXkEyXkFqcGc@._V1_SX300.jpg
116724,https://m.media-amazon.com/images/M/MV5BZWVmZGQ2YTYtNmY2MS00Yzk1LWE4MzgtMTg0YTkwYWJhOTdmXkEyXkFqcGc@._V1_SX300.jpg
116738,https://m.media-amazon.com/images/M/MV5BMTE2NjRjZWYtNWEyMS00NDIyLWFlMTUtNDU4Nzc0Yzk2OTdkXkEyXkFqcGc@._V1_SX300.jpg
116797,https://m.media-amazon.com/images/M/MV5BNjI3NjY1Mjg3MV5BMl5BanBnXkFtZTgwMzk5MDQ3MjE@._V1_SX300.jpg
116799,https://m.media-amazon.com/images/M/MV5BMmU3YjYzZWEtZDEzYy00YjA4LWI0YTUtY2RiMzVlYzZkZjg3XkEyXkFqcGc@._V1_SX300.jpg
116817,https://m.media-amazon.com/images/M/MV5BMjQwNTI2MTA0NV5BMl5BanBnXkFtZTgwODc1NzkzMjE@._V1_SX300.jpg
116823,https://m.media-amazon.com/images/M/MV5BMTcxNDI2NDAzNl5BMl5BanBnXkFtZTgwODM3MTc2MjE@._V1_SX300.jpg
116849,https://m.media-amazon.com/images/M/MV5BMjQxMDc4OTk5OV5BMl5BanBnXkFtZTgwOTY0ODg3MjE@._V1_SX300.jpg
116887,https://m.media-amazon.com/images/M/MV5BMjI3MDY0NjkxNl5BMl5BanBnXkFtZTgwNTM3NTA0MzE@._V1_SX300.jpg
116897,https://m.media-amazon.com/images/M/MV5BNzAzMjA1ODAxOV5BMl5BanBnXkFtZTgwODg4NTQzNDE@._V1_SX300.jpg
116941,https://m.media-amazon.com/images/M/MV5BN2NlYjMzYjItODNjYS00ZTEwLThmZmUtM2UwY2NkMzc2YjMxXkEyXkFqcGc@._V1_SX300.jpg
116963,https://m.media-amazon.com/images/M/MV5BNTA0OThiZWUtNjkyZS00YmY0LTkxYzQtMTkzYzc0NTk3MGU2XkEyXkFqcGc@._V1_SX300.jpg
116977,https://m.media-amazon.com/images/M/MV5BMTYxMzA0MzAyMF5BMl5BanBnXkFtZTgwMjMyNjcwMjE@._V1_SX300.jpg
116985,https://m.media-amazon.com/images/M/MV5BNGE5MWRiYmEtZjFkOS00ZjRkLWJjNTMtMTUwZDZkNTBiMDM1XkEyXkFqcGc@._V1_SX300.jpg
117107,https://m.media-amazon.com/images/M/MV5BMTYzMzQ5Njc5MV5BMl5BanBnXkFtZTgwNDEwNzk3MjE@._V1_SX300.jpg
117109,https://m.media-amazon.com/images/M/MV5BOGNkYWZmMTctMmM2Ni00MzYwLWExMjQtZjFmMjY5YWZmNDQ0XkEyXkFqcGc@._V1_SX300.jpg
117133,https://m.media-amazon.com/images/M/MV5BZDM1NzhjOWItYmI0Zi00ODY2LThiMTAtM2E2YmNmZWM3NWM2XkEyXkFqcGc@._V1_SX300.jpg
117176,https://m.media-amazon.com/images/M/MV5BMTAwMTU4MDA3NDNeQTJeQWpwZ15BbWU4MDk4NTMxNTIx._V1_SX300.jpg
117192,https://m.media-amazon.com/images/M/MV5BNDIyMTc2Nzc2NV5BMl5BanBnXkFtZTgwMjkxODA4MDE@._V1_SX300.jpg
117364,https://m.media-amazon.com/images/M/MV5BMzE1NTIyODM5N15BMl5BanBnXkFtZTgwOTExMzc2MjE@._V1_SX300.jpg
117368,https://m.media-amazon.com/images/M/MV5BM2ViNTZkMjEtMjgyZC00OTQ0LTk5OWItZjFmYjIyYmU1N2U5XkEyXkFqcGc@._V1_SX300.jpg
117444,https://m.media-amazon.com/images/M/MV5BMTQ2MDMwNjEwNV5BMl5BanBnXkFtZTgwOTkxMzI0MzE@._V1_SX300.jpg
117466,https://m.media-amazon.com/images/M/MV5BMjA5NzUwODExM15BMl5BanBnXkFtZTgwNjM0MzE4NjE@._V1_SX300.jpg
117511,https://m.media-amazon.com/images/M/MV5BNzc5MDE0MDUtNjE3NC00MzVkLTg0MGEtYjk4ODI5NWNkZmNmXkEyXkFqcGc@._V1_SX300.jpg
117529,https://m.media-amazon.com/images/M/MV5BNzBhNzlkM2UtZTQyOC00NjUyLTkzMmMtNDQ1YTM5N2NmMGE5XkEyXkFqcGc@._V1_SX300.jpg
117531,https://m.media-amazon.com/images/M/MV5BMjMxODY4MjMyN15BMl5BanBnXkFtZTgwOTM5NjkyMDE@._V1_SX300.jpg
117533,https://m.media-amazon.com/images/M/MV5BMTc0MTM0MTA5MF5BMl5BanBnXkFtZTgwNzEwODEwMzE@._V1_SX300.jpg
117545,https://m.media-amazon.com/images/M/MV5BMTkyMjYzMjE1OV5BMl5BanBnXkFtZTgwNzk4Mzk1MzE@._V1_SX300.jpg
117572,https://m.media-amazon.com/images/M/MV5BMDRlZDAzYjQtNTNiNS00YmI5LTgzZTYtOWU4NTEyZWMxYzQ1XkEyXkFqcGc@._V1_SX300.jpg
117590,https://m.media-amazon.com/images/M/MV5BYmY4Mjg2NzQtN2I3Zi00NGZiLWJjNDYtMDA5MzJkYTIyZWQ0XkEyXkFqcGc@._V1_SX300.jpg
117630,https://m.media-amazon.com/images/M/MV5BNDMyMDQ5Mzk0OF5BMl5BanBnXkFtZTcwNjgwMzcxMQ@@._V1_SX300.jpg
117646,https://m.media-amazon.com/images/M/MV5BMjAxNDEzODA2M15BMl5BanBnXkFtZTYwMTc4ODA5._V1_SX300.jpg
117849,https://m.media-amazon.com/images/M/MV5BYzc2ODg5M2YtMjgwYS00OGQ5LWJmOGYtMDM2M2M1MDQ5NzZjXkEyXkFqcGc@._V1_SX300.jpg
117851,https://m.media-amazon.com/images/M/MV5BMTEyMDg4MDU4MjdeQTJeQWpwZ15BbWU4MDQyOTc3MjIx._V1_SX300.jpg
117867,https://m.media-amazon.com/images/M/MV5BMTg1NjE5Njg4M15BMl5BanBnXkFtZTgwMzEyODAzNDE@._V1_SX300.jpg
117877,https://m.media-amazon.com/images/M/MV5BY2NjNzdkYWEtNDFlNy00OGQyLTkyOTYtNGVmYjhkMjIzY2E2XkEyXkFqcGc@._V1_SX300.jpg
117881,https://m.media-amazon.com/images/M/MV5BMjIzNzAxNjY1Nl5BMl5BanBnXkFtZTgwMDg4ODQxMzE@._V1_SX300.jpg
117887,https://m.media-amazon.com/images/M/MV5BMTAxOTMwOTkwNDZeQTJeQWpwZ15BbWU4MDEyMTI1NjMx._V1_SX300.jpg
117895,https://m.media-amazon.com/images/M/MV5BMjE3MDU2NzQyMl5BMl5BanBnXkFtZTgwMzQxMDQ3NTE@._V1_SX300.jpg
117922,https://m.media-amazon.com/images/M/MV5BOWE2NDFjZmItOGM3Mi00YjkyLTk1MGUtZWVkMDdiMjEwNzc1XkEyXkFqcGc@._V1_SX300.jpg
118082,https://m.media-amazon.com/images/M/MV5BMTQ2NTkzOTAzMV5BMl5BanBnXkFtZTgwMzc2NTAwNDE@._V1_SX300.jpg
118166,https://m.media-amazon.com/images/M/MV5BYjcwMDkxODctOTlmMS00ZTIwLTlkNjEtNjUzMjAxYWZjOGIwXkEyXkFqcGc@._V1_SX300.jpg
118198,https://m.media-amazon.com/images/M/MV5BMTAwOTA3NjIwNDdeQTJeQWpwZ15BbWU4MDM2MTI3NTIx._V1_SX300.jpg
118248,https://m.media-amazon.com/images/M/MV5BM2FhZWI4NTQtMGYwMC00NGY5LTk2Y2QtYmJmYTYzMjBhMGIzXkEyXkFqcGc@._V1_SX300.jpg
118270,https://m.media-amazon.com/images/M/MV5BOGI1YWZiM2MtM2U2Yy00OTBlLWIxMWMtN2QyMGViYmM3ODdiXkEyXkFqcGc@._V1_SX300.jpg
118290,https://m.media-amazon.com/images/M/MV5BYzU2OTgzOWItNTk1My00MmM1LTkwODQtNDZmYzNjYmVkOGRhXkEyXkFqcGc@._V1_SX300.jpg
118326,https://m.media-amazon.com/images/M/MV5BMzgxMDIzOTEzMV5BMl5BanBnXkFtZTgwMzUzMDEwMzE@._V1_SX300.jpg
118354,https://m.media-amazon.com/images/M/MV5BNDM5MDIxNzYyNV5BMl5BanBnXkFtZTgwMDUzMTk4MTE@._V1_SX300.jpg
118512,https://m.media-amazon.com/images/M/MV5BNWRlODA3NjItNWI2MC00NDJmLTg5NmEtMGEzNjZiOGI1ZTRkXkEyXkFqcGdeQXVyMTMxODk2OTU@._V1_SX300.jpg
118530,https://m.media-amazon.com/images/M/MV5BNWE4YzUxZTMtNGNjNS00N2IyLWI3ZDktYWNkZjA5ZTllZjNiXkEyXkFqcGc@._V1_SX300.jpg
118572,https://m.media-amazon.com/images/M/MV5BMjM5OTM3Mzk2MF5BMl5BanBnXkFtZTgwMzE1NjcxMzE@._V1_SX300.jpg
118696,https://m.media-amazon.com/images/M/MV5BMTYzNDE3OTQ3MF5BMl5BanBnXkFtZTgwODczMTg4MjE@._V1_SX300.jpg
118700,https://m.media-amazon.com/images/M/MV5BZDFiN2I4YjUtNDE5ZS00MGMwLWJlZmItN2FhZGRjNTM1NWM4XkEyXkFqcGc@._V1_SX300.jpg
118702,https://m.media-amazon.com/images/M/MV5BMTY3ODg2OTgyOF5BMl5BanBnXkFtZTgwODk1OTAwMzE@._V1_SX300.jpg
118706,https://m.media-amazon.com/images/M/MV5BMjMyNzI1ODA3OF5BMl5BanBnXkFtZTgwMTI5OTczMzE@._V1_SX300.jpg
118784,https://m.media-amazon.com/images/M/MV5BMGIwOTNjZTAtNTgzMC00YzhjLWI4NjQtM2RmN2EyM2IwYjNmXkEyXkFqcGdeQXVyMzU5MDY4MDE@._V1_SX300.jpg
118814,https://m.media-amazon.com/images/M/MV5BMjIwMjA2ODU3NF5BMl5BanBnXkFtZTgwMjk2MDA2NTE@._V1_SX300.jpg
118834,https://m.media-amazon.com/images/M/MV5BNzM2MjM2NDI5N15BMl5BanBnXkFtZTcwNDcxNTg2Mw@@._V1_SX300.jpg
118862,https://m.media-amazon.com/images/M/MV5BMTU3NjAzOTAxOF5BMl5BanBnXkFtZTgwNjE5MTUxNTE@._V1_SX300.jpg
118880,https://m.media-amazon.com/images/M/MV5BMjMzNjMyMjU2M15BMl5BanBnXkFtZTgwMzA3NjQ0MzE@._V1_SX300.jpg
118888,https://m.media-amazon.com/images/M/MV5BMTNiOTE3YTItMTkzNy00NzhjLThmYzQtMWNlODFjYThhYzc4XkEyXkFqcGc@._V1_SX300.jpg
118894,https://m.media-amazon.com/images/M/MV5BZWJjN2FhZjctNDUxNy00Y2ZiLTgzNDctMzA0ZGI3NzMyZjljXkEyXkFqcGdeQXVyNDgyODgxNjE@._V1_SX300.jpg
118896,https://m.media-amazon.com/images/M/MV5BYjcyM2U4MWEtM2NjMS00MTMzLTk2MGYtMDZlMWYwNmNkYTY0XkEyXkFqcGc@._V1_SX300.jpg
118900,https://m.media-amazon.com/images/M/MV5BZTJlNTQ5NDUtOTVkNi00ODA5LTkyMjktMzM5YTU4N2Y5YzVlXkEyXkFqcGc@._V1_SX300.jpg
118924,https://m.media-amazon.com/images/M/MV5BMjIzNTg4ODM3OV5BMl5BanBnXkFtZTgwMTk0MjkxMzE@._V1_SX300.jpg
118930,https://m.media-amazon.com/images/M/MV5BMTk0MzI5MjAxNV5BMl5BanBnXkFtZTgwNDY1NzA0NDE@._V1_SX300.jpg
118985,https://m.media-amazon.com/images/M/MV5BMjA2ODM5MDE3N15BMl5BanBnXkFtZTgwOTIxNjc1MzE@._V1_SX300.jpg
118997,https://m.media-amazon.com/images/M/MV5BMTY4MzQ4OTY3NF5BMl5BanBnXkFtZTgwNjM5MDI3MjE@._V1_SX300.jpg
119068,https://m.media-amazon.com/images/M/MV5BMTAwMzc2OTgwOTZeQTJeQWpwZ15BbWU4MDg2ODA4NjIx._V1_SX300.jpg
119141,https://m.media-amazon.com/images/M/MV5BMTQzMTcwMzgyMV5BMl5BanBnXkFtZTgwMzAyMzQ2MzE@._V1_SX300.jpg
119145,https://m.media-amazon.com/images/M/MV5BODk1MTYwNTAtYmI5Zi00OWYyLWE0MzQtOWE4NDIxZmU2MjMwXkEyXkFqcGc@._V1_SX300.jpg
119153,https://m.media-amazon.com/images/M/MV5BZTM3ZmE4MzQtZWU2MS00MjI5LThjZjAtMmVmOWYzYzRhN2E4XkEyXkFqcGc@._V1_SX300.jpg
119155,https://m.media-amazon.com/images/M/MV5BMjI1MzM2ODEyMV5BMl5BanBnXkFtZTgwNTIzODAwMzE@._V1_SX300.jpg
119167,https://m.media-amazon.com/images/M/MV5BMTM4MTI0Njk3OV5BMl5BanBnXkFtZTcwNzk1OTk5OQ@@._V1_SX300.jpg
119218,https://m.media-amazon.com/images/M/MV5BMTQ1MTkyOTQ4MF5BMl5BanBnXkFtZTgwNDMxNDAyMjE@._V1_SX300.jpg
119655,https://m.media-amazon.com/images/M/MV5BMjAxNTg2MDkyN15BMl5BanBnXkFtZTgwNzA3NzY1MjE@._V1_SX300.jpg
119714,https://m.media-amazon.com/images/M/MV5BODVhOWFlYWYtNjc1MS00MzM4LTlmOTMtMzc4MzRjZjZlMzVmXkEyXkFqcGc@._V1_SX300.jpg
119828,https://m.media-amazon.com/images/M/MV5BNDFmN2I3NTktMDA3Ny00ZjkzLTlmMDYtODdkODIzMzIzZmQyXkEyXkFqcGc@._V1_SX300.jpg
119964,https://m.media-amazon.com/images/M/MV5BMTk1NDQ4MzE4Nl5BMl5BanBnXkFtZTgwNTU2NjY5MjE@._V1_SX300.jpg
120130,https://m.media-amazon.com/images/M/MV5BNTQyOTlhMzEtYWYyYi00YmQ5LWExYmYtNGY2MGYwOTg1YjM0XkEyXkFqcGc@._V1_SX300.jpg
120138,https://m.media-amazon.com/images/M/MV5BMTYzOTE2NjkxN15BMl5BanBnXkFtZTgwMDgzMTg0MzE@._V1_SX300.jpg
120466,https://m.media-amazon.com/images/M/MV5BMTUyNTI4NTIwNl5BMl5BanBnXkFtZTgwMjQ4MTI0NDE@._V1_SX300.jpg
120478,https://m.media-amazon.com/images/M/MV5BNjkyNjI3ODc0Ml5BMl5BanBnXkFtZTgwMTU0MjM2NDE@._V1_SX300.jpg
120625,https://m.media-amazon.com/images/M/MV5BZWJkYjk2YjEtYzNmMi00OGQwLWJhZjgtZDM4YTUxZjliMWY4XkEyXkFqcGc@._V1_SX300.jpg
120635,https://m.media-amazon.com/images/M/MV5BNjM5MDU3NTY0M15BMl5BanBnXkFtZTgwOTk2ODU2MzE@._V1_SX300.jpg
120637,https://m.media-amazon.com/images/M/MV5BMTg1NDUyMzk5NV5BMl5BanBnXkFtZTgwOTk1NzUxMzE@._V1_SX300.jpg
120761,https://m.media-amazon.com/images/M/MV5BOTkyZTM0YjQtZDNmZC00Y2I4LTgzNjUtY2NlNGI3N2FmNmUzXkEyXkFqcGdeQXVyNTEzMzAyOTQ@._V1_SX300.jpg
120783,https://m.media-amazon.com/images/M/MV5BODZlMDQ5MjEtNjU0NS00M2JjLWJiM2UtMDBjZDMxZGEzOTVhXkEyXkFqcGc@._V1_SX300.jpg
120799,https://m.media-amazon.com/images/M/MV5BMjM1NTc0NzE4OF5BMl5BanBnXkFtZTgwNDkyNjQ1NTE@._V1_SX300.jpg
120807,https://m.media-amazon.com/images/M/MV5BMjIzNzg5NTA2M15BMl5BanBnXkFtZTgwOTY4NjA2MDE@._V1_SX300.jpg
120813,https://m.media-amazon.com/images/M/MV5BMjIxNjkwNzU3MF5BMl5BanBnXkFtZTgwMjU5MzA2MDE@._V1_SX300.jpg
120827,https://m.media-amazon.com/images/M/MV5BMTk1MjgxNzEyM15BMl5BanBnXkFtZTcwODU4MzYxMQ@@._V1_SX300.jpg
120919,https://m.media-amazon.com/images/M/MV5BZTNiNzNjM2EtNDNiZi00ZmM3LTg2YWMtMzZiNzViOWYyOTI0XkEyXkFqcGc@._V1_SX300.jpg
121007,https://m.media-amazon.com/images/M/MV5BMTMyMDYyODI2NF5BMl5BanBnXkFtZTcwMjg3OTQyMg@@._V1_SX300.jpg
121035,https://m.media-amazon.com/images/M/MV5BMDVkNWQ4MzctOTk0ZS00OTQzLTllNDAtM2JlOTNhNmY3NmQ0XkEyXkFqcGc@._V1_SX300.jpg
121097,https://m.media-amazon.com/images/M/MV5BYzY2MjgxMzYtZjc5Yy00NmNhLTlhNTctYTdjMzI3MTMwY2RiXkEyXkFqcGc@._V1_SX300.jpg
121099,https://m.media-amazon.com/images/M/MV5BM2U0MDJkYWMtYmU0NS00ZjFkLWE2MTMtNzA5OTQ5ZWZiODI3XkEyXkFqcGdeQXVyNzY1NDgwNjQ@._V1_SX300.jpg
121129,https://m.media-amazon.com/images/M/MV5BMTk0NjM3MDk3NV5BMl5BanBnXkFtZTgwNTEzNTY3MDE@._V1_SX300.jpg
121169,https://m.media-amazon.com/images/M/MV5BMjE3MDY2NTQ5Nl5BMl5BanBnXkFtZTgwMDIxMDI5MzE@._V1_SX300.jpg
121171,https://m.media-amazon.com/images/M/MV5BMjIxMDYwMTg3M15BMl5BanBnXkFtZTgwMDQ1NzQ0MzE@._V1_SX300.jpg
121231,https://m.media-amazon.com/images/M/MV5BNGZiYWRiYjAtODU0NS00YzAzLTk2MzQtZGVlMzVjM2M3MGQ3XkEyXkFqcGc@._V1_SX300.jpg
121253,https://m.media-amazon.com/images/M/MV5BMTUwNzUyNjEwM15BMl5BanBnXkFtZTgwOTk3MTc2MjE@._V1_SX300.jpg
121338,https://m.media-amazon.com/images/M/MV5BMmY4ZGUxNDktYmY1Yy00OTVjLTkwMTYtOGIxMTIwYzc5ZDI1XkEyXkFqcGc@._V1_SX300.jpg
121342,https://m.media-amazon.com/images/M/MV5BYzI1MjBjOGQtNTFkMy00ZWRlLWEwMWEtZjhlNDc1NDFjMGM0XkEyXkFqcGc@._V1_SX300.jpg
121372,https://m.media-amazon.com/images/M/MV5BMjA0ODUxODkwOV5BMl5BanBnXkFtZTgwNTMwNTA2MDE@._V1_SX300.jpg
121374,https://m.media-amazon.com/images/M/MV5BMjI3OTcxNTA1MV5BMl5BanBnXkFtZTgwNDY2MjA2MDE@._V1_SX300.jpg
121469,https://m.media-amazon.com/images/M/MV5BMzAxOTg0NTg5Ml5BMl5BanBnXkFtZTcwMTE3MTAyMg@@._V1_SX300.jpg
121715,https://m.media-amazon.com/images/M/MV5BMzQ5MDE4MjYwNF5BMl5BanBnXkFtZTgwMzcyNTAxMzE@._V1_SX300.jpg
121781,https://m.media-amazon.com/images/M/MV5BMGY3Y2QxMWQtZjI4ZC00M2EyLTk0NjMtZDNjNmEyMTkzMDlmXkEyXkFqcGdeQXVyNDgyODgxNjE@._V1_SX300.jpg
122092,https://m.media-amazon.com/images/M/MV5BMzA1Njg3NDY1M15BMl5BanBnXkFtZTgwODg0ODkwMzE@._V1_SX300.jpg
122246,https://m.media-amazon.com/images/M/MV5BMzE1MTZlMjEtOTFmYS00YjM0LTkxODYtYjY1NmMxNmRhMmEyXkEyXkFqcGdeQXVyNDgyODgxNjE@._V1_SX300.jpg
122260,https://m.media-amazon.com/images/M/MV5BMjA5NDQ1ODk3OV5BMl5BanBnXkFtZTcwMTI2ODQ5Mg@@._V1_SX300.jpg
122433,https://m.media-amazon.com/images/M/MV5BYWZlMjhkZjktMmI3YS00NjNiLWI5MmYtZjJkMWI4Y2I2OTk4XkEyXkFqcGc@._V1_SX300.jpg
122490,https://m.media-amazon.com/images/M/MV5BZTVmMzMyMTktMjk1MS00OGRjLTljZTQtMTc4OGQxZjI4YjI2XkEyXkFqcGdeQXVyOTQ0MDAwMjM@._V1_SX300.jpg
122627,https://m.media-amazon.com/images/M/MV5BY2ZjY2YwZmEtMDEwMC00MGU1LTgzMGYtMTMwM2U3YmJmY2YyXkEyXkFqcGc@._V1_SX300.jpg
122882,https://m.media-amazon.com/images/M/MV5BZDRkODJhOTgtOTc1OC00NTgzLTk4NjItNDgxZDY4YjlmNDY2XkEyXkFqcGc@._V1_SX300.jpg
122884,https://m.media-amazon.com/images/M/MV5BMTUwNDU4NjE1N15BMl5BanBnXkFtZTgwOTc0MzA5NDE@._V1_SX300.jpg
122886,https://m.media-amazon.com/images/M/MV5BOTAzODEzNDAzMl5BMl5BanBnXkFtZTgwMDU1MTgzNzE@._V1_SX300.jpg
122888,https://m.media-amazon.com/images/M/MV5BMjQ2NzYxMDQ2OV5BMl5BanBnXkFtZTgwMDk2MzczOTE@._V1_SX300.jpg
122890,https://m.media-amazon.com/images/M/MV5BMjIwNTM0Mzc5MV5BMl5BanBnXkFtZTgwMDk5NDU1ODE@._V1_SX300.jpg
122892,https://m.media-amazon.com/images/M/MV5BODBhYTg1NGQtNGVmNS00ZTdiLThjYTYtZDFkNzRiNTZmNDZjXkEyXkFqcGc@._V1_SX300.jpg
122896,https://m.media-amazon.com/images/M/MV5BMTYyMTcxNzc5M15BMl5BanBnXkFtZTgwOTg2ODE2MTI@._V1_SX300.jpg
122898,https://m.media-amazon.com/images/M/MV5BMjM5YmQxM2YtZjI2Yy00YjhhLTg5N2MtMTEyMzdlZDU3OTVhXkEyXkFqcGc@._V1_SX300.jpg
122900,https://m.media-amazon.com/images/M/MV5BMjM2NTQ5Mzc2M15BMl5BanBnXkFtZTgwNTcxMDI2NTE@._V1_SX300.jpg
122902,https://m.media-amazon.com/images/M/MV5BMTk0OTMyMDA0OF5BMl5BanBnXkFtZTgwMzY5NTkzNTE@._V1_SX300.jpg
122904,https://m.media-amazon.com/images/M/MV5BNzY3ZWU5NGQtOTViNC00ZWVmLTliNjAtNzViNzlkZWQ4YzQ4XkEyXkFqcGc@._V1_SX300.jpg
122906,https://m.media-amazon.com/images/M/MV5BMTg1MTY2MjYzNV5BMl5BanBnXkFtZTgwMTc4NTMwNDI@._V1_SX300.jpg
122912,https://m.media-amazon.com/images/M/MV5BMjMxNjY2MDU1OV5BMl5BanBnXkFtZTgwNzY1MTUwNTM@._V1_SX300.jpg
122916,https://m.media-amazon.com/images/M/MV5BMjMyNDkzMzI1OF5BMl5BanBnXkFtZTgwODcxODg5MjI@._V1_SX300.jpg
122918,https://m.media-amazon.com/images/M/MV5BNWE5MGI3MDctMmU5Ni00YzI2LWEzMTQtZGIyZDA5MzQzNDBhXkEyXkFqcGc@._V1_SX300.jpg
122920,https://m.media-amazon.com/images/M/MV5BMjQ0MTgyNjAxMV5BMl5BanBnXkFtZTgwNjUzMDkyODE@._V1_SX300.jpg
122922,https://m.media-amazon.com/images/M/MV5BNjgwNzAzNjk1Nl5BMl5BanBnXkFtZTgwMzQ2NjI1OTE@._V1_SX300.jpg
122924,https://m.media-amazon.com/images/M/MV5BNjVhNWY3NjItNmZjOS00NTU3LWFiZTctNzdjNGM5Y2Y0MDUwXkEyXkFqcGc@._V1_SX300.jpg
122926,https://m.media-amazon.com/images/M/MV5BODY2MTAzOTQ4M15BMl5BanBnXkFtZTgwNzg5MTE0MjI@._V1_SX300.jpg
122932,https://m.media-amazon.com/images/M/MV5BMjM4MzIyNzQ1N15BMl5BanBnXkFtZTgwMjQyNzY3MjE@._V1_SX300.jpg
123200,https://m.media-amazon.com/images/M/MV5BMTA4NTk5MjcxOTVeQTJeQWpwZ15BbWU4MDQ0OTA4MDMx._V1_SX300.jpg
123310,https://m.media-amazon.com/images/M/MV5BMTI3MjA2Nzk0NF5BMl5BanBnXkFtZTcwOTM0OTUyMQ@@._V1_SX300.jpg
123545,https://m.media-amazon.com/images/M/MV5BODczNTRhNTItZDc1NS00NDVkLWEzYjItNDZlM2ZmYmRhYjdlXkEyXkFqcGdeQXVyMDUyOTUyNQ@@._V1_SX300.jpg
123553,https://m.media-amazon.com/images/M/MV5BZmQzYWRlMTktZjViMy00NmNkLWE4YWMtZGI1ZWY5YjdiYTVkXkEyXkFqcGc@._V1_SX300.jpg
123947,https://m.media-amazon.com/images/M/MV5BYTJmZTBlNTQtMDk4Mi00NWQ5LWI0ZmYtZDBjYWY1Y2YxNDA4XkEyXkFqcGc@._V1_SX300.jpg
124273,https://m.media-amazon.com/images/M/MV5BMTQ2NjE2ODU0MV5BMl5BanBnXkFtZTgwMDk5NDA2MDE@._V1_SX300.jpg
124404,https://m.media-amazon.com/images/M/MV5BYzJiZmU2MzctOWI2Ny00YjhmLWJkZDItNWFmNTg1MWE1ZTg1XkEyXkFqcGc@._V1_SX300.jpg
124484,https://m.media-amazon.com/images/M/MV5BMThkNmIyY2EtMTkyYi00NTkwLTgzYzItMzZjMTg0ZjlmMzZjXkEyXkFqcGc@._V1_SX300.jpg
124851,https://m.media-amazon.com/images/M/MV5BNzlmNDM3ODItZjc4NC00ZDQ4LWFjNzgtNWUxNTM1ZDkyNzcyXkEyXkFqcGc@._V1_SX300.jpg
124853,https://m.media-amazon.com/images/M/MV5BMTA0OTQ3NmEtYjIzZC00YTgwLTkzZmMtYTRmNjZkOWU0NTI4XkEyXkFqcGc@._V1_SX300.jpg
124859,https://m.media-amazon.com/images/M/MV5BMjA5MjIzODE3N15BMl5BanBnXkFtZTgwNzUwNzYwMzE@._V1_SX300.jpg
125221,https://m.media-amazon.com/images/M/MV5BYmE2YWE1ZjYtM2QwMy00NzgzLWJjMTUtZjUwNjZiOTYwMDBlXkEyXkFqcGc@._V1_SX300.jpg
125914,https://m.media-amazon.com/images/M/MV5BMjM3NDcxOTM5Ml5BMl5BanBnXkFtZTgwNTEwNzE0MzE@._V1_SX300.jpg
125916,https://m.media-amazon.com/images/M/MV5BMjE1MTM4NDAzOF5BMl5BanBnXkFtZTgwNTMwNjI0MzE@._V1_SX300.jpg
125970,https://m.media-amazon.com/images/M/MV5BMzkwNDI2NzktZDBmZi00ODhmLTkxYWUtODNjNzY0YjEzZjEyXkEyXkFqcGc@._V1_SX300.jpg
125974,https://m.media-amazon.com/images/M/MV5BZjg3NTQzNGEtNzllNC00NzE2LWJmOWMtMjNkMmQzMTE2MGEyXkEyXkFqcGc@._V1_SX300.jpg
126088,https://m.media-amazon.com/images/M/MV5BMTg1MzA4Njk2Nl5BMl5BanBnXkFtZTgwMzQ2ODU5NjE@._V1_SX300.jpg
126090,https://m.media-amazon.com/images/M/MV5BNTExZTcwM2EtMGQ0Yi00Y2UwLWEzNjItN2ZmNDFiNTliYmU1XkEyXkFqcGc@._V1_SX300.jpg
126142,https://m.media-amazon.com/images/M/MV5BMTAzMDE1NDkyNzReQTJeQWpwZ15BbWU3MDU4NjI2MTE@._V1_SX300.jpg
126420,https://m.media-amazon.com/images/M/MV5BMTQ4Mjg2ODQ5Ml5BMl5BanBnXkFtZTgwMTM4OTA3NTE@._V1_SX300.jpg
126426,https://m.media-amazon.com/images/M/MV5BYTAzN2NkMmMtNGY5ZS00YWQ4LWJhM2UtNzkyYzUwOGRiMWNkXkEyXkFqcGc@._V1_SX300.jpg
126430,https://m.media-amazon.com/images/M/MV5BNGFjYTZmYjEtZDI3MS00MGVhLWI5NDQtY2QwZTcwNjUwMTA2XkEyXkFqcGc@._V1_SX300.jpg
126482,https://m.media-amazon.com/images/M/MV5BMjA0NjU3MTU5OF5BMl5BanBnXkFtZTgwMTYyMDQ3MzE@._V1_SX300.jpg
126548,https://m.media-amazon.com/images/M/MV5BMTc3OTg3MDUwN15BMl5BanBnXkFtZTgwMTAwMTkxNDE@._V1_SX300.jpg
126577,https://m.media-amazon.com/images/M/MV5BNzA0MTkxMjgzN15BMl5BanBnXkFtZTgwNzM4NjA2MDE@._V1_SX300.jpg
126921,https://m.media-amazon.com/images/M/MV5BNzhmNTM4YmQtMTM4Yi00OTIyLWJjN2ItZGE0NmUwODZmOWFlXkEyXkFqcGdeQXVyMTY5Nzc4MDY@._V1_SX300.jpg
127052,https://m.media-amazon.com/images/M/MV5BMGM0NGVkZWItODJiOC00ZTM0LWI5YTYtNmU1ZWI2MWNiM2U2XkEyXkFqcGc@._V1_SX300.jpg
127096,https://m.media-amazon.com/images/M/MV5BMTUxMjQ2NjI4OV5BMl5BanBnXkFtZTgwODc2NjUwNDE@._V1_SX300.jpg
127098,https://m.media-amazon.com/images/M/MV5BYTZhYjRlMDktMGQ5OC00ZTAzLWI2YjUtMTU1NTFmNDRmOWRjXkEyXkFqcGc@._V1_SX300.jpg
127108,https://m.media-amazon.com/images/M/MV5BMzE4MDk5NzEyOV5BMl5BanBnXkFtZTgwNDM4NDA3NjE@._V1_SX300.jpg
127114,https://m.media-amazon.com/images/M/MV5BMTUwODU3NjQxNF5BMl5BanBnXkFtZTgwODE2NTE4NTE@._V1_SX300.jpg
127116,https://m.media-amazon.com/images/M/MV5BOTA4NzYwMDI0NF5BMl5BanBnXkFtZTgwNTgzNDczNjE@._V1_SX300.jpg
127130,https://m.media-amazon.com/images/M/MV5BMjEzNzgzNDgzNV5BMl5BanBnXkFtZTgwODcyMjk4NTE@._V1_SX300.jpg
127132,https://m.media-amazon.com/images/M/MV5BMjIxODgzMDcwNV5BMl5BanBnXkFtZTgwODIyODIzNjE@._V1_SX300.jpg
127134,https://m.media-amazon.com/images/M/MV5BMTU2MTkwMzM0NF5BMl5BanBnXkFtZTgwMjA0NDA4NTE@._V1_SX300.jpg
127136,https://m.media-amazon.com/images/M/MV5BN2IwNTZhMjEtYWViMy00YThmLWFmNWEtZjliZGJjYjAzOTQ4XkEyXkFqcGc@._V1_SX300.jpg
127146,https://m.media-amazon.com/images/M/MV5BMjIyOTcxMTU2NV5BMl5BanBnXkFtZTgwNjcyMDg3NDE@._V1_SX300.jpg
127152,https://m.media-amazon.com/images/M/MV5BZjY4NmM1YTgtMzVlZi00YTA3LTg5MGQtMDllNGU0OWUxZTdkXkEyXkFqcGc@._V1_SX300.jpg
127164,https://m.media-amazon.com/images/M/MV5BZGNmNTdiM2YtMDkyZC00OGFhLTgwNTktMDczODFjM2Y0MDVjXkEyXkFqcGc@._V1_SX300.jpg
127172,https://m.media-amazon.com/images/M/MV5BMTk0NjY4NDY2OF5BMl5BanBnXkFtZTgwMTQzODAxMzE@._V1_SX300.jpg
127180,https://m.media-amazon.com/images/M/MV5BZTNmYTk3N2QtNDk5MC00MDg0LWI4ZTMtOTY3MTQ0ZTQzZTA0XkEyXkFqcGc@._V1_SX300.jpg
127184,https://m.media-amazon.com/images/M/MV5BMTYxODczMzM1MV5BMl5BanBnXkFtZTgwNzczNTE3NTE@._V1_SX300.jpg
127194,
127198,https://m.media-amazon.com/images/M/MV5BMjA3MjYyNTk0Nl5BMl5BanBnXkFtZTgwODc1NzQ1NTE@._V1_SX300.jpg
127202,https://m.media-amazon.com/images/M/MV5BNTA1NzUzNjY4MV5BMl5BanBnXkFtZTgwNDU0MDI0NTE@._V1_SX300.jpg
127204,https://m.media-amazon.com/images/M/MV5BMTQ0MjQ3MTY3OF5BMl5BanBnXkFtZTgwMjg2MjQ5NTE@._V1_SX300.jpg
127212,https://m.media-amazon.com/images/M/MV5BMTUyNDIyMTA4NV5BMl5BanBnXkFtZTgwODM2MDMxNjE@._V1_SX300.jpg
127298,https://m.media-amazon.com/images/M/MV5BMWYxMzZhNzQtNGNiZC00ZDZiLWFlMDYtYzBlYzg5ODU5ZDI2XkEyXkFqcGc@._V1_SX300.jpg
127319,https://m.media-amazon.com/images/M/MV5BMjAyNTM4ODM5NV5BMl5BanBnXkFtZTgwNTA4NDE3MzE@._V1_SX300.jpg
127323,https://m.media-amazon.com/images/M/MV5BMjE4OTg3Mjg5OV5BMl5BanBnXkFtZTgwMzYxMTg0MzE@._V1_SX300.jpg
127390,https://m.media-amazon.com/images/M/MV5BZWQ3OGQ4N2QtY2Y3MC00ZmVhLTllNjktMTcxN2UxNTkzNzZlXkEyXkFqcGc@._V1_SX300.jpg
128087,https://m.media-amazon.com/images/M/MV5BODU3NGRiZmItOTFmOC00ZTcyLTk0ODEtNGQ2ODVhZDU5ZTc1XkEyXkFqcGdeQXVyMTg2NjYzOA@@._V1_SX300.jpg
128089,https://m.media-amazon.com/images/M/MV5BOWRkNGI1ZTItNGMxOS00NWUzLTkyY2EtOTcxNjExNzViM2ZmXkEyXkFqcGc@._V1_SX300.jpg
128097,https://m.media-amazon.com/images/M/MV5BMTU3NTE4Mzc3MV5BMl5BanBnXkFtZTgwMzQzNjI2MjE@._V1_SX300.jpg
128099,https://m.media-amazon.com/images/M/MV5BMDY0OGQ1MmQtN2ZkOS00MWFkLTkyODctZDc5N2JhNzQ1MmNlXkEyXkFqcGc@._V1_SX300.jpg
128197,https://m.media-amazon.com/images/M/MV5BMWJkNTcwMWItYTNkZC00NzdhLWFjY2YtMzljMDE2NzVhZmM1XkEyXkFqcGdeQXVyMTQ3Njg3MQ@@._V1_SX300.jpg
128360,https://m.media-amazon.com/images/M/MV5BMjA1MTc1NTg5NV5BMl5BanBnXkFtZTgwOTM2MDEzNzE@._V1_SX300.jpg
128366,https://m.media-amazon.com/images/M/MV5BYmM1ZDYyMDAtZDY2Ny00ZWYyLWJhNGQtNGZlM2NmMTMzNzczXkEyXkFqcGc@._V1_SX300.jpg
128488,https://m.media-amazon.com/images/M/MV5BMjAyNjkyOTgzNF5BMl5BanBnXkFtZTgwMTk0MDc2MzE@._V1_SX300.jpg
128512,https://m.media-amazon.com/images/M/MV5BMjE2ODQxODMwOF5BMl5BanBnXkFtZTgwNDY5NjY3NDE@._V1_SX300.jpg
128520,https://m.media-amazon.com/images/M/MV5BMTk3MjQyNTUxNl5BMl5BanBnXkFtZTgwNjM3Mjk1MzE@._V1_SX300.jpg
128542,https://m.media-amazon.com/images/M/MV5BMTQ3MjExNzM3NF5BMl5BanBnXkFtZTgwNTgxOTU5MzE@._V1_SX300.jpg
128592,https://m.media-amazon.com/images/M/MV5BMTgxNTEyMTYzOV5BMl5BanBnXkFtZTgwNzQ4OTg5MjE@._V1_SX300.jpg
128594,https://m.media-amazon.com/images/M/MV5BNzFkZTkxNzItZWNmMS00YTA4LWExM2QtZTNiMWUyZjVkNjUyXkEyXkFqcGc@._V1_SX300.jpg
128620,https://m.media-amazon.com/images/M/MV5BMTc5NzQzNjk2NF5BMl5BanBnXkFtZTgwODU0MjI5NjE@._V1_SX300.jpg
128695,https://m.media-amazon.com/images/M/MV5BZjkxNjZkMTAtNTMzYy00NTcyLTlmZDMtNjA5OTM4OTFmOTNlXkEyXkFqcGc@._V1_SX300.jpg
128736,https://m.media-amazon.com/images/M/MV5BNDQwZTBhOWQtMDU4Mi00MjNjLTg3YTQtZGJjNzJjZmExNDdmXkEyXkFqcGc@._V1_SX300.jpg
128832,https://m.media-amazon.com/images/M/MV5BMTA2MTMwMjIxMTdeQTJeQWpwZ15BbWU4MDAwMTYxNzMx._V1_SX300.jpg
128838,https://m.media-amazon.com/images/M/MV5BN2RkYzA2MjMtNGI1OS00NTA4LWFlMjktYzVhOTJjOTI0Zjc4XkEyXkFqcGc@._V1_SX300.jpg
128842,https://m.media-amazon.com/images/M/MV5BMTUzMjkxNzk3NF5BMl5BanBnXkFtZTgwOTE1MzYyNDE@._V1_SX300.jpg
128852,https://m.media-amazon.com/images/M/MV5BMTMzNTY2OTEtNWFlNi00M2Y1LTlkNDEtZWY5Zjc1ZTZlODE1XkEyXkFqcGc@._V1_SX300.jpg
128900,https://m.media-amazon.com/images/M/MV5BMTg1MjcwMTU4Nl5BMl5BanBnXkFtZTcwMzQ4NjcxMQ@@._V1_SX300.jpg
128902,https://m.media-amazon.com/images/M/MV5BMjA0MTIzNjk0OF5BMl5BanBnXkFtZTgwMDM1ODc0NjE@._V1_SX300.jpg
128908,https://m.media-amazon.com/images/M/MV5BMjExMzQyNjc1OV5BMl5BanBnXkFtZTcwNDY5ODY4Ng@@._V1_SX300.jpg
128914,https://m.media-amazon.com/images/M/MV5BMTcyODE0Mzk1Nl5BMl5BanBnXkFtZTgwMDk4ODE0NDE@._V1_SX300.jpg
128944,https://m.media-amazon.com/images/M/MV5BMjU5N2ZlZjYtMTgwNC00NDYzLTkwNGQtZWFhM2UwNmVjM2E5XkEyXkFqcGc@._V1_SX300.jpg
128968,https://m.media-amazon.com/images/M/MV5BMjE4NzAwMjIyMl5BMl5BanBnXkFtZTcwNjYwMjAwMQ@@._V1_SX300.jpg
128975,https://m.media-amazon.com/images/M/MV5BMTU3NzQzMzE0NV5BMl5BanBnXkFtZTgwMDM4MTI0NDE@._V1_SX300.jpg
128991,https://m.media-amazon.com/images/M/MV5BYzJmZDkwMjEtZTFlNS00MGQyLWE1OWQtYzMyZjNlOGNhZGYxXkEyXkFqcGc@._V1_SX300.jpg
129011,https://m.media-amazon.com/images/M/MV5BMTQzMTc2MjU2MF5BMl5BanBnXkFtZTcwNjc4MjcyMQ@@._V1_SX300.jpg
129229,https://m.media-amazon.com/images/M/MV5BZjc1OTk3ZmItYmJkMy00OTRhLTg3OTAtZWRjOWZkY2RlMGM3XkEyXkFqcGc@._V1_SX300.jpg
129250,https://m.media-amazon.com/images/M/MV5BNjM3MjQxNjkxM15BMl5BanBnXkFtZTgwMDIyMTA0NDE@._V1_SX300.jpg
129313,https://m.media-amazon.com/images/M/MV5BMTcyNDc2Nzg4MV5BMl5BanBnXkFtZTgwNTkwOTMxNTE@._V1_SX300.jpg
129333,https://m.media-amazon.com/images/M/MV5BOTE1ZWZhMDktYjg3NS00MDZmLWEzNTItNWU4MzQ4NzA3MmVjXkEyXkFqcGc@._V1_SX300.jpg
129354,https://m.media-amazon.com/images/M/MV5BMTUwODg2OTA4OF5BMl5BanBnXkFtZTgwOTE5MTE4MzE@._V1_SX300.jpg
129397,https://m.media-amazon.com/images/M/MV5BMjNlMzAxNmQtOGEwZi00NTEyLWI0NWYtMTlhNmE2YTA3ZDVhXkEyXkFqcGdeQXVyNTE1NjY5Mg@@._V1_SX300.jpg
129428,https://m.media-amazon.com/images/M/MV5BMTU3MjkxNjc0OV5BMl5BanBnXkFtZTgwMjc0NDg0NDE@._V1_SX300.jpg
129514,https://m.media-amazon.com/images/M/MV5BNGY0NzNmMGEtYzc5MC00Y2ZhLThiZTEtMmVlMmYxNTA0MjExXkEyXkFqcGc@._V1_SX300.jpg
129657,https://m.media-amazon.com/images/M/MV5BNzc2NDQ2MDU5N15BMl5BanBnXkFtZTgwMDc2MjE3MzE@._V1_SX300.jpg
129659,https://m.media-amazon.com/images/M/MV5BMjMwNjY2Mjk5OV5BMl5BanBnXkFtZTgwODM2NTA0MzE@._V1_SX300.jpg
129737,https://m.media-amazon.com/images/M/MV5BOWVkMDVlNmUtNmUwNC00OTJiLTgxMTUtNmNjYTUyODFhZTQyXkEyXkFqcGc@._V1_SX300.jpg
129779,https://m.media-amazon.com/images/M/MV5BMTVmYzNkMjItMTcxZC00YTZmLWFjZWQtOTNkYzQxMWVhMTFmXkEyXkFqcGc@._V1_SX300.jpg
129937,https://m.media-amazon.com/images/M/MV5BMTU2ODI3ODEyOV5BMl5BanBnXkFtZTgwMTM3NTQzNDE@._V1_SX300.jpg
130050,https://m.media-amazon.com/images/M/MV5BMjM3NDc3Mjc1Ml5BMl5BanBnXkFtZTgwMjM4MjA5MzE@._V1_SX300.jpg
130052,https://m.media-amazon.com/images/M/MV5BOGFkNzVkYWQtM2NjZS00YjUyLTk4OGMtYTFmNDA5ZWMxMjY5XkEyXkFqcGc@._V1_SX300.jpg
130073,https://m.media-amazon.com/images/M/MV5BMjMxODYyODEzN15BMl5BanBnXkFtZTgwMDk4OTU0MzE@._V1_SX300.jpg
130083,https://m.media-amazon.com/images/M/MV5BMTYyOTQwODc4NV5BMl5BanBnXkFtZTgwMDgwMzkxNDE@._V1_SX300.jpg
130087,https://m.media-amazon.com/images/M/MV5BMTgzMjQ2OTQ0NV5BMl5BanBnXkFtZTgwMTc2MTI2NDE@._V1_SX300.jpg
130444,https://m.media-amazon.com/images/M/MV5BMjE5NjM0MDQwN15BMl5BanBnXkFtZTcwMjY3NzQxOQ@@._V1_SX300.jpg
130450,https://m.media-amazon.com/images/M/MV5BMzk2MDg5MDczMl5BMl5BanBnXkFtZTgwNTE2NjYyNjE@._V1_SX300.jpg
130452,https://m.media-amazon.com/images/M/MV5BMTc4MDEzMTA5MF5BMl5BanBnXkFtZTgwODA5MTM0NDE@._V1_SX300.jpg
130482,https://m.media-amazon.com/images/M/MV5BNjgyYmUzYTItY2FiYy00NGE3LWJjYTYtNTJiZjIzZWJlMTZmXkEyXkFqcGc@._V1_SX300.jpg
130490,https://m.media-amazon.com/images/M/MV5BMTgxOTYxMTg3OF5BMl5BanBnXkFtZTgwMDgyMzA2NDE@._V1_SX300.jpg
130498,https://m.media-amazon.com/images/M/MV5BMTgwNDgyNDg3N15BMl5BanBnXkFtZTcwNzI3MzQyMQ@@._V1_SX300.jpg
130518,https://m.media-amazon.com/images/M/MV5BMWI4ZjRiMGUtMzgzNS00ZjI4LTg2NDktZDlhMTk3MmZkMDNlXkEyXkFqcGc@._V1_SX300.jpg
130520,https://m.media-amazon.com/images/M/MV5BMjExOTQ4MDMyMV5BMl5BanBnXkFtZTgwMTE3NDM2MzE@._V1_SX300.jpg
130576,https://m.media-amazon.com/images/M/MV5BMTUwNDcyNzkyOV5BMl5BanBnXkFtZTgwNzI1NzkyNzE@._V1_SX300.jpg
130578,https://m.media-amazon.com/images/M/MV5BMTk5NTYzMDAxOF5BMl5BanBnXkFtZTgwNjY3NzMwNDE@._V1_SX300.jpg
130634,https://m.media-amazon.com/images/M/MV5BMTQxOTA2NDUzOV5BMl5BanBnXkFtZTgwNzY2MTMxMzE@._V1_SX300.jpg
130686,https://m.media-amazon.com/images/M/MV5BMjI4Nzk2NzAzOV5BMl5BanBnXkFtZTgwNjI1NzY4NjE@._V1_SX300.jpg
130840,https://m.media-amazon.com/images/M/MV5BMjMwNzM2OTk3OF5BMl5BanBnXkFtZTgwNjExOTU0NDE@._V1_SX300.jpg
130842,https://m.media-amazon.com/images/M/MV5BMDRlMTdjYmEtNzc5Ni00OTRiLWI5ZDQtNGVkMDk4ODJlZWY4XkEyXkFqcGc@._V1_SX300.jpg
130970,https://m.media-amazon.com/images/M/MV5BNjM1NjRiYzAtNGQ5Zi00MWQ3LTkyMDQtZGVmZTRiYWFlNjZlXkEyXkFqcGc@._V1_SX300.jpg
130976,https://m.media-amazon.com/images/M/MV5BZWJjZjdkYmUtNTVhZS00NWQzLTk4ZDQtM2VlMWMyYjlmY2E1XkEyXkFqcGc@._V1_SX300.jpg
130978,https://m.media-amazon.com/images/M/MV5BMjJjNDg2ZmItODI3Ni00NzIyLWFiODQtZWYwM2NlYjIxNGI5XkEyXkFqcGc@._V1_SX300.jpg
131013,https://m.media-amazon.com/images/M/MV5BMTc3OTc1NjM0M15BMl5BanBnXkFtZTgwNjAyMzE1MzE@._V1_SX300.jpg
131023,https://m.media-amazon.com/images/M/MV5BNTY0ODM0OTQ2M15BMl5BanBnXkFtZTgwNjE3MTE1NTE@._V1_SX300.jpg
131098,https://m.media-amazon.com/images/M/MV5BMTYzNDM4NzIwN15BMl5BanBnXkFtZTcwMTQ0MTA3OQ@@._V1_SX300.jpg
131104,https://m.media-amazon.com/images/M/MV5BZjQyZDNiZjQtYmM2Yy00OTU2LTgzZjgtNjk0ODRjZGQzODJlXkEyXkFqcGc@._V1_SX300.jpg
131130,https://m.media-amazon.com/images/M/MV5BMjQxNTIxMjgxN15BMl5BanBnXkFtZTgwODg2NzAwNzE@._V1_SX300.jpg
131237,https://m.media-amazon.com/images/M/MV5BNTJlNzY1ZGItYzUwZS00NGQ2LTk5MzgtZDAxYzI5NmUyOTViXkEyXkFqcGc@._V1_SX300.jpg
131439,https://m.media-amazon.com/images/M/MV5BMTQ0ODcxMjc1Ml5BMl5BanBnXkFtZTgwNDI4OTg1NDE@._V1_SX300.jpg
131480,https://m.media-amazon.com/images/M/MV5BOTc5NjIyODM2M15BMl5BanBnXkFtZTgwMTMyNzE4MDE@._V1_SX300.jpg
131578,https://m.media-amazon.com/images/M/MV5BMTY4NDM4MDYxNV5BMl5BanBnXkFtZTcwODM2NTYxMQ@@._V1_SX300.jpg
131610,https://m.media-amazon.com/images/M/MV5BZmE4MTFiZjgtOTU5OS00MmU4LWFiMDEtNjI5NjY5YzNmOTM3XkEyXkFqcGc@._V1_SX300.jpg
131656,https://m.media-amazon.com/images/M/MV5BOTc1ODY5MTQ1Nl5BMl5BanBnXkFtZTgwMDM5ODI1NjE@._V1_SX300.jpg
131714,https://m.media-amazon.com/images/M/MV5BMTk4MDM3MTc4OF5BMl5BanBnXkFtZTgwMTUxNDM3NDE@._V1_SX300.jpg
131724,https://m.media-amazon.com/images/M/MV5BYTVhZGNkNDMtNWEwMi00ODgxLTg2NTItN2UxOWFjYzNlZjUwXkEyXkFqcGc@._V1_SX300.jpg
131739,https://m.media-amazon.com/images/M/MV5BMjI0ODY2MDE5Nl5BMl5BanBnXkFtZTgwMTk0NTcyNTE@._V1_SX300.jpg
131749,https://m.media-amazon.com/images/M/MV5BOGU2ZDU2ZmItZGQ5Yi00MDYzLTg2NWQtN2Y2ZTA4OGFlOGQwXkEyXkFqcGc@._V1_SX300.jpg
131796,https://m.media-amazon.com/images/M/MV5BNjc0NzY3OTE0Nl5BMl5BanBnXkFtZTgwNDUyODA4MzE@._V1_SX300.jpg
131826,https://m.media-amazon.com/images/M/MV5BNDE4ODU1NjY0OF5BMl5BanBnXkFtZTgwNTY1NzA0NDE@._V1_SX300.jpg
131920,https://m.media-amazon.com/images/M/MV5BMTU3NDgwNDUzMl5BMl5BanBnXkFtZTgwMjQ0NDA5NDE@._V1_SX300.jpg
131934,https://m.media-amazon.com/images/M/MV5BNjhmZWIwYWEtNGY0My00Yzk4LThmZTItNWU2NjEzZGZhZTg3XkEyXkFqcGc@._V1_SX300.jpg
132046,https://m.media-amazon.com/images/M/MV5BMTQ4OTgzNTkwNF5BMl5BanBnXkFtZTgwMzI3MDE3NDE@._V1_SX300.jpg
132084,https://m.media-amazon.com/images/M/MV5BODA2YzNjOGYtNTBhZS00NTRiLTlmZDctMDQ0ZTFkOTYyYWY5XkEyXkFqcGdeQXVyMzU0NzkwMDg@._V1_SX300.jpg
132153,https://m.media-amazon.com/images/M/MV5BMTQ1MDA5NjUxN15BMl5BanBnXkFtZTgwNjAwMDg5MzE@._V1_SX300.jpg
132157,https://m.media-amazon.com/images/M/MV5BMTkwMjkxNDQ1MV5BMl5BanBnXkFtZTgwNDQwODIxNTE@._V1_SX300.jpg
132333,https://m.media-amazon.com/images/M/MV5BMTcxNTg3ODQwMl5BMl5BanBnXkFtZTgwMzYwNTIxODE@._V1_SX300.jpg
132335,https://m.media-amazon.com/images/M/MV5BODg1MTRhYTktMjZhYi00ZTNhLWE1YTUtZTVkZTI0ZDQ2Zjk2XkEyXkFqcGc@._V1_SX300.jpg
132362,https://m.media-amazon.com/images/M/MV5BNGY4OGI5ZDgtMDRkZC00OWE2LTk4ZjgtMjg4ZTQ1YThlNzIxXkEyXkFqcGc@._V1_SX300.jpg
132422,https://m.media-amazon.com/images/M/MV5BMTg1NzY3MzkwNl5BMl5BanBnXkFtZTgwMDgxMTY0MzE@._V1_SX300.jpg
132424,https://m.media-amazon.com/images/M/MV5BMzIzMjg0NjQwNF5BMl5BanBnXkFtZTgwODAwOTE4MzE@._V1_SX300.jpg
132454,https://m.media-amazon.com/images/M/MV5BOWMzMzMzMzQtZGI3MS00NDY4LWE5NmItMjkwOGFjOWI1ZTM5XkEyXkFqcGc@._V1_SX300.jpg
132462,https://m.media-amazon.com/images/M/MV5BMTU1MDQ4ODIxN15BMl5BanBnXkFtZTgwMTA0NTAwNjE@._V1_SX300.jpg
132488,https://m.media-amazon.com/images/M/MV5BMTQ0OTUwODI1N15BMl5BanBnXkFtZTgwMjY1NjMzNDE@._V1_SX300.jpg
132496,https://m.media-amazon.com/images/M/MV5BNDk5NTYxOTk2MV5BMl5BanBnXkFtZTgwMzIxMjE0MzE@._V1_SX300.jpg
132584,https://m.media-amazon.com/images/M/MV5BOWVkNDVlNGQtNWE4Ni00ZDJjLTk2YWMtNTY4ZmFjN2I3N2Q2XkEyXkFqcGc@._V1_SX300.jpg
132618,https://m.media-amazon.com/images/M/MV5BMTQ2NjM2MDE5Nl5BMl5BanBnXkFtZTgwNDQwMjA1MjE@._V1_SX300.jpg
132660,https://m.media-amazon.com/images/M/MV5BMTUzODcxNDcxMl5BMl5BanBnXkFtZTgwODE1NjM4NTE@._V1_SX300.jpg
132796,https://m.media-amazon.com/images/M/MV5BYmQzNDEzMzMtM2U5OS00YTUzLWI2NDYtYjI2NjAyNWE5YzMzXkEyXkFqcGc@._V1_SX300.jpg
132800,https://m.media-amazon.com/images/M/MV5BMTA0NTAyNTYwNDheQTJeQWpwZ15BbWU4MDY2ODcyNTQx._V1_SX300.jpg
132888,https://m.media-amazon.com/images/M/MV5BM2M0ZjU4OTktYzA2Zi00MmM2LWFkNDUtZDZiYzY4ZDI2ZTQyXkEyXkFqcGdeQXVyNjU0NTI0Nw@@._V1_SX300.jpg
133115,https://m.media-amazon.com/images/M/MV5BNzQ5ODg1MTU0OV5BMl5BanBnXkFtZTgwMzc0NjA3MTE@._V1_SX300.jpg
133195,https://m.media-amazon.com/images/M/MV5BNTBiYjg1ZGYtZjQxZS00NDBkLTgyZjEtZGIzYWNmNjhiOGRjXkEyXkFqcGc@._V1_SX300.jpg
133217,https://m.media-amazon.com/images/M/MV5BMjA4MTkwNTU2Nl5BMl5BanBnXkFtZTgwMjMzNjQyNzE@._V1_SX300.jpg
133281,https://m.media-amazon.com/images/M/MV5BMTY1NzIxNzkzM15BMl5BanBnXkFtZTgwMzAzNjIzNjE@._V1_SX300.jpg
133365,https://m.media-amazon.com/images/M/MV5BZDg5NDE3NjctODAxYy00NjMwLTgzNmEtYjhhMGYwOTBhMjY2XkEyXkFqcGc@._V1_SX300.jpg
133377,https://m.media-amazon.com/images/M/MV5BMTcyODcwNzQ3MV5BMl5BanBnXkFtZTgwNDkyOTE3MjE@._V1_SX300.jpg
133419,https://m.media-amazon.com/images/M/MV5BMzk4OTM2NzMzNl5BMl5BanBnXkFtZTgwNTAzNDE0NDE@._V1_SX300.jpg
133545,https://m.media-amazon.com/images/M/MV5BNTE5MDA0NTk4MV5BMl5BanBnXkFtZTgwNTY1MDUyNTE@._V1_SX300.jpg
133645,https://m.media-amazon.com/images/M/MV5BMTczNTQ4OTEyNV5BMl5BanBnXkFtZTgwNDgyMDI3NjE@._V1_SX300.jpg
133712,https://m.media-amazon.com/images/M/MV5BN2EzNTEwYTMtNzhjNy00ZTI1LWEwMWItNGRkNTZkNGYxZTc4XkEyXkFqcGc@._V1_SX300.jpg
133716,https://m.media-amazon.com/images/M/MV5BYjE5MjE4M2ItYjk3Yi00MzY1LTlmMzUtNGYxNjk0Yjg2NTAwXkEyXkFqcGc@._V1_SX300.jpg
133771,https://m.media-amazon.com/images/M/MV5BNDQ1NDE5NzQ1NF5BMl5BanBnXkFtZTgwNzA5OTM2NTE@._V1_SX300.jpg
133780,https://m.media-amazon.com/images/M/MV5BMGJlM2Q3MWMtZTJiNy00ZTIzLWEwZWEtYzRmY2UxOGRiZDMwXkEyXkFqcGc@._V1_SX300.jpg
133782,https://m.media-amazon.com/images/M/MV5BMTkyNzk0MTU2Ml5BMl5BanBnXkFtZTgwNDExNzMyNTE@._V1_SX300.jpg
133798,https://m.media-amazon.com/images/M/MV5BYTExZGNkOTYtNTZiMS00MTNkLWFlNWUtMGZiYTBlNWEzOGJjXkEyXkFqcGc@._V1_SX300.jpg
133802,https://m.media-amazon.com/images/M/MV5BNTYxNDA5ODk5NF5BMl5BanBnXkFtZTgwNzMwMzIwNTE@._V1_SX300.jpg
133832,https://m.media-amazon.com/images/M/MV5BMTcxZGNkMDEtNmIxMy00NDdiLWFmZDYtOWZhNjRhY2QxZTA5XkEyXkFqcGc@._V1_SX300.jpg
133867,https://m.media-amazon.com/images/M/MV5BMjM4MzYyMjI1MV5BMl5BanBnXkFtZTgwMjE0Mzg2NTE@._V1_SX300.jpg
133879,https://m.media-amazon.com/images/M/MV5BMThlYWQzMTktM2JkNy00NTliLTkzNzYtNTdlZTI5ZmRiOTU2XkEyXkFqcGc@._V1_SX300.jpg
134004,https://m.media-amazon.com/images/M/MV5BMTM0MzM5NzE1NV5BMl5BanBnXkFtZTcwMzI4MTE2MQ@@._V1_SX300.jpg
134019,https://m.media-amazon.com/images/M/MV5BYWRiODEyNWItY2YwYy00ZjY0LWFjYTQtYmU4ZjY3YjlkZjVmXkEyXkFqcGc@._V1_SX300.jpg
134021,https://m.media-amazon.com/images/M/MV5BMTQ4Mzg3ODQ4M15BMl5BanBnXkFtZTgwMjA3NjE1NDE@._V1_SX300.jpg
134041,https://m.media-amazon.com/images/M/MV5BMTBkMTk3NDMtYTM5Yy00N2Y4LWJlMTUtZTIwOWI5NjcxYjFiXkEyXkFqcGc@._V1_SX300.jpg
134095,https://m.media-amazon.com/images/M/MV5BNmFjZDE2MjMtNzdiMS00MTMzLWJiZmUtZDBlNWIwMzdkZmRhXkEyXkFqcGdeQXVyMjExNjgyMTc@._V1_SX300.jpg
134109,https://m.media-amazon.com/images/M/MV5BZDI3OWY3ZjYtNTc1MS00MzNjLTgxN2UtMTNhYjlmMWM4ZjFjXkEyXkFqcGc@._V1_SX300.jpg
134130,https://m.media-amazon.com/images/M/MV5BMTc2MTQ3MDA1Nl5BMl5BanBnXkFtZTgwODA3OTI4NjE@._V1_SX300.jpg
134158,https://m.media-amazon.com/images/M/MV5BMTkzMDU0MzYxM15BMl5BanBnXkFtZTgwNjAwNDUxNjE@._V1_SX300.jpg
134170,https://m.media-amazon.com/images/M/MV5BMjQwMjU2ODU5NF5BMl5BanBnXkFtZTgwNTU1NjM4NTE@._V1_SX300.jpg
134184,https://m.media-amazon.com/images/M/MV5BYmMyOWY2NTctYWU0NC00MThjLWFiODUtOGMzZDUwMTliNzQ2XkEyXkFqcGc@._V1_SX300.jpg
134214,https://m.media-amazon.com/images/M/MV5BMjI2OTk5MzYyMl5BMl5BanBnXkFtZTgwMzY1MjE3NjE@._V1_SX300.jpg
134246,https://m.media-amazon.com/images/M/MV5BMjE5NDM5MTQ0MF5BMl5BanBnXkFtZTgwMDEzNTUxNTE@._V1_SX300.jpg
134248,https://m.media-amazon.com/images/M/MV5BZDYxZmZhMmUtNTY3YS00YmQyLWI3ODctMWI2ZTEwMWRmYTJlXkEyXkFqcGc@._V1_SX300.jpg
134252,https://m.media-amazon.com/images/M/MV5BZjY3ZTEzZjEtODNjMi00MTA4LThhNzAtMGE0YjU5NjAyMDc1XkEyXkFqcGdeQXVyNjg3MTIwODI@._V1_SX300.jpg
134326,https://m.media-amazon.com/images/M/MV5BZmE2MzlhZGMtNmMxOC00OWIyLWI0MmUtZjQ4ZGZiZWNmZGFlXkEyXkFqcGc@._V1_SX300.jpg
134334,https://m.media-amazon.com/images/M/MV5BMTNkZTExMWYtMGZjMy00NGUwLWJmMWEtOThjYmZjY2Q0N2M5XkEyXkFqcGc@._V1_SX300.jpg
134368,https://m.media-amazon.com/images/M/MV5BNjI5OTQ0MDQxM15BMl5BanBnXkFtZTgwMzcwNjMyNTE@._V1_SX300.jpg
134393,https://m.media-amazon.com/images/M/MV5BMTQ4MjgwNTMyOV5BMl5BanBnXkFtZTgwMTc1MjI0NDE@._V1_SX300.jpg
134515,https://m.media-amazon.com/images/M/MV5BNTAzM2E0ZGYtMWQ0Ni00NGI1LWI1YzgtYTY5NzBhMmZmZGQ0XkEyXkFqcGc@._V1_SX300.jpg
134524,https://m.media-amazon.com/images/M/MV5BYTMxMjY3YzMtOWYzMy00NmZjLWFkYzMtOGNhZGQzZTJlODFkXkEyXkFqcGc@._V1_SX300.jpg
134528,https://m.media-amazon.com/images/M/MV5BMTg4Mjc0NTE1NV5BMl5BanBnXkFtZTgwNzcwNTQ3NTE@._V1_SX300.jpg
134775,https://m.media-amazon.com/images/M/MV5BMTk0MjgxOTQ5MF5BMl5BanBnXkFtZTgwODA3NTUwNjE@._V1_SX300.jpg
134783,https://m.media-amazon.com/images/M/MV5BODdiZjQwMGItYTRkOC00NGQyLTliY2YtOWQ1ZjA2YWFiMWI2XkEyXkFqcGc@._V1_SX300.jpg
134796,https://m.media-amazon.com/images/M/MV5BOGNhZmM4ZWItYzgxMy00YzI4LTg5ZjItZThkODNjOTE3Nzk4XkEyXkFqcGc@._V1_SX300.jpg
134808,https://m.media-amazon.com/images/M/MV5BNTczMTg4MTM4Nl5BMl5BanBnXkFtZTgwMTc3OTI4NTE@._V1_SX300.jpg
134847,https://m.media-amazon.com/images/M/MV5BYTZhNGFlZTAtZmIxYS00NmYxLTg4M2QtNjM3MmEzNmNlNzgxXkEyXkFqcGc@._V1_SX300.jpg
134849,https://m.media-amazon.com/images/M/MV5BYjBjZWVmNzctZWM4Yi00YmNlLWI1ZjktYThhYWVlZDgyMzE2XkEyXkFqcGc@._V1_SX300.jpg
134853,https://m.media-amazon.com/images/M/MV5BOTgxMDQwMDk0OF5BMl5BanBnXkFtZTgwNjU5OTg2NDE@._V1_SX300.jpg
134859,https://m.media-amazon.com/images/M/MV5BMzg2NjE5OTQwNl5BMl5BanBnXkFtZTgwNjYwNDk2NTE@._V1_SX300.jpg
134861,https://m.media-amazon.com/images/M/MV5BMjMzNDU4NDk4OF5BMl5BanBnXkFtZTgwMzkxODA2MDE@._V1_SX300.jpg
134881,https://m.media-amazon.com/images/M/MV5BMTk1MTkwMzU4Nl5BMl5BanBnXkFtZTgwNjY0MDE1NTE@._V1_SX300.jpg
135133,https://m.media-amazon.com/images/M/MV5BNjQzNDI2NTU1Ml5BMl5BanBnXkFtZTgwNTAyMDQ5NjE@._V1_SX300.jpg
135137,https://m.media-amazon.com/images/M/MV5BMzIyNTc1NmUtOTBlNS00YzEwLTlkZTMtZjJkMGM2YzNkYmY3XkEyXkFqcGc@._V1_SX300.jpg
135143,https://m.media-amazon.com/images/M/MV5BMjMxOTM1OTI4MV5BMl5BanBnXkFtZTgwODE5OTYxMDI@._V1_SX300.jpg
135198,https://m.media-amazon.com/images/M/MV5BMTI4NjIwNDY2Nl5BMl5BanBnXkFtZTcwNTkwMTM2Mw@@._V1_SX300.jpg
135216,https://m.media-amazon.com/images/M/MV5BNmNiNmFlOTEtZmUwNi00M2M2LWI2OTctOTQ1ZjFmNmRlOWVlXkEyXkFqcGc@._V1_SX300.jpg
135288,https://m.media-amazon.com/images/M/MV5BMTg5MjE0Njk0MF5BMl5BanBnXkFtZTgwNTgwMjQ4NTE@._V1_SX300.jpg
135436,https://m.media-amazon.com/images/M/MV5BMjIzMzA1OTkzNV5BMl5BanBnXkFtZTgwODE3MjM4NzE@._V1_SX300.jpg
135456,https://m.media-amazon.com/images/M/MV5BNjE2NDhhYjUtODAxMC00MjFjLThlMWMtN2MyZmVjOGI1MzU2XkEyXkFqcGdeQXVyNTM3MDMyMDQ@._V1_SX300.jpg
135518,https://m.media-amazon.com/images/M/MV5BMTU0MTQzNzAxMl5BMl5BanBnXkFtZTgwNjg4MjcxNjE@._V1_SX300.jpg
135532,https://m.media-amazon.com/images/M/MV5BMjM5Njk5MzYzM15BMl5BanBnXkFtZTgwNzM1Mjk4NjE@._V1_SX300.jpg
135534,https://m.media-amazon.com/images/M/MV5BMjk0MjMzMTI3NV5BMl5BanBnXkFtZTgwODEyODkxNzE@._V1_SX300.jpg
135536,https://m.media-amazon.com/images/M/MV5BMjM1OTMxNzUyM15BMl5BanBnXkFtZTgwNjYzMTIzOTE@._V1_SX300.jpg
135567,https://m.media-amazon.com/images/M/MV5BMjIyMTg5MTg4OV5BMl5BanBnXkFtZTgwMzkzMjY5NzE@._V1_SX300.jpg
135569,https://m.media-amazon.com/images/M/MV5BN2FhNDI1YTYtNWI0OC00ZjYxLWJlYWEtN2ZiZjRmZDY1MWJjXkEyXkFqcGc@._V1_SX300.jpg
135777,https://m.media-amazon.com/images/M/MV5BZWMwZTM3YzEtNzgzMi00YmI3LTkxN2EtZDY1OGM0MDQ2Y2NkXkEyXkFqcGc@._V1_SX300.jpg
135787,https://m.media-amazon.com/images/M/MV5BMTI4MDYzMTAxNF5BMl5BanBnXkFtZTcwMTE4MjAyMQ@@._V1_SX300.jpg
135803,https://m.media-amazon.com/images/M/MV5BYTRkMmYwZDYtYjJiYi00ZmM3LWIwYjQtZTY0NzBjNjFiZTY1XkEyXkFqcGc@._V1_SX300.jpg
135815,https://m.media-amazon.com/images/M/MV5BNjY1YzBmMDEtMjM0ZS00M2I5LTkzNmUtNGQyOGZiMDk4ZjNmXkEyXkFqcGc@._V1_SX300.jpg
135861,https://m.media-amazon.com/images/M/MV5BMjEwMDg3MDk1NF5BMl5BanBnXkFtZTgwNjYyODA1NTE@._V1_SX300.jpg
135885,https://m.media-amazon.com/images/M/MV5BMjMxNTQ1NDgyOF5BMl5BanBnXkFtZTgwMjMxNjU0NjE@._V1_SX300.jpg
135887,https://m.media-amazon.com/images/M/MV5BODI4NzMyNjE0MF5BMl5BanBnXkFtZTgwMTcwNzI0MzE@._V1_SX300.jpg
135937,https://m.media-amazon.com/images/M/MV5BMjE5MjQ5NTE3N15BMl5BanBnXkFtZTgwMTkwODQwMjI@._V1_SX300.jpg
136012,https://m.media-amazon.com/images/M/MV5BNzNjYmQ2ZWEtZTcxYy00Y2FhLTgzY2QtZjBmZTNhMjFkYTg2XkEyXkFqcGdeQXVyMTY5Nzc4MDY@._V1_SX300.jpg
136016,https://m.media-amazon.com/images/M/MV5BMTc5MTg2NjQ4MV5BMl5BanBnXkFtZTgwNzcxOTY5NjE@._V1_SX300.jpg
136018,https://m.media-amazon.com/images/M/MV5BNzg0ODI3NDQxNF5BMl5BanBnXkFtZTgwMzgzNDA0NjE@._V1_SX300.jpg
136020,https://m.media-amazon.com/images/M/MV5BMzA5MzFiNDAtYTI0NC00MDE5LTljYTctYTNkODk1OTZlODI5XkEyXkFqcGc@._V1_SX300.jpg
136024,https://m.media-amazon.com/images/M/MV5BYmQyZDMzMGQtY2UzMC00NDhlLTk4YTItMzIxOWE5NjI1ZTA2XkEyXkFqcGc@._V1_SX300.jpg
136297,https://m.media-amazon.com/images/M/MV5BMGE1OWNhYWItMWE2NC00MGQ1LWI0M2ItZjlmMmJkYzFjOGRlXkEyXkFqcGdeQXVyMjMwNDgzNjc@._V1_SX300.jpg
136305,https://m.media-amazon.com/images/M/MV5BMTc5MDUzNzQzOF5BMl5BanBnXkFtZTgwMDg4NTYzNTE@._V1_SX300.jpg
136341,https://m.media-amazon.com/images/M/MV5BMjk1YWQxMDYtYTViNC00ODJlLWFiN2MtOWRjZjY1MGJjN2FjXkEyXkFqcGdeQXVyNDQ5MDYzMTk@._V1_SX300.jpg
136353,https://m.media-amazon.com/images/M/MV5BZjk1ZjAwODYtYzlhNC00YzdmLTk5YmMtZjkyNDkyMjcyN2M2XkEyXkFqcGdeQXVyNDgyODgxNjE@._V1_SX300.jpg
136355,https://m.media-amazon.com/images/M/MV5BNzM2YzVhODItZjY2Yi00YTRmLWJkNzEtMmQ3NTYxMzA0ZTlmXkEyXkFqcGdeQXVyNTA4NzExMDg@._V1_SX300.jpg
136359,https://m.media-amazon.com/images/M/MV5BMTk0MTcwMDM5N15BMl5BanBnXkFtZTgwMzU2NDgwMzE@._V1_SX300.jpg
136443,https://m.media-amazon.com/images/M/MV5BMjEwNjc5OTIwNV5BMl5BanBnXkFtZTcwNzE3OTQ4Mw@@._V1_SX300.jpg
136445,https://m.media-amazon.com/images/M/MV5BOWIwYzRiMmUtMjU3MC00YjU0LWIxZGYtNDM2ZGU5MWExZTNiXkEyXkFqcGc@._V1_SX300.jpg
136447,https://m.media-amazon.com/images/M/MV5BYmQ5NGYyZjktM2FhOC00MzE1LWJkODUtYjczNzc0NDkwNGEwXkEyXkFqcGc@._V1_SX300.jpg
136449,https://m.media-amazon.com/images/M/MV5BYzVjMmZhMGEtNWEzNS00ZTNlLWI4ZDAtZDI0NDI4YjJlMmYzXkEyXkFqcGc@._V1_SX300.jpg
136469,https://m.media-amazon.com/images/M/MV5BNWQ0ZTM1YmItMWQ0Zi00MWM5LTkwMzEtMDczZTQ4MjNiZTRjXkEyXkFqcGc@._V1_SX300.jpg
136471,https://m.media-amazon.com/images/M/MV5BMjI4NjA5NTI0OV5BMl5BanBnXkFtZTcwMTU0MzI1Ng@@._V1_SX300.jpg
136503,https://m.media-amazon.com/images/M/MV5BZGI3OTZjMTgtZTI0OC00NTAwLThjMTItMzEwYjNiNWM2NDI4XkEyXkFqcGdeQXVyMTA4NDI1NTQx._V1_SX300.jpg
136511,https://m.media-amazon.com/images/M/MV5BMDI1OGZhNzctNzUwZS00ZTNjLTljYzEtNzFkMGI1NGFkZDQ0XkEyXkFqcGc@._V1_SX300.jpg
136540,https://m.media-amazon.com/images/M/MV5BMjEwMzQxMDk2MF5BMl5BanBnXkFtZTcwMTM0MjM1Nw@@._V1_SX300.jpg
136556,https://m.media-amazon.com/images/M/MV5BNjZmMWU3NDgtYTQ0MC00YzdlLTg0YWUtMDRkMTVlMzhhYTRlXkEyXkFqcGdeQXVyNDgyODgxNjE@._V1_SX300.jpg
136562,https://m.media-amazon.com/images/M/MV5BMjE0NTA2MTEwOV5BMl5BanBnXkFtZTgwNzg4NzU2NjE@._V1_SX300.jpg
136564,https://m.media-amazon.com/images/M/MV5BNzgyNDczMjU4NV5BMl5BanBnXkFtZTgwMTUwMDI3NjE@._V1_SX300.jpg
136598,https://m.media-amazon.com/images/M/MV5BZWJmYTcwN2QtNTc4MC00YjcwLTk4YmUtOWQwM2RkMmVlYThhXkEyXkFqcGc@._V1_SX300.jpg
136602,https://m.media-amazon.com/images/M/MV5BMTY0NTU2ODM5Ml5BMl5BanBnXkFtZTgwMTAwOTA5NTE@._V1_SX300.jpg
136654,https://m.media-amazon.com/images/M/MV5BMTU5OTIxMjU3OV5BMl5BanBnXkFtZTgwNjEzNjQ4NTE@._V1_SX300.jpg
136664,https://m.media-amazon.com/images/M/MV5BMTA1ZjVhMTYtODNkMS00N2Q2LTk3MTUtMjhiZGIxYjU1MmIzXkEyXkFqcGc@._V1_SX300.jpg
136666,https://m.media-amazon.com/images/M/MV5BNDM3MjE4ODQzMV5BMl5BanBnXkFtZTgwMDY0NDgzODE@._V1_SX300.jpg
136778,https://m.media-amazon.com/images/M/MV5BMTYyNjMwNjM2Ml5BMl5BanBnXkFtZTgwNTMyMDA5NDE@._V1_SX300.jpg
136786,https://m.media-amazon.com/images/M/MV5BNTQ2NzI5MjUyNF5BMl5BanBnXkFtZTgwNjQyMTIwOTE@._V1_SX300.jpg
136800,https://m.media-amazon.com/images/M/MV5BMjM1ODc0MDgzNV5BMl5BanBnXkFtZTgwMzcyNzE1NDE@._V1_SX300.jpg
136816,https://m.media-amazon.com/images/M/MV5BNzA2OTcxNjk2OF5BMl5BanBnXkFtZTgwMTgwNDUxNDE@._V1_SX300.jpg
136834,https://m.media-amazon.com/images/M/MV5BZTVlYmFmNDYtNGU5My00YzFjLWJhZDAtNzQ4OTA1MGM3YzNlXkEyXkFqcGc@._V1_SX300.jpg
136838,https://m.media-amazon.com/images/M/MV5BMTA5MDcyNzgzNTVeQTJeQWpwZ15BbWU3MDI0MDk1ODE@._V1_SX300.jpg
136840,https://m.media-amazon.com/images/M/MV5BMjg3NDA0MzM5M15BMl5BanBnXkFtZTgwNzIyMTA1MTE@._V1_SX300.jpg
136850,https://m.media-amazon.com/images/M/MV5BODVjMmNhZjMtOTExMS00MTdhLTliYTktOTY3NDhjZDE2ZWRiXkEyXkFqcGc@._V1_SX300.jpg
136859,https://m.media-amazon.com/images/M/MV5BODA3NTU5NDM5OV5BMl5BanBnXkFtZTgwMzkzMTU1NDE@._V1_SX300.jpg
136864,https://m.media-amazon.com/images/M/MV5BZTJkYjdmYjYtOGMyNC00ZGU1LThkY2ItYTc1OTVlMmE2YWY1XkEyXkFqcGc@._V1_SX300.jpg
136912,https://m.media-amazon.com/images/M/MV5BMjAxNjc1NDY1NV5BMl5BanBnXkFtZTgwMzg5NzUyNDE@._V1_SX300.jpg
136958,https://m.media-amazon.com/images/M/MV5BZjk4YzEyODAtNzdlNi00ZjZiLThkNDYtNTU2NWZiYTM5MDFiXkEyXkFqcGc@._V1_SX300.jpg
137218,https://m.media-amazon.com/images/M/MV5BMjA2NDg2MTk1OF5BMl5BanBnXkFtZTgwNjY1ODk1MDE@._V1_SX300.jpg
137337,https://m.media-amazon.com/images/M/MV5BMTQ1MzE4MTE3OF5BMl5BanBnXkFtZTgwOTcyNDM3NTE@._V1_SX300.jpg
137345,https://m.media-amazon.com/images/M/MV5BMjE0MjAyMTU4N15BMl5BanBnXkFtZTgwNDk5MzA2MTE@._V1_SX300.jpg
137517,https://m.media-amazon.com/images/M/MV5BYTg4OGYzNWMtZDJhNi00Mjk0LWEwYmUtMjFmMzdhNTU5NTYwXkEyXkFqcGc@._V1_SX300.jpg
137595,https://m.media-amazon.com/images/M/MV5BNDMyODU3ODk3Ml5BMl5BanBnXkFtZTgwNDc1ODkwNjE@._V1_SX300.jpg
137857,https://m.media-amazon.com/images/M/MV5BMTc3NTUzNTI4MV5BMl5BanBnXkFtZTgwNjU0NjU5NzE@._V1_SX300.jpg
137859,https://m.media-amazon.com/images/M/MV5BZWFmM2NlMzAtZTNiMS00NWZlLTg4OTUtYzk5Y2JjMjkzN2QyXkEyXkFqcGdeQXVyNjMxNzQ2NTQ@._V1_SX300.jpg
137863,https://m.media-amazon.com/images/M/MV5BOTc1ZmU3NGUtM2E1Mi00ODRmLWFlYmMtNDY2OGMwYTc1Y2Q5XkEyXkFqcGc@._V1_SX300.jpg
138036,https://m.media-amazon.com/images/M/MV5BMDFjN2NlOGItYjZiZi00OThhLTlhYWUtYjgyNWFjMWJlNGU4XkEyXkFqcGc@._V1_SX300.jpg
138186,https://m.media-amazon.com/images/M/MV5BNjgxODMxMTk5OV5BMl5BanBnXkFtZTgwMzY2MzM2MTE@._V1_SX300.jpg
138204,https://m.media-amazon.com/images/M/MV5BZjcwNDIyMTItODgyNy00YTg1LWIzNzgtNmE0ZjJmYmZjNTFhXkEyXkFqcGc@._V1_SX300.jpg
138208,https://m.media-amazon.com/images/M/MV5BNTY4MzA4Mzc5Nl5BMl5BanBnXkFtZTgwNDIzMzk5NjE@._V1_SX300.jpg
138210,https://m.media-amazon.com/images/M/MV5BOGM1MWUzZjktMWY0MS00N2ZhLWJmZjQtNjIxOGVlNzA1OGI0XkEyXkFqcGc@._V1_SX300.jpg
138396,https://m.media-amazon.com/images/M/MV5BYTE1ZjFiZmYtYjkyYi00MjdjLWFjMGQtOGU2NDdkMzU0YzI5XkEyXkFqcGc@._V1_SX300.jpg
138546,https://m.media-amazon.com/images/M/MV5BNzg1NDA5NjQyNV5BMl5BanBnXkFtZTgwMjQyNjM1MjE@._V1_SX300.jpg
138610,https://m.media-amazon.com/images/M/MV5BMTU2MTMyOTkwM15BMl5BanBnXkFtZTgwOTQzNjc3NTE@._V1_SX300.jpg
138632,https://m.media-amazon.com/images/M/MV5BMTk5NDg4OTA5NF5BMl5BanBnXkFtZTgwNDk2Njc3NjE@._V1_SX300.jpg
138702,https://m.media-amazon.com/images/M/MV5BZjk3MTlmZDgtMjA0ZS00MzUzLThjMDQtM2FjZTU2NjI4OTFkXkEyXkFqcGc@._V1_SX300.jpg
138798,https://m.media-amazon.com/images/M/MV5BNDcyODc2Njg5MV5BMl5BanBnXkFtZTgwOTIwMzg4NTE@._V1_SX300.jpg
138835,https://m.media-amazon.com/images/M/MV5BOWM2OGU4YjYtOGQ0MC00ZWI4LWFkNGEtZTY1YTEwNjZlY2NjXkEyXkFqcGc@._V1_SX300.jpg
138966,https://m.media-amazon.com/images/M/MV5BODFhZDZlNGQtNDk0YS00MmQ4LWIyZjMtYmVjMTRjOGUwYmEzXkEyXkFqcGc@._V1_SX300.jpg
139052,https://m.media-amazon.com/images/M/MV5BMTY1NTM4ODYzM15BMl5BanBnXkFtZTgwNTY2NDIwNjE@._V1_SX300.jpg
139130,https://m.media-amazon.com/images/M/MV5BMjRlZGMwZmMtZjA0YS00NjUzLTk1OGYtNDhjZjM3ZmJkNGRlXkEyXkFqcGc@._V1_SX300.jpg
139157,https://m.media-amazon.com/images/M/MV5BZjVmMzIxYmYtZTI5OS00YmYwLThjY2ItOWRiZGY2YjU5OGUwXkEyXkFqcGc@._V1_SX300.jpg
139385,https://m.media-amazon.com/images/M/MV5BYTgwNmQzZDctMjNmOS00OTExLTkwM2UtNzJmOTJhODFjOTdlXkEyXkFqcGc@._V1_SX300.jpg
139415,https://m.media-amazon.com/images/M/MV5BMjE2NTM0Mzk5Ml5BMl5BanBnXkFtZTgwMzQ3Njc3NTE@._V1_SX300.jpg
139511,https://m.media-amazon.com/images/M/MV5BNGM1MGUwNWYtY2ViMC00MzE2LTgxYjEtYTM0YzM1ZmMzZDg0XkEyXkFqcGc@._V1_SX300.jpg
139640,https://m.media-amazon.com/images/M/MV5BMTczMDUzNzgxMF5BMl5BanBnXkFtZTgwNzcyMTk2NjE@._V1_SX300.jpg
139642,https://m.media-amazon.com/images/M/MV5BMjI1MTcwODk0MV5BMl5BanBnXkFtZTgwMTgwMDM5NTE@._V1_SX300.jpg
139644,https://m.media-amazon.com/images/M/MV5BMjA5NjM3NTk1M15BMl5BanBnXkFtZTgwMzg1MzU2NjE@._V1_SX300.jpg
139655,https://m.media-amazon.com/images/M/MV5BMjAyMDU2NjU4OF5BMl5BanBnXkFtZTgwNDg5ODc0NjE@._V1_SX300.jpg
139717,https://m.media-amazon.com/images/M/MV5BMjQyNTIyNDU0Ml5BMl5BanBnXkFtZTgwNjA1NDkxNjE@._V1_SX300.jpg
139747,https://m.media-amazon.com/images/M/MV5BOTMxNzE0NjY4NV5BMl5BanBnXkFtZTgwMjIxNjIzNjE@._V1_SX300.jpg
139855,https://m.media-amazon.com/images/M/MV5BMTkyMzI2MzQ1N15BMl5BanBnXkFtZTgwNDg0MzQxNzE@._V1_SX300.jpg
139857,https://m.media-amazon.com/images/M/MV5BMjE3NjQ1MTIxNl5BMl5BanBnXkFtZTgwOTY4OTIzODE@._V1_SX300.jpg
139859,https://m.media-amazon.com/images/M/MV5BNjlhZmQwNTItMmQ3Zi00Mzc3LWJmZTEtMTg1Mjc2NjBmNjUwXkEyXkFqcGc@._V1_SX300.jpg
139915,https://m.media-amazon.com/images/M/MV5BYzM4MzVmNWEtYjNkMi00OWNjLTg1ODktOTAxMmJkYjcyMTc5XkEyXkFqcGc@._V1_SX300.jpg
139994,https://m.media-amazon.com/images/M/MV5BNmU5ODliYzUtZTZiOS00YmY3LTg2MzctMmFlN2RhNWEwZjE5XkEyXkFqcGc@._V1_SX300.jpg
140016,https://m.media-amazon.com/images/M/MV5BMzg0MTE3NDc4Ml5BMl5BanBnXkFtZTgwNzgxODMyNTE@._V1_SX300.jpg
140038,https://m.media-amazon.com/images/M/MV5BMjAxNWQ0YTctZTE2OS00ZjdjLWJhNTUtMDQ1MjBjNzYzMTgyXkEyXkFqcGc@._V1_SX300.jpg
140110,https://m.media-amazon.com/images/M/MV5BMTUyNjE5NjI5OF5BMl5BanBnXkFtZTgwNzYzMzU3NjE@._V1_SX300.jpg
140133,https://m.media-amazon.com/images/M/MV5BNjdiYzFjNWUtMzkwYS00OWY3LWJmZDYtNTRlNzc0ZjA4NTMwXkEyXkFqcGc@._V1_SX300.jpg
140162,https://m.media-amazon.com/images/M/MV5BNDg1MTg0ZDgtZTM5Ny00OTFmLWE1OWItNTAzZDgxOWU1YTA2XkEyXkFqcGc@._V1_SX300.jpg
140174,https://m.media-amazon.com/images/M/MV5BMjE4NzgzNzEwMl5BMl5BanBnXkFtZTgwMTMzMDE0NjE@._V1_SX300.jpg
140237,https://m.media-amazon.com/images/M/MV5BMTkyMDkwNDIyMV5BMl5BanBnXkFtZTgwNDU1OTEwNjE@._V1_SX300.jpg
140247,https://m.media-amazon.com/images/M/MV5BOTNlZmJiNGUtZGEwNC00MzE1LTkzNTItNGQ0NGRkYjhiYTNmXkEyXkFqcGc@._V1_SX300.jpg
140265,https://m.media-amazon.com/images/M/MV5BMDc1Y2FkMzItMDRiZC00NjQ0LTk1MjctODJhZDllMGM4NTM1XkEyXkFqcGc@._V1_SX300.jpg
140267,https://m.media-amazon.com/images/M/MV5BMTUyNzkwMzAxOF5BMl5BanBnXkFtZTgwMzc1OTk1NjE@._V1_SX300.jpg
140289,https://m.media-amazon.com/images/M/MV5BMTcwMjI0OTgxM15BMl5BanBnXkFtZTgwNDg3MzczODE@._V1_SX300.jpg
140301,https://m.media-amazon.com/images/M/MV5BNTgzNDgzNDAyMF5BMl5BanBnXkFtZTgwMTgxOTkzNjE@._V1_SX300.jpg
140359,https://m.media-amazon.com/images/M/MV5BMTgzMzc0OTU1OF5BMl5BanBnXkFtZTgwNjg0NTMwMjE@._V1_SX300.jpg
140481,https://m.media-amazon.com/images/M/MV5BMTg0MDMzMTQ2MV5BMl5BanBnXkFtZTcwNjgwOTU0Mw@@._V1_SX300.jpg
140523,https://m.media-amazon.com/images/M/MV5BMTg3OTM2OTc5MV5BMl5BanBnXkFtZTgwMjMxNDM0NTE@._V1_SX300.jpg
140525,https://m.media-amazon.com/images/M/MV5BMjE0ODU1NDE0Ml5BMl5BanBnXkFtZTgwNzc4Njc3NjE@._V1_SX300.jpg
140541,https://m.media-amazon.com/images/M/MV5BYmQ4Y2ZjODYtOTQyNy00OTI1LThkMjgtYmI4YzBlMDA5ZThmXkEyXkFqcGdeQXVyNDE5MTU2MDE@._V1_SX300.jpg
140561,https://m.media-amazon.com/images/M/MV5BNmZkOTlkMDYtMjM4OC00M2RlLTllNTAtYjEwZjYxMjg2NmQ1XkEyXkFqcGc@._V1_SX300.jpg
140627,https://m.media-amazon.com/images/M/MV5BYTk2OWRlZGEtMjA5ZS00ODFjLTgyY2ItMjNkOWEwOWRjOTRmXkEyXkFqcGc@._V1_SX300.jpg
140711,https://m.media-amazon.com/images/M/MV5BMTcwMTM1NDU1Ml5BMl5BanBnXkFtZTgwNDk5MTgzNjE@._V1_SX300.jpg
140715,https://m.media-amazon.com/images/M/MV5BMTA5MzkyMzIxNjJeQTJeQWpwZ15BbWU4MDU0MDk0OTUx._V1_SX300.jpg
140725,https://m.media-amazon.com/images/M/MV5BOTMyMDc5OTUwMl5BMl5BanBnXkFtZTgwMjEwNjc3NTE@._V1_SX300.jpg
140737,https://m.media-amazon.com/images/M/MV5BYmU3YzhkY2MtMmM1Yy00Zjg0LWJhZTgtODM2MWVlYTM0YzljXkEyXkFqcGc@._V1_SX300.jpg
140816,https://m.media-amazon.com/images/M/MV5BMjEzNzY2NjYwOV5BMl5BanBnXkFtZTgwOTY1MDU1NTE@._V1_SX300.jpg
140850,https://m.media-amazon.com/images/M/MV5BMTQ4OTAwMTE2N15BMl5BanBnXkFtZTgwMTUyNzUzNTE@._V1_SX300.jpg
140852,https://m.media-amazon.com/images/M/MV5BYTJhYjQ5NDMtMDBlNy00NTBkLWEzZTQtMjQ4MTNiZWFkY2ExXkEyXkFqcGc@._V1_SX300.jpg
140928,https://m.media-amazon.com/images/M/MV5BNmEyMWJiNzMtZjU3Mi00YzBjLTk3ZDgtMDZkYWVjNmZjMjQ3XkEyXkFqcGc@._V1_SX300.jpg
140956,https://m.media-amazon.com/images/M/MV5BNzVkMTgzODQtMWIwZC00NzE4LTgzZjYtMzAwM2I5OGZhNjE4XkEyXkFqcGc@._V1_SX300.jpg
141004,https://m.media-amazon.com/images/M/MV5BODA5MDc2NDI5OF5BMl5BanBnXkFtZTgwNDYzMTA2NjE@._V1_SX300.jpg
141131,https://m.media-amazon.com/images/M/MV5BMzczODZjYTctY2Q5MC00Mjg0LWIzZmYtM2ExZmJmMzM0ODRlXkEyXkFqcGc@._V1_SX300.jpg
141400,https://m.media-amazon.com/images/M/MV5BMjJhOWY5ZTUtMTcwNy00MjcyLWFkNjYtYmE5MWUzN2YyMTY3XkEyXkFqcGc@._V1_SX300.jpg
141408,https://m.media-amazon.com/images/M/MV5BMTY4NjczNjE4OV5BMl5BanBnXkFtZTgwODk0MjQ5NjE@._V1_SX300.jpg
141422,https://m.media-amazon.com/images/M/MV5BMjA2NDYxOTI1MV5BMl5BanBnXkFtZTgwOTgyMjU3NjE@._V1_SX300.jpg
141513,https://m.media-amazon.com/images/M/MV5BMjEwODMzMzkxN15BMl5BanBnXkFtZTgwNzY3NDgyNjE@._V1_SX300.jpg
141544,https://m.media-amazon.com/images/M/MV5BMTY1NjkwNDQ0NF5BMl5BanBnXkFtZTgwMTkyOTE2NjE@._V1_SX300.jpg
141646,https://m.media-amazon.com/images/M/MV5BMTgwNDkwODc1OV5BMl5BanBnXkFtZTgwMTk3MjU0MjE@._V1_SX300.jpg
141668,https://m.media-amazon.com/images/M/MV5BMTYyNTUxMjQwNF5BMl5BanBnXkFtZTgwNDY5MDIwNTE@._V1_SX300.jpg
141688,https://m.media-amazon.com/images/M/MV5BMjE0MjkyODQ3NF5BMl5BanBnXkFtZTgwNDM1OTk1NjE@._V1_SX300.jpg
141718,https://m.media-amazon.com/images/M/MV5BMmI2NWZiODEtNGYxYy00MDA2LWI2ZWEtNDg5NWFmOWVhZTI5XkEyXkFqcGc@._V1_SX300.jpg
141749,https://m.media-amazon.com/images/M/MV5BMjA0NjA4NjE2Nl5BMl5BanBnXkFtZTgwNzIxNTY2NjE@._V1_SX300.jpg
141799,https://m.media-amazon.com/images/M/MV5BMTk5NzgxNTk3MV5BMl5BanBnXkFtZTgwMjI5MzY3NTE@._V1_SX300.jpg
141810,https://m.media-amazon.com/images/M/MV5BYTAwMzdlZGQtNzFiNC00MWE1LThiMDQtZjZiZGM4ZWFmZDhmXkEyXkFqcGc@._V1_SX300.jpg
141816,https://m.media-amazon.com/images/M/MV5BNWMyYWQ5NzYtNWEzYi00MWUwLWE1ODAtMjVkNjc5MmJhNDQ4XkEyXkFqcGc@._V1_SX300.jpg
141818,https://m.media-amazon.com/images/M/MV5BM2E4YTVhZGYtM2U1OS00OWVmLWFmN2ItYWI5NDk1MTY1NmFlXkEyXkFqcGdeQXVyMTA0MTA4MjA3._V1_SX300.jpg
141820,https://m.media-amazon.com/images/M/MV5BYWFkODQwODAtMWFhNS00MTFlLTk5M2MtYzMzNDg2MzQ4MDBhXkEyXkFqcGc@._V1_SX300.jpg
141830,https://m.media-amazon.com/images/M/MV5BYjcxNzM3MTAtOWQ1NC00ZDU3LTg5Y2EtMmMyMWU5YThiOGEwXkEyXkFqcGc@._V1_SX300.jpg
141836,https://m.media-amazon.com/images/M/MV5BNTM3NjBlYjktMTZiNy00NDAyLThlZWItOGYzNWM3YzAyMDdhXkEyXkFqcGc@._V1_SX300.jpg
141844,https://m.media-amazon.com/images/M/MV5BNzkyYjRlZTYtNTRmZC00OTBmLWExYTktN2MzZWQ1MTQ2NGFlXkEyXkFqcGc@._V1_SX300.jpg
141846,https://m.media-amazon.com/images/M/MV5BMTUwMzAyMjgyNV5BMl5BanBnXkFtZTgwOTU3ODUzNjE@._V1_SX300.jpg
141866,https://m.media-amazon.com/images/M/MV5BMjU1ODQ5NzA0N15BMl5BanBnXkFtZTgwMDg5MTA5NzE@._V1_SX300.jpg
141890,https://m.media-amazon.com/images/M/MV5BMTYwMzMzMDI0NF5BMl5BanBnXkFtZTgwNDQ3NjI3NjE@._V1_SX300.jpg
141928,https://m.media-amazon.com/images/M/MV5BMTk4NDY0ODkyNF5BMl5BanBnXkFtZTgwOTg2MzYwNDE@._V1_SX300.jpg
141994,https://m.media-amazon.com/images/M/MV5BMTc3MTc3Njc5MV5BMl5BanBnXkFtZTgwNzU3NDE4MjE@._V1_SX300.jpg
142020,https://m.media-amazon.com/images/M/MV5BNGNkMGJhYmEtNjM4Yi00ZWRiLWFlY2MtMTA5OGVmMTA0NGYxXkEyXkFqcGc@._V1_SX300.jpg
142056,https://m.media-amazon.com/images/M/MV5BMDVlZjcxZWYtZWEzZS00NjY3LTlmZjItNzljZWM1ZTMwZmM5XkEyXkFqcGdeQXVyNTAyODkwOQ@@._V1_SX300.jpg
142074,https://m.media-amazon.com/images/M/MV5BMzc4YmQ5ODktZmY3Zi00NzE4LWEzMzUtOWI4NzNiODAyYjk0XkEyXkFqcGc@._V1_SX300.jpg
142115,https://m.media-amazon.com/images/M/MV5BYjgyODJmY2YtZTk4Yy00MjBlLWFlM2YtNDIyMDk5YmQxMTllXkEyXkFqcGc@._V1_SX300.jpg
142196,https://m.media-amazon.com/images/M/MV5BMTgyNDg2Nzk4OF5BMl5BanBnXkFtZTcwOTgxMDc4Mw@@._V1_SX300.jpg
142222,https://m.media-amazon.com/images/M/MV5BNTEwYmRiZWMtOTM4OS00YzA0LTgyMWUtOTk5NzZkZDBmNWE0XkEyXkFqcGc@._V1_SX300.jpg
142366,https://m.media-amazon.com/images/M/MV5BMTA0MDI2MDUxNDdeQTJeQWpwZ15BbWU3MDkwODY4MzE@._V1_SX300.jpg
142372,https://m.media-amazon.com/images/M/MV5BMTg5MDUwMDQwM15BMl5BanBnXkFtZTgwNTczMjU3NjE@._V1_SX300.jpg
142420,https://m.media-amazon.com/images/M/MV5BMjM3MjM4NzMwMl5BMl5BanBnXkFtZTgwMTQ4MjUzODE@._V1_SX300.jpg
142422,https://m.media-amazon.com/images/M/MV5BMTkyNDY1ODQwNV5BMl5BanBnXkFtZTgwNzA2MjUwNzE@._V1_SX300.jpg
142424,https://m.media-amazon.com/images/M/MV5BMTg4MDkzNDMxMl5BMl5BanBnXkFtZTgwOTE3ODg4ODE@._V1_SX300.jpg
142444,https://m.media-amazon.com/images/M/MV5BMTYwNDQ2MjEzNl5BMl5BanBnXkFtZTgwMzQzNjM1MjE@._V1_SX300.jpg
142448,https://m.media-amazon.com/images/M/MV5BNDAzOTYxMTctY2ViNi00NDI3LTgwMGItY2FhN2JjZWE5MjRkXkEyXkFqcGc@._V1_SX300.jpg
142456,https://m.media-amazon.com/images/M/MV5BMjM3OTAzMzYzNV5BMl5BanBnXkFtZTgwNTQ4MzU0MDI@._V1_SX300.jpg
142488,https://m.media-amazon.com/images/M/MV5BMjIyOTM5OTIzNV5BMl5BanBnXkFtZTgwMDkzODE2NjE@._V1_SX300.jpg
142507,https://m.media-amazon.com/images/M/MV5BMTk0MDYxNTE0OV5BMl5BanBnXkFtZTgwODgyNjU3NTE@._V1_SX300.jpg
142509,https://m.media-amazon.com/images/M/MV5BNjIzNTcwMDc3Nl5BMl5BanBnXkFtZTgwNzU5NTY5NzE@._V1_SX300.jpg
142536,https://m.media-amazon.com/images/M/MV5BNjEzNTk2OTEwNF5BMl5BanBnXkFtZTgwNzExMTg0NjE@._V1_SX300.jpg
142550,https://m.media-amazon.com/images/M/MV5BMjM4OTI3MDQ4MV5BMl5BanBnXkFtZTgwOTM0MDM1NTE@._V1_SX300.jpg
142558,https://m.media-amazon.com/images/M/MV5BMTYzNTg0ODg3MF5BMl5BanBnXkFtZTcwMDAzNzc3MQ@@._V1_SX300.jpg
142598,https://m.media-amazon.com/images/M/MV5BN2IyOTc2NWQtNzZhMC00ZGE1LTg1MDAtNGE2NWFmOWRiOTVjXkEyXkFqcGc@._V1_SX300.jpg
142602,https://m.media-amazon.com/images/M/MV5BMjA1MDcwMTA0Ml5BMl5BanBnXkFtZTgwNTI1MjY5NTE@._V1_SX300.jpg
142831,https://m.media-amazon.com/images/M/MV5BYjQ5YmIxNWMtZDkxYy00YjYwLWIwYWYtZGQ3OGRkNDY3Y2E3XkEyXkFqcGc@._V1_SX300.jpg
142961,https://m.media-amazon.com/images/M/MV5BMjIwMjc2MDE4Nl5BMl5BanBnXkFtZTgwNjIyNDE2NjE@._V1_SX300.jpg
142997,https://m.media-amazon.com/images/M/MV5BY2ExYWJhMDYtYjcwMy00YjA2LTk2YzQtY2FhMWYxZThiNDQzXkEyXkFqcGc@._V1_SX300.jpg
143001,https://m.media-amazon.com/images/M/MV5BMTg2MTE4MTkyNF5BMl5BanBnXkFtZTgwNTk5MTczNTE@._V1_SX300.jpg
143031,https://m.media-amazon.com/images/M/MV5BNTY2YWJiZTItNDYwOC00NzljLTlkZDUtYjZiMzVlZGMyYzdkXkEyXkFqcGc@._V1_SX300.jpg
143245,https://m.media-amazon.com/images/M/MV5BNjg0OTM5OTQyNV5BMl5BanBnXkFtZTgwNDg5NDQ0NTE@._V1_SX300.jpg
143255,https://m.media-amazon.com/images/M/MV5BMjI3NzAzNTIwMl5BMl5BanBnXkFtZTgwNDU4OTMyNzE@._V1_SX300.jpg
143257,https://m.media-amazon.com/images/M/MV5BMTU1MDk2NTI1Ml5BMl5BanBnXkFtZTgwNjkwNzE2NjE@._V1_SX300.jpg
143355,https://m.media-amazon.com/images/M/MV5BMjEzYmZkNjktODBmYi00NzNkLWIzMjItMjhkMWZiZTZlN2MwXkEyXkFqcGc@._V1_SX300.jpg
143365,https://m.media-amazon.com/images/M/MV5BMjY2OTM2Njc3Ml5BMl5BanBnXkFtZTgwNDgzODU3MTI@._V1_SX300.jpg
143367,https://m.media-amazon.com/images/M/MV5BMjY3OTk0NjA2NV5BMl5BanBnXkFtZTgwNTg3Mjc2MDI@._V1_SX300.jpg
143385,https://m.media-amazon.com/images/M/MV5BMjIxOTI0MjU5NV5BMl5BanBnXkFtZTgwNzM4OTk4NTE@._V1_SX300.jpg
143410,https://m.media-amazon.com/images/M/MV5BMzAyMzI2NDMyOV5BMl5BanBnXkFtZTgwMTc2NjIxODE@._V1_SX300.jpg
143458,https://m.media-amazon.com/images/M/MV5BMWVlYmZmYjItNzkwOC00MjViLWJmNjYtYjU1MzJkNmIyMjlkXkEyXkFqcGc@._V1_SX300.jpg
143472,https://m.media-amazon.com/images/M/MV5BMjExOTkxMTIzN15BMl5BanBnXkFtZTgwNjcxNzY2NTE@._V1_SX300.jpg
143511,https://m.media-amazon.com/images/M/MV5BYjUxNGVjN2UtNmM5MC00MGI3LTk0MGQtMzJhYzc5ODI1ZTA2XkEyXkFqcGc@._V1_SX300.jpg
143525,https://m.media-amazon.com/images/M/MV5BYjNiYzU3MzUtMmM0MS00MDQ5LTg1YzEtM2MyMjcwYTM5ZjA4XkEyXkFqcGc@._V1_SX300.jpg
143559,https://m.media-amazon.com/images/M/MV5BOWZmN2ZiMDctMmM3My00NjQ2LWI4ZWQtMmYxZjdkYzhiMzY0XkEyXkFqcGc@._V1_SX300.jpg
143859,https://m.media-amazon.com/images/M/MV5BYmE1NDE2ODUtZmVmNi00OTM3LWFkOTItZDE2NGUwMTM0YjIyXkEyXkFqcGc@._V1_SX300.jpg
143896,https://m.media-amazon.com/images/M/MV5BZjk4MjA5OGUtNjhlYS00ODgzLWE1MmEtNzBhYjlhMWFjM2RjXkEyXkFqcGc@._V1_SX300.jpg
143969,https://m.media-amazon.com/images/M/MV5BNmY0YTk4OWItZjVmNS00NzM3LWI1OTMtODMxZDY1MTYwNjI1XkEyXkFqcGc@._V1_SX300.jpg
144210,https://m.media-amazon.com/images/M/MV5BMjA1NDE5ODgzMl5BMl5BanBnXkFtZTgwNTg2MzkwNzE@._V1_SX300.jpg
144222,https://m.media-amazon.com/images/M/MV5BNzExNzkwMTA4OV5BMl5BanBnXkFtZTgwOTM4MDU3MDE@._V1_SX300.jpg
144262,https://m.media-amazon.com/images/M/MV5BNjc1NjIxMDk0MF5BMl5BanBnXkFtZTgwNjc5MzkyNjE@._V1_SX300.jpg
144352,https://m.media-amazon.com/images/M/MV5BOGQ3ZmFjODMtNGE5NS00MmFiLWJmODItNmVmNmQ1YjkwMmU5XkEyXkFqcGc@._V1_SX300.jpg
144478,https://m.media-amazon.com/images/M/MV5BMTYyMTcwNTY2Nl5BMl5BanBnXkFtZTgwODc5MDc1MjE@._V1_SX300.jpg
144522,https://m.media-amazon.com/images/M/MV5BMWZlMDZhMzMtZmU2Yy00YzA1LWI5ZGQtOTZlNDdkYWE3ZDNiXkEyXkFqcGc@._V1_SX300.jpg
144606,https://m.media-amazon.com/images/M/MV5BZjI1NDZhNDgtNjgyNS00YzJjLWJjNzctZjk3ZmZlMWNlYWI2XkEyXkFqcGc@._V1_SX300.jpg
144620,https://m.media-amazon.com/images/M/MV5BMjA1OTUzNTQ5Ml5BMl5BanBnXkFtZTgwODQ4NDkxNjE@._V1_SX300.jpg
144714,https://m.media-amazon.com/images/M/MV5BMjA4NzcwMTkzMF5BMl5BanBnXkFtZTgwMDAwNDUxNjE@._V1_SX300.jpg
144716,https://m.media-amazon.com/images/M/MV5BMTU1OTY5MjIyM15BMl5BanBnXkFtZTgwNTIwMDYyMjI@._V1_SX300.jpg
144734,https://m.media-amazon.com/images/M/MV5BMTk2MTMyMTEzN15BMl5BanBnXkFtZTgwNTE0MDYwNzE@._V1_SX300.jpg
144976,https://m.media-amazon.com/images/M/MV5BMzQ0MzE4OTUzMF5BMl5BanBnXkFtZTgwODAyNzI3NjE@._V1_SX300.jpg
145080,https://m.media-amazon.com/images/M/MV5BMjMzNDI0Njc4Nl5BMl5BanBnXkFtZTgwNDU4ODA2NTE@._V1_SX300.jpg
145150,https://m.media-amazon.com/images/M/MV5BMjA4MzAxNTc5OF5BMl5BanBnXkFtZTgwMjgzMDE4OTE@._V1_SX300.jpg
145283,https://m.media-amazon.com/images/M/MV5BMTY5NzU1NzYwMV5BMl5BanBnXkFtZTgwMjg4OTgxNjE@._V1_SX300.jpg
145418,https://m.media-amazon.com/images/M/MV5BMjM1MDc2OTQ3NV5BMl5BanBnXkFtZTgwNzQ0NjQ1NjE@._V1_SX300.jpg
145491,https://m.media-amazon.com/images/M/MV5BYjU1YjNkNTktMTBlMS00MGZkLTkzMzAtMDE4YjMxZTdjNmFmXkEyXkFqcGc@._V1_SX300.jpg
145724,https://m.media-amazon.com/images/M/MV5BMjI0ZDA3OTMtM2U2OS00ODBhLWI1MTItYjhkNGU5NjQ2NzUxXkEyXkFqcGc@._V1_SX300.jpg
145745,https://m.media-amazon.com/images/M/MV5BYzlmZjY5ODEtY2E4My00YzNmLWI4NzEtY2VkNDE5MmI1MGZlXkEyXkFqcGdeQXVyMzY2ODUzMjA@._V1_SX300.jpg
145839,https://m.media-amazon.com/images/M/MV5BMTYwNjgwNDg0NV5BMl5BanBnXkFtZTgwMzY1MjAyNzE@._V1_SX300.jpg
145935,https://m.media-amazon.com/images/M/MV5BNTE5NzMxNzkwNl5BMl5BanBnXkFtZTgwOTQ0Nzk5NzE@._V1_SX300.jpg
145951,https://m.media-amazon.com/images/M/MV5BMTQxNjg0OTI1MF5BMl5BanBnXkFtZTgwODE5MzgwMzE@._V1_SX300.jpg
145994,https://m.media-amazon.com/images/M/MV5BZmUxMTI2NjMtMDEwNy00ODA4LWJlNzYtZTQ4Nzk1NjE5Y2UxXkEyXkFqcGc@._V1_SX300.jpg
146024,https://m.media-amazon.com/images/M/MV5BOGI0OWQ0ZTgtMDQxMS00NzFiLThmNzAtMDNlMmYzNDA3Yjc0XkEyXkFqcGc@._V1_SX300.jpg
146028,https://m.media-amazon.com/images/M/MV5BYWRmNTJkMTUtMzk3Yi00MjQ5LThjYzAtNTQ0N2FlNmI4Y2Y3XkEyXkFqcGc@._V1_SX300.jpg
146210,https://m.media-amazon.com/images/M/MV5BMTYyODE5MTUwNV5BMl5BanBnXkFtZTgwMjk2MjM4NzE@._V1_SX300.jpg
146244,https://m.media-amazon.com/images/M/MV5BNjU1ZGI1MDctN2IzZi00ZDU3LTk5MTEtYTRkMTU3ZDI0ZTE4XkEyXkFqcGc@._V1_SX300.jpg
146309,https://m.media-amazon.com/images/M/MV5BMDg1ZWJlNTctZDA2MS00ZGM4LWIzNzQtMGFlNDQxZGRmZmU0XkEyXkFqcGc@._V1_SX300.jpg
146656,https://m.media-amazon.com/images/M/MV5BNWM3NjY2ZDctMGZiYy00OGFlLThkMTktOTY2MDM2YjE2OTliXkEyXkFqcGc@._V1_SX300.jpg
146662,https://m.media-amazon.com/images/M/MV5BNjY5MjQ3YTktYmE4Ni00NGQyLTlkZGItYmNiZDVhNGFmZGM1XkEyXkFqcGdeQXVyNDQ2MTMzODA@._V1_SX300.jpg
146682,https://m.media-amazon.com/images/M/MV5BM2QwZjNmNDYtZTdkNC00MzFmLWFmNWMtZDFjN2ViZjE2MjY3XkEyXkFqcGc@._V1_SX300.jpg
146684,https://m.media-amazon.com/images/M/MV5BMTYzNDIwNDAzOV5BMl5BanBnXkFtZTgwODE4NDEyNzE@._V1_SX300.jpg
146688,https://m.media-amazon.com/images/M/MV5BMjA5MzgyNTIzMF5BMl5BanBnXkFtZTgwODg1OTY1MDI@._V1_SX300.jpg
146730,https://m.media-amazon.com/images/M/MV5BMTU4NTA5Nzk3M15BMl5BanBnXkFtZTgwNDIyMDQ5NjE@._V1_SX300.jpg
146986,https://m.media-amazon.com/images/M/MV5BZTQ4NmExNzAtM2U3NC00ZTliLWExMTctNzY2ZjhhZTFiMmVlXkEyXkFqcGdeQXVyMjQzMzQzODY@._V1_SX300.jpg
147002,https://m.media-amazon.com/images/M/MV5BMTk2MjQ2NTAzOV5BMl5BanBnXkFtZTcwMTg5NzgyMQ@@._V1_SX300.jpg
147142,https://m.media-amazon.com/images/M/MV5BMjI0NzM1NTcxMV5BMl5BanBnXkFtZTcwNjM1MTAzOQ@@._V1_SX300.jpg
147196,https://m.media-amazon.com/images/M/MV5BNzY2Y2VmNTctMDBmNC00MzM0LTgwYTktODdhNGY4ZDkxYWJhXkEyXkFqcGc@._V1_SX300.jpg
147250,https://m.media-amazon.com/images/M/MV5BNzg2NzczOTEtNzU5MS00ZGJmLWI3MjMtM2MzMGFiYzE0ZWJlXkEyXkFqcGdeQXVyNzk0NTA5NQ@@._V1_SX300.jpg
147282,https://m.media-amazon.com/images/M/MV5BYzNlZmViYzAtMDA1My00M2E2LTk3YjItYmU5NmMzOWVmOTkzXkEyXkFqcGc@._V1_SX300.jpg
147286,https://m.media-amazon.com/images/M/MV5BNmYwNGNjN2QtOTc2My00NWQ5LTliMzQtNWI5MzMyMDUwZDE2XkEyXkFqcGc@._V1_SX300.jpg
147300,https://m.media-amazon.com/images/M/MV5BNTE4YWVlOGMtOTk3My00NDAzLWJiZDgtODYyN2YwYWY4OGQ2XkEyXkFqcGc@._V1_SX300.jpg
147326,https://m.media-amazon.com/images/M/MV5BNjE1M2Q3N2ItYTJkYS00ODU2LWFkNjYtZGQzYjQ0NDRkYjE4XkEyXkFqcGdeQXVyNjExODE1MDc@._V1_SX300.jpg
147328,https://m.media-amazon.com/images/M/MV5BYzI2NzU4OTUtMjhiYi00NmY4LTgzNzQtOTc3MTUyNWZmZTJkXkEyXkFqcGdeQXVyNjExODE1MDc@._V1_SX300.jpg
147330,https://m.media-amazon.com/images/M/MV5BMzQ2YmRhYjEtNTg3Yi00NDBjLTg3YmMtODUwNmYzMDYwN2Q3XkEyXkFqcGc@._V1_SX300.jpg
147372,https://m.media-amazon.com/images/M/MV5BMjAyNTUzMjEzNV5BMl5BanBnXkFtZTgwMTU4MDE4MzE@._V1_SX300.jpg
147374,https://m.media-amazon.com/images/M/MV5BMTAzMTY1NzQyNjdeQTJeQWpwZ15BbWU3MDM0ODI1MTc@._V1_SX300.jpg
147376,https://m.media-amazon.com/images/M/MV5BMTg1MDI1MDEyMl5BMl5BanBnXkFtZTcwNzcwNTMyNA@@._V1_SX300.jpg
147378,https://m.media-amazon.com/images/M/MV5BOGNmYTA1ZjQtNWI0Ny00Mjg1LWE0ODMtNDc4M2RmNTg3MTBkXkEyXkFqcGc@._V1_SX300.jpg
147380,https://m.media-amazon.com/images/M/MV5BMTMxOWJkZTItMzBhYy00YjcxLWI1ZjQtNGM1Yjk3Mjg5MjlkXkEyXkFqcGc@._V1_SX300.jpg
147382,https://m.media-amazon.com/images/M/MV5BZjIyOTVhMDktZjBiMC00YTdkLWEwZDUtYmJkNTU4ZGJlYmJiXkEyXkFqcGc@._V1_SX300.jpg
147384,https://m.media-amazon.com/images/M/MV5BMTg0NTcwODMwMV5BMl5BanBnXkFtZTYwNTY1MTM3._V1_SX300.jpg
147410,https://m.media-amazon.com/images/M/MV5BMTUwNjgzOTQ4OV5BMl5BanBnXkFtZTgwMjA5OTM2NTE@._V1_SX300.jpg
147657,https://m.media-amazon.com/images/M/MV5BNjQ4OGU4MTEtM2E5Ny00YTI3LTkzODgtNmFhZjEwOGRmZjc0XkEyXkFqcGc@._V1_SX300.jpg
147662,https://m.media-amazon.com/images/M/MV5BZGE2MGFkZDItMjIwYS00YmI3LTg3OTktNzgyNjg0YjkwNWIyXkEyXkFqcGc@._V1_SX300.jpg
147936,https://m.media-amazon.com/images/M/MV5BZjYzZWY2OGMtOTc5ZC00N2M5LTg4YzgtZTM0ZDgyYjQzNTMzXkEyXkFqcGc@._V1_SX300.jpg
148166,https://m.media-amazon.com/images/M/MV5BMTU1MDcxODk2OV5BMl5BanBnXkFtZTgwNzA5Nzc2NTE@._V1_SX300.jpg
148172,https://m.media-amazon.com/images/M/MV5BMjQwOTc0Mzg3Nl5BMl5BanBnXkFtZTgwOTg3NjI2NzE@._V1_SX300.jpg
148238,https://m.media-amazon.com/images/M/MV5BMTY3MDI2NjAzMl5BMl5BanBnXkFtZTgwNDY4NDgyNzE@._V1_SX300.jpg
148424,https://m.media-amazon.com/images/M/MV5BNTMwNzkxMDUxN15BMl5BanBnXkFtZTgwOTM5NjQzNzE@._V1_SX300.jpg
148482,https://m.media-amazon.com/images/M/MV5BMzkxNjU2MzMzOF5BMl5BanBnXkFtZTgwOTA3Mjg4NjE@._V1_SX300.jpg
148592,https://m.media-amazon.com/images/M/MV5BMTk3NjE1NzM2Ml5BMl5BanBnXkFtZTgwMzI1NDQ3NTE@._V1_SX300.jpg
148626,https://m.media-amazon.com/images/M/MV5BZDZkNDQ3YjktYjBlZC00YTY1LTgxOGYtY2RhMWFhZmNkZGY3XkEyXkFqcGc@._V1_SX300.jpg
148632,https://m.media-amazon.com/images/M/MV5BNDAzNDYzODM0MV5BMl5BanBnXkFtZTgwMDMxMTkxNzE@._V1_SX300.jpg
148652,https://m.media-amazon.com/images/M/MV5BNzM2NWQzMzAtYzdiNi00YTk0LWEyNjQtOTJkMTk4YTdlYmY2XkEyXkFqcGc@._V1_SX300.jpg
148667,https://m.media-amazon.com/images/M/MV5BMzA3NjgyNDMtMTFkMS00Zjg4LWI0N2UtZGU2ODE4OTA0M2YyXkEyXkFqcGc@._V1_SX300.jpg
148671,https://m.media-amazon.com/images/M/MV5BMzA5MDQwYWEtYjIxYy00YTYzLWI0NzAtNzRjNGU2OTg5MzgwXkEyXkFqcGc@._V1_SX300.jpg
148675,https://m.media-amazon.com/images/M/MV5BYjlmYmQzOTktYjlmZi00ODFlLWEwNzItZDMxYWQyNDM3YTA2XkEyXkFqcGc@._V1_SX300.jpg
148709,https://m.media-amazon.com/images/M/MV5BMjM1OTE1OTUwN15BMl5BanBnXkFtZTgwMjA3NTkzNzE@._V1_SX300.jpg
148775,https://m.media-amazon.com/images/M/MV5BNGM2OTMxOTAtZWU3Ni00OTY1LWFjYzgtMjRlZDIyYWYzMDY5XkEyXkFqcGc@._V1_SX300.jpg
148881,https://m.media-amazon.com/images/M/MV5BN2Y2Y2U3MDgtZmFkYi00YzRmLTllMDQtYTlmMjg3Nzc3MmE3XkEyXkFqcGc@._V1_SX300.jpg
148888,https://m.media-amazon.com/images/M/MV5BZjM2NDEwOWQtOGMyOS00ZjVhLWEyNDUtNzQ0M2Y5ODFhNWE5XkEyXkFqcGc@._V1_SX300.jpg
148956,https://m.media-amazon.com/images/M/MV5BNzI4MDMwMzUwNF5BMl5BanBnXkFtZTgwMDgyNzkyNzE@._V1_SX300.jpg
148978,https://m.media-amazon.com/images/M/MV5BMjA5OTgwNDU4MV5BMl5BanBnXkFtZTcwMDcwMTI4OQ@@._V1_SX300.jpg
148982,https://m.media-amazon.com/images/M/MV5BMTk5NDI0NjM5Ml5BMl5BanBnXkFtZTcwMzA5MTgzMQ@@._V1_SX300.jpg
149011,https://m.media-amazon.com/images/M/MV5BMTQ4MzcwMzAwOV5BMl5BanBnXkFtZTgwMzk0MzgyNzE@._V1_SX300.jpg
149144,https://m.media-amazon.com/images/M/MV5BODA4NTlhYmQtMDQ2Yy00NWQxLWE2NzMtZWYwOTM5NzAwODUwXkEyXkFqcGc@._V1_SX300.jpg
149146,https://m.media-amazon.com/images/M/MV5BNmQ0MzJlMjAtZDk4ZS00M2Y3LThlNWQtZGExY2IyODNjYTdkXkEyXkFqcGc@._V1_SX300.jpg
149330,https://m.media-amazon.com/images/M/MV5BMjE1NzY2NDM5NF5BMl5BanBnXkFtZTgwMzcxNTc1MzE@._V1_SX300.jpg
149334,https://m.media-amazon.com/images/M/MV5BMTYwMzMwMzgxNl5BMl5BanBnXkFtZTgwMTA0MTUzMDI@._V1_SX300.jpg
149350,https://m.media-amazon.com/images/M/MV5BZDA5OTNkZWMtNjQ1MC00NThkLWI3ODAtNjM1MTYxMTdkMWU0XkEyXkFqcGdeQXVyMjQwMjk0NjI@._V1_SX300.jpg
149352,https://m.media-amazon.com/images/M/MV5BMTQ0OTE1MTk4N15BMl5BanBnXkFtZTgwMDM5OTk5NjE@._V1_SX300.jpg
149354,https://m.media-amazon.com/images/M/MV5BMjM3MzQ5NDE5MF5BMl5BanBnXkFtZTgwODE5OTQyNzE@._V1_SX300.jpg
149380,https://m.media-amazon.com/images/M/MV5BNDE4MDQxZGItODA5Yi00NmUwLTgxMTctYTJmMzQyOGFmODhlXkEyXkFqcGc@._V1_SX300.jpg
149406,https://m.media-amazon.com/images/M/MV5BMTUyNzgxNjg2M15BMl5BanBnXkFtZTgwMTY1NDI1NjE@._V1_SX300.jpg
149508,https://m.media-amazon.com/images/M/MV5BMTc3NzAwOTk1MF5BMl5BanBnXkFtZTgwMTY2MTAzMjE@._V1_SX300.jpg
149566,https://m.media-amazon.com/images/M/MV5BMTc4MDYzOTY0MV5BMl5BanBnXkFtZTcwNjM0MjQwOA@@._V1_SX300.jpg
149590,https://m.media-amazon.com/images/M/MV5BMTQ4NTk0OTE5OF5BMl5BanBnXkFtZTgwNDI0MjI5NzE@._V1_SX300.jpg
149612,https://m.media-amazon.com/images/M/MV5BMTU4OTQ4Nzg4MV5BMl5BanBnXkFtZTgwNjk0MTQyMjE@._V1_SX300.jpg
149830,https://m.media-amazon.com/images/M/MV5BMjE1MzA3NzYxMl5BMl5BanBnXkFtZTgwMzQ0NDA5NzE@._V1_SX300.jpg
149902,https://m.media-amazon.com/images/M/MV5BZjU5Mjk1MWEtMDQ0OC00NmY1LTlhN2UtODQ5ODE0ODk3NTliXkEyXkFqcGc@._V1_SX300.jpg
150254,https://m.media-amazon.com/images/M/MV5BNTQzOTIxNTA5OV5BMl5BanBnXkFtZTgwODc3NzQ1MTI@._V1_SX300.jpg
150401,https://m.media-amazon.com/images/M/MV5BNzYyMTA0MzAtYzAwNy00NjhmLTk1ZTMtMzU0YTY2M2I0NWU3XkEyXkFqcGc@._V1_SX300.jpg
150548,https://m.media-amazon.com/images/M/MV5BZWFkYTM4OWMtODIyMC00MWM4LThiZjMtMjBlNTMyMDcxOTA4XkEyXkFqcGc@._V1_SX300.jpg
150554,https://m.media-amazon.com/images/M/MV5BMTcyODQ4NzQyM15BMl5BanBnXkFtZTcwMjY5NTUyMQ@@._V1_SX300.jpg
150596,https://m.media-amazon.com/images/M/MV5BN2U5ZmY2MzQtNzZhYS00ZDI2LTk3MjYtZDcwNDllNTgxMDljXkEyXkFqcGc@._V1_SX300.jpg
150604,https://m.media-amazon.com/images/M/MV5BMjQyNzU4MjMyNF5BMl5BanBnXkFtZTgwMDQ0NzQ0NzE@._V1_SX300.jpg
150696,https://m.media-amazon.com/images/M/MV5BNjhlNGI4NzktYWQyMS00NTVhLTgwOTUtNDZlZWEyNjM5M2Y1XkEyXkFqcGc@._V1_SX300.jpg
150993,https://m.media-amazon.com/images/M/MV5BNTdiNjY4MzItNWFkOC00NWQwLWIzYTUtNjA5M2ViYWVkMTkwXkEyXkFqcGc@._V1_SX300.jpg
151311,https://m.media-amazon.com/images/M/MV5BMTc5ODU5MTM0OV5BMl5BanBnXkFtZTgwOTAzNzIwOTE@._V1_SX300.jpg
151315,https://m.media-amazon.com/images/M/MV5BMTU4ODAzMzcxOV5BMl5BanBnXkFtZTgwODkxMDI1NjE@._V1_SX300.jpg
151317,https://m.media-amazon.com/images/M/MV5BYWI1MDRmNTItYTFmZS00MjFmLWI4OTEtODQ0N2M3OGRjOWY4XkEyXkFqcGc@._V1_SX300.jpg
151455,https://m.media-amazon.com/images/M/MV5BMTUxOTc5MTU1NF5BMl5BanBnXkFtZTgwODYyNTA1NzE@._V1_SX300.jpg
151479,https://m.media-amazon.com/images/M/MV5BMjA1MjA2NzE4NV5BMl5BanBnXkFtZTcwMDI0MTkxMQ@@._V1_SX300.jpg
151501,https://m.media-amazon.com/images/M/MV5BMjAwMzk1MDI1OF5BMl5BanBnXkFtZTgwMDYxODkzNzE@._V1_SX300.jpg
151557,https://m.media-amazon.com/images/M/MV5BMjE4MDY0Mjk0MV5BMl5BanBnXkFtZTgwMTkzMDY0NjE@._V1_SX300.jpg
151559,https://m.media-amazon.com/images/M/MV5BMTY3MTc1MjY3Ml5BMl5BanBnXkFtZTgwNDU2ODcxNzE@._V1_SX300.jpg
151653,https://m.media-amazon.com/images/M/MV5BZTljZWE3YjctNDlhNi00Yjk5LTg5MzEtMDYyNzJlZjg5ZGU0XkEyXkFqcGc@._V1_SX300.jpg
151687,https://m.media-amazon.com/images/M/MV5BMTAzNjQ1Mzk2MjNeQTJeQWpwZ15BbWU4MDU0MDk1Mjcx._V1_SX300.jpg
151695,https://m.media-amazon.com/images/M/MV5BNWRkNDkyOGItNzZjYS00MjcwLTljMWMtZjdmOTBmZGMzMzAyXkEyXkFqcGc@._V1_SX300.jpg
151739,https://m.media-amazon.com/images/M/MV5BMzk0NzkyNDk2M15BMl5BanBnXkFtZTgwNDczOTU3NzE@._V1_SX300.jpg
151745,https://m.media-amazon.com/images/M/MV5BZmZiZDUxYzMtYWFmZC00OTEzLWE1MjAtOTY2MDJjODdmZDBlXkEyXkFqcGc@._V1_SX300.jpg
151759,https://m.media-amazon.com/images/M/MV5BNDgwNDE3ZWEtZjI1Yy00ZDkxLWEwMDYtYTY3YzY2M2IxNGVjXkEyXkFqcGc@._V1_SX300.jpg
151763,https://m.media-amazon.com/images/M/MV5BNDA5NzZjYjUtZjQ4Mi00MzVlLWI5OTktYmFjZjg3MjJlMjQ3XkEyXkFqcGc@._V1_SX300.jpg
151769,https://m.media-amazon.com/images/M/MV5BNzNmNjlhYWQtZDQ4Mi00ZWM5LTg4ZGMtOWY3MDcwMTYxZDljXkEyXkFqcGc@._V1_SX300.jpg
151777,https://m.media-amazon.com/images/M/MV5BNTY1MDU1NzYzN15BMl5BanBnXkFtZTgwOTA0MDQyNzE@._V1_SX300.jpg
151781,https://m.media-amazon.com/images/M/MV5BMTk3MzU1NDA3N15BMl5BanBnXkFtZTcwNDExNDg0MQ@@._V1_SX300.jpg
152037,https://m.media-amazon.com/images/M/MV5BMTUxMDM3OTk0OF5BMl5BanBnXkFtZTgwOTk4MDk4NzE@._V1_SX300.jpg
152063,https://m.media-amazon.com/images/M/MV5BNjExODg3MDUzNl5BMl5BanBnXkFtZTgwNjExMjE3NzE@._V1_SX300.jpg
152065,https://m.media-amazon.com/images/M/MV5BMjIwNjA0NzM3Ml5BMl5BanBnXkFtZTgwNjU4NTQ0NzE@._V1_SX300.jpg
152071,https://m.media-amazon.com/images/M/MV5BMTQ3MDM1MDU2NF5BMl5BanBnXkFtZTgwMzM3OTIzNzE@._V1_SX300.jpg
152077,https://m.media-amazon.com/images/M/MV5BMjEzMjczOTIxMV5BMl5BanBnXkFtZTgwOTUwMjI3NzE@._V1_SX300.jpg
152079,https://m.media-amazon.com/images/M/MV5BMTY1ODY2MTgwM15BMl5BanBnXkFtZTgwOTY3Nzc3NzE@._V1_SX300.jpg
152081,https://m.media-amazon.com/images/M/MV5BOTMyMjEyNzIzMV5BMl5BanBnXkFtZTgwNzIyNjU0NzE@._V1_SX300.jpg
152083,https://m.media-amazon.com/images/M/MV5BMjIxOTIzMTM5OF5BMl5BanBnXkFtZTgwNDIxNTA1NzE@._V1_SX300.jpg
152085,https://m.media-amazon.com/images/M/MV5BNTg0ZTM4MWItNTdkOC00ZWY4LTkyMDEtM2I3MDUwNWE1MzFhXkEyXkFqcGc@._V1_SX300.jpg
152091,https://m.media-amazon.com/images/M/MV5BMjE0NTE3MjMwNV5BMl5BanBnXkFtZTgwMDc5NjQxODE@._V1_SX300.jpg
152105,https://m.media-amazon.com/images/M/MV5BMmE3MTUzN2MtNTE4Zi00MmQ0LWFjOTAtODBjOTVhNWFiODkyXkEyXkFqcGc@._V1_SX300.jpg
152173,https://m.media-amazon.com/images/M/MV5BODhhZjJlYTktZDQ2MS00Yzk4LWFlOTQtYTgyOGE1ZGE5YWEyL2ltYWdlXkEyXkFqcGdeQXVyMzA5MjgyMjI@._V1_SX300.jpg
152270,https://m.media-amazon.com/images/M/MV5BNzg5NmI0NGYtZmY1MS00Yjk3LWJkY2ItZTE5MTc1MmE4MGJhXkEyXkFqcGdeQXVyMjYyNzc4MQ@@._V1_SX300.jpg
152284,https://m.media-amazon.com/images/M/MV5BMTUxNzY5MzgwNV5BMl5BanBnXkFtZTgwNDM0NDgxNzE@._V1_SX300.jpg
152372,https://m.media-amazon.com/images/M/MV5BMTU1NDg3NjE5MF5BMl5BanBnXkFtZTgwNzQxNjA3NzE@._V1_SX300.jpg
152591,https://m.media-amazon.com/images/M/MV5BMmZhOWNlMDEtN2M1OC00Yzk5LThhOTAtZDA5NTNjNjQyZDM0XkEyXkFqcGc@._V1_SX300.jpg
152658,https://m.media-amazon.com/images/M/MV5BNGEyYzE2ZGUtMGVlMi00ZDdhLWEyYjctYmJlNDczYjhjZWVjL2ltYWdlXkEyXkFqcGdeQXVyNjczMzc5NzQ@._V1_SX300.jpg
152711,https://m.media-amazon.com/images/M/MV5BMTc2MDQyNDIwNV5BMl5BanBnXkFtZTgwNzk0Nzc1NDE@._V1_SX300.jpg
152970,https://m.media-amazon.com/images/M/MV5BMjI1MDQ2MDg5Ml5BMl5BanBnXkFtZTgwMjc2NjM5ODE@._V1_SX300.jpg
153070,https://m.media-amazon.com/images/M/MV5BNDkzN2Q1ODYtYmNkNC00MjE2LTgwZTEtNDQ4OTUyZTBmYWIxXkEyXkFqcGc@._V1_SX300.jpg
153236,https://m.media-amazon.com/images/M/MV5BM2Y2NjQ0MDktZTI2ZS00ZGQ5LWIzYTYtNWU0ZmRmZTk1NTRmXkEyXkFqcGc@._V1_SX300.jpg
153386,https://m.media-amazon.com/images/M/MV5BMjA1ODQ3NjcxNF5BMl5BanBnXkFtZTgwMjgzODgyMTE@._V1_SX300.jpg
153408,https://m.media-amazon.com/images/M/MV5BMTUzNjI1ODM3M15BMl5BanBnXkFtZTcwNDk3OTc0NA@@._V1_SX300.jpg
154065,https://m.media-amazon.com/images/M/MV5BYjExZGM1NjYtYmEwYy00ZDMxLTgxMDEtYjZkNWIyYjM3YWY0XkEyXkFqcGc@._V1_SX300.jpg
154358,https://m.media-amazon.com/images/M/MV5BMTk5MTIyNzE2MF5BMl5BanBnXkFtZTgwOTAxMzk3NjE@._V1_SX300.jpg
154975,https://m.media-amazon.com/images/M/MV5BY2MyMTgzMGUtOTIyMS00NTJlLWIyZDQtMzA4YjYxMThhY2ZkXkEyXkFqcGc@._V1_SX300.jpg
155064,https://m.media-amazon.com/images/M/MV5BNTAyOTkxNTQ3NV5BMl5BanBnXkFtZTgwMjQ1NzQxOTE@._V1_SX300.jpg
155168,https://m.media-amazon.com/images/M/MV5BMTQzNDExNDk3OF5BMl5BanBnXkFtZTgwMTgyNjAzMTE@._V1_SX300.jpg
155288,https://m.media-amazon.com/images/M/MV5BNTY4Nzg5MTU0OV5BMl5BanBnXkFtZTgwMjY2MjU2NzE@._V1_SX300.jpg
155358,https://m.media-amazon.com/images/M/MV5BMTcyYzg5M2MtN2Y4Yi00NzEwLTkzMDItMTI1Y2JiOWFhNzgxXkEyXkFqcGc@._V1_SX300.jpg
155509,https://m.media-amazon.com/images/M/MV5BOTcxNjUyOTMwOV5BMl5BanBnXkFtZTgwMzUxMDk4NzE@._V1_SX300.jpg
155589,https://m.media-amazon.com/images/M/MV5BNGFlM2VlNGYtNmYzMC00NWM4LThmOWQtNWU3NzJiZGI2ZThlXkEyXkFqcGc@._V1_SX300.jpg
155659,https://m.media-amazon.com/images/M/MV5BMjA0Mzc4MjMxMl5BMl5BanBnXkFtZTgwODIwNTQxODE@._V1_SX300.jpg
155743,https://m.media-amazon.com/images/M/MV5BNTA1MjMzNDM2M15BMl5BanBnXkFtZTgwNTg3NzQ1NzE@._V1_SX300.jpg
155774,https://m.media-amazon.com/images/M/MV5BMjE0ODM0MDg1NV5BMl5BanBnXkFtZTgwNjgxMjUzODE@._V1_SX300.jpg
155812,https://m.media-amazon.com/images/M/MV5BMjM4NzQyNDk0MV5BMl5BanBnXkFtZTgwNjcxMDk4NzE@._V1_SX300.jpg
155820,https://m.media-amazon.com/images/M/MV5BMTUwODA0NzQxMl5BMl5BanBnXkFtZTgwNzUyMjY3ODE@._V1_SX300.jpg
155892,https://m.media-amazon.com/images/M/MV5BMjM3ODQxNDg5Ml5BMl5BanBnXkFtZTgwNTc4OTEyODE@._V1_SX300.jpg
156025,https://m.media-amazon.com/images/M/MV5BMTBkOTUyNzUtYjU4OC00ZjU4LWExZmItZjNjYWFhYmRiNDAyXkEyXkFqcGc@._V1_SX300.jpg
156371,https://m.media-amazon.com/images/M/MV5BMTk2NDcyNDE5N15BMl5BanBnXkFtZTgwNDA0MzQ1NzE@._V1_SX300.jpg
156387,https://m.media-amazon.com/images/M/MV5BMjEzODA3MDcxMl5BMl5BanBnXkFtZTgwODgxNDk3NzE@._V1_SX300.jpg
156553,https://m.media-amazon.com/images/M/MV5BNDlkMmJjMWMtN2FhNi00OWM4LTgxMGUtYWVlMjU2NzBmYWE1XkEyXkFqcGc@._V1_SX300.jpg
156605,https://m.media-amazon.com/images/M/MV5BMTUzODA4Nzk0OF5BMl5BanBnXkFtZTgwNzE1MDIwMDI@._V1_SX300.jpg
156607,https://m.media-amazon.com/images/M/MV5BMjY0YTM4ZTAtZjliYS00YzgwLTg0NWEtYzgwNWViMTNiOTQ1XkEyXkFqcGc@._V1_SX300.jpg
156609,https://m.media-amazon.com/images/M/MV5BMTY0NzUxMDUzN15BMl5BanBnXkFtZTgwNzI2MTY4ODE@._V1_SX300.jpg
156675,https://m.media-amazon.com/images/M/MV5BYWZhMGRkMjYtNTAzNy00N2RjLTk3MjctNzdlYzA3MjFjMDJmXkEyXkFqcGc@._V1_SX300.jpg
156706,https://m.media-amazon.com/images/M/MV5BMTA4NjE3OTk1MzdeQTJeQWpwZ15BbWU4MDMwMTk1Mjgx._V1_SX300.jpg
156726,https://m.media-amazon.com/images/M/MV5BZjQ0YTU4OTQtMTU3Zi00OTdlLTkzN2EtZjlmOTZhNjIwN2VkXkEyXkFqcGc@._V1_SX300.jpg
156781,https://m.media-amazon.com/images/M/MV5BMTY3NTg0MjUyOF5BMl5BanBnXkFtZTcwOTA2MjQxMw@@._V1_SX300.jpg
156783,https://m.media-amazon.com/images/M/MV5BMGM1MjBkYWQtNjNlOS00YzM1LTg2MDYtNmQxOThjYzUzODI3XkEyXkFqcGdeQXVyNjMxMzM3NDI@._V1_SX300.jpg
157108,https://m.media-amazon.com/images/M/MV5BMTI3MjkxODczN15BMl5BanBnXkFtZTcwNDAyMDQyMQ@@._V1_SX300.jpg
157110,https://m.media-amazon.com/images/M/MV5BOTQzMzQzMTkyNV5BMl5BanBnXkFtZTcwNjI4NTAyMQ@@._V1_SX300.jpg
157122,https://m.media-amazon.com/images/M/MV5BMTU3Njg4MDM3OV5BMl5BanBnXkFtZTgwMjE5ODM3ODE@._V1_SX300.jpg
157130,https://m.media-amazon.com/images/M/MV5BMTgxNTkyOTU4MF5BMl5BanBnXkFtZTgwNzI4MjQxODE@._V1_SX300.jpg
157172,https://m.media-amazon.com/images/M/MV5BYWNjZDkxZWYtYWEyNi00YWQ2LTk1MzctOTg5M2Q4YWY1YmVlXkEyXkFqcGdeQXVyMTQ2MjQyNDc@._V1_SX300.jpg
157200,https://m.media-amazon.com/images/M/MV5BMTgzMjU1NDUwMl5BMl5BanBnXkFtZTgwODg1NjY0ODE@._V1_SX300.jpg
157270,https://m.media-amazon.com/images/M/MV5BMzUxMzM5MjIxNF5BMl5BanBnXkFtZTgwMDk1NzMzNzE@._V1_SX300.jpg
157296,https://m.media-amazon.com/images/M/MV5BY2VlYWJjMGMtYjcwZC00MDE2LThmMDItYjVlMzNhYzBhYTk5XkEyXkFqcGc@._V1_SX300.jpg
157312,https://m.media-amazon.com/images/M/MV5BMjQzNTUwNDU0OV5BMl5BanBnXkFtZTgwNzU5NTAwODE@._V1_SX300.jpg
157340,https://m.media-amazon.com/images/M/MV5BMTY3MjU0NDA0OF5BMl5BanBnXkFtZTgwNTc0MTU3OTE@._V1_SX300.jpg
157369,https://m.media-amazon.com/images/M/MV5BMGQ1ZjM1N2YtZGY2OC00MWZlLWFlNmYtZTMxMjExZmVkOWZjXkEyXkFqcGc@._V1_SX300.jpg
157407,https://m.media-amazon.com/images/M/MV5BZTMzMjZkYTktZDA2ZC00MzQyLTlkODUtZjdkM2VlMTIyNDQ0XkEyXkFqcGc@._V1_SX300.jpg
157432,https://m.media-amazon.com/images/M/MV5BMjA1OTc3NDUyMF5BMl5BanBnXkFtZTgwMTAxMDIxODE@._V1_SX300.jpg
157699,https://m.media-amazon.com/images/M/MV5BMTg2MzYzNzgzOF5BMl5BanBnXkFtZTgwOTg4NzQ4OTE@._V1_SX300.jpg
157775,https://m.media-amazon.com/images/M/MV5BZDM3ZTY1YTktZDdjYS00YmY0LWI2ZGQtOTUxYmM1NWJlOTE3XkEyXkFqcGc@._V1_SX300.jpg
157865,https://m.media-amazon.com/images/M/MV5BNDMxMjkzOTEzOV5BMl5BanBnXkFtZTgwNDExNjk5NzE@._V1_SX300.jpg
158022,https://m.media-amazon.com/images/M/MV5BMGI5YmFlYjQtMWYyMy00NDZlLTlmMWYtMWQ0MmM0MjJmY2Y3XkEyXkFqcGc@._V1_SX300.jpg
158027,https://m.media-amazon.com/images/M/MV5BYzQ1MzJiNDEtMTJmZi00ZTQ5LWJmOGYtM2EyYzliNjU4M2I0XkEyXkFqcGc@._V1_SX300.jpg
158035,https://m.media-amazon.com/images/M/MV5BMWM1N2UzNWMtMGVkYS00MjM5LTg3ODMtOTZhODMxY2E0MzY3XkEyXkFqcGc@._V1_SX300.jpg
158238,https://m.media-amazon.com/images/M/MV5BM2YwNWZlZGEtYTEyZi00NjdjLWEwM2ItM2Q2MDMwZjkzMjk0XkEyXkFqcGc@._V1_SX300.jpg
158254,https://m.media-amazon.com/images/M/MV5BYzRjZDZlNjMtMDNkNS00OTQyLThjOGMtZjdjYTNmYzYwZDRiXkEyXkFqcGc@._V1_SX300.jpg
158388,https://m.media-amazon.com/images/M/MV5BZTM0YmZjZWQtMjlmMS00MGIwLTlkZDUtZDY1ZTUwMjEwZjU2XkEyXkFqcGc@._V1_SX300.jpg
158398,https://m.media-amazon.com/images/M/MV5BZDMzYWM0MDEtMTkwNy00OGUzLWJkMTMtZDkzNTA0YzcxZWQ5XkEyXkFqcGc@._V1_SX300.jpg
158402,https://m.media-amazon.com/images/M/MV5BMTAyZmU0ZDgtOTQxNS00YTMxLWI3NTItODljYTI3N2NiNDA0XkEyXkFqcGc@._V1_SX300.jpg
158528,https://m.media-amazon.com/images/M/MV5BMjA1MTA4MzU4Ml5BMl5BanBnXkFtZTgwNjUxNjczODE@._V1_SX300.jpg
158721,https://m.media-amazon.com/images/M/MV5BMDI5YmJmNDEtMDlmNS00Y2RjLThjY2ItNzYxNGQwNjYyYzYzXkEyXkFqcGc@._V1_SX300.jpg
158783,https://m.media-amazon.com/images/M/MV5BOTllZDI1OGItOGUxNS00OGZhLWIzMjAtYzllZTY1YTA0ZmYwXkEyXkFqcGc@._V1_SX300.jpg
158813,https://m.media-amazon.com/images/M/MV5BMTc2NjExMTIyN15BMl5BanBnXkFtZTgwMjg0OTIwODE@._V1_SX300.jpg
158830,https://m.media-amazon.com/images/M/MV5BNjAzOTUzNTY3Ml5BMl5BanBnXkFtZTgwMjYwNzE5ODE@._V1_SX300.jpg
158842,https://m.media-amazon.com/images/M/MV5BMTQ5NTI2NDc3NF5BMl5BanBnXkFtZTgwNDA3ODk2MTI@._V1_SX300.jpg
158872,https://m.media-amazon.com/images/M/MV5BMjkxOTk1MzY4MF5BMl5BanBnXkFtZTgwODQzOTU5ODE@._V1_SX300.jpg
158874,https://m.media-amazon.com/images/M/MV5BZTYwZjNhYTUtMDZmMy00NjM0LWFjNDYtNGFkZWZhOGU4NTk3XkEyXkFqcGdeQXVyMTY5Nzc4MDY@._V1_SX300.jpg
158882,https://m.media-amazon.com/images/M/MV5BZTUwMjhiYmYtMjRhZi00MmRlLWJiNmEtZWQyMTIyMDFiOTAwXkEyXkFqcGc@._V1_SX300.jpg
158956,https://m.media-amazon.com/images/M/MV5BMDk3ZTJjMjUtMmZlMC00NjZiLWE0ZWEtOGIxOTRkZGJhN2I1XkEyXkFqcGc@._V1_SX300.jpg
158966,https://m.media-amazon.com/images/M/MV5BMjE5OTM0OTY5NF5BMl5BanBnXkFtZTgwMDcxOTQ3ODE@._V1_SX300.jpg
158972,https://m.media-amazon.com/images/M/MV5BODNiNmE5OWMtNDAxMy00YTQzLThjMGItMTAwOTNlNGM2ZDlhXkEyXkFqcGc@._V1_SX300.jpg
159061,https://m.media-amazon.com/images/M/MV5BODkwMTgxNjA2NF5BMl5BanBnXkFtZTgwMDc0OTcwOTE@._V1_SX300.jpg
159069,https://m.media-amazon.com/images/M/MV5BOGZlOWMzNGMtN2M0My00YmZmLTkyY2UtMzkzZWM1NjU4ZTkzXkEyXkFqcGc@._V1_SX300.jpg
159077,https://m.media-amazon.com/images/M/MV5BMTc0NDQ2Njk4Nl5BMl5BanBnXkFtZTgwMTQwMDMyODE@._V1_SX300.jpg
159093,https://m.media-amazon.com/images/M/MV5BOTVjNTA0ZWEtNzU2Ny00Njg1LWE1MmEtZTUyZGQzYTVlY2Q5XkEyXkFqcGc@._V1_SX300.jpg
159161,https://m.media-amazon.com/images/M/MV5BMDJmZjQxODMtN2I4Yi00OGUzLWJmOWEtOTc1N2Q2MTE0M2JmXkEyXkFqcGc@._V1_SX300.jpg
159193,https://m.media-amazon.com/images/M/MV5BOGNiYzM4ZGUtYzk3MC00MWQ1LWI5NGEtZWYzMzMxOTQ4ZDA0XkEyXkFqcGc@._V1_SX300.jpg
159403,https://m.media-amazon.com/images/M/MV5BYTAyN2RkYmQtNGRjOS00MTU2LWJhNjctM2Q3OWExYTI5MDZjXkEyXkFqcGc@._V1_SX300.jpg
159415,https://m.media-amazon.com/images/M/MV5BMTk0OTEyMjM1OF5BMl5BanBnXkFtZTgwMzMzODM4ODE@._V1_SX300.jpg
159441,https://m.media-amazon.com/images/M/MV5BMTYyNDY2NzAxNV5BMl5BanBnXkFtZTgwOTMxMzg2ODE@._V1_SX300.jpg
159510,https://m.media-amazon.com/images/M/MV5BODhhZWNiZWMtNTBjZi00ODUyLTk0ODgtZjk1YTcxZjgyODNkXkEyXkFqcGc@._V1_SX300.jpg
159690,https://m.media-amazon.com/images/M/MV5BZDgyNWExMzUtOTAyMy00ZjkzLWFhNzgtZTFhOTBmN2RhZGJhXkEyXkFqcGc@._V1_SX300.jpg
159717,https://m.media-amazon.com/images/M/MV5BMTA1Mjc4ODI0NzReQTJeQWpwZ15BbWU4MDQ3MzAwMjkx._V1_SX300.jpg
159755,https://m.media-amazon.com/images/M/MV5BMjMxMzk2ODI4N15BMl5BanBnXkFtZTgwNzgzNzQ5ODE@._V1_SX300.jpg
159779,https://m.media-amazon.com/images/M/MV5BNTBkZThmZTYtY2Q2MS00MmQzLWFlYzMtNmFkNGRlZGIwOTY0XkEyXkFqcGc@._V1_SX300.jpg
159811,https://m.media-amazon.com/images/M/MV5BY2IxNWZlNDktMmZhNC00NzVmLWFlMTYtZjgwMWRlYmFkZmQ3XkEyXkFqcGc@._V1_SX300.jpg
159817,https://m.media-amazon.com/images/M/MV5BY2NjNDUzOTgtMDFmNC00ZGQ4LWE5MDctMzczNGVlOGU1N2MyXkEyXkFqcGc@._V1_SX300.jpg
159849,https://m.media-amazon.com/images/M/MV5BMDgzZTA0NTYtOTBlMS00MWUyLTg2YzQtYmM0MGVhOGU4OTE4XkEyXkFqcGc@._V1_SX300.jpg
159858,https://m.media-amazon.com/images/M/MV5BOTRkMDlmZWEtMzQyYy00YzgyLTgwM2QtNzgxYmIwNGVlYmJlXkEyXkFqcGc@._V1_SX300.jpg
159976,https://m.media-amazon.com/images/M/MV5BMTg2NzQwMzQyMF5BMl5BanBnXkFtZTgwNzkzODk2ODE@._V1_SX300.jpg
160080,https://m.media-amazon.com/images/M/MV5BZjNhMzU5MjgtY2VhMC00NzZmLTk1YTEtMDc5OGU1OWJiMTE4XkEyXkFqcGc@._V1_SX300.jpg
160271,https://m.media-amazon.com/images/M/MV5BMjA2NzEzNjIwNl5BMl5BanBnXkFtZTgwNzgwMTEzNzE@._V1_SX300.jpg
160289,https://m.media-amazon.com/images/M/MV5BZGY0NWIxNTEtYzVhOS00ZWY1LTkyNTctODBkMDBlMjI0YTI4XkEyXkFqcGc@._V1_SX300.jpg
160341,https://m.media-amazon.com/images/M/MV5BMjAwOTI5ODgzOF5BMl5BanBnXkFtZTcwMzQyOTcxMQ@@._V1_SX300.jpg
160400,https://m.media-amazon.com/images/M/MV5BMjMwNzM3NzY0M15BMl5BanBnXkFtZTgwODMwMjQ1ODE@._V1_SX300.jpg
160422,https://m.media-amazon.com/images/M/MV5BMGJjZGFjNGEtMzRlMC00YzVhLWFiNTYtMDJjOTM2NjkwMzY0XkEyXkFqcGc@._V1_SX300.jpg
160438,https://m.media-amazon.com/images/M/MV5BMzY3Y2Q3MmUtZmU3MC00OWMxLWIwNDMtNDA4MmViMTUxYjYxXkEyXkFqcGc@._V1_SX300.jpg
160440,https://m.media-amazon.com/images/M/MV5BYTMwZTdhYzEtNjVhNi00NTVlLWE5ZWItNjM3Nzc1YTVlNjNhXkEyXkFqcGdeQXVyMTMxMTY0OTQ@._V1_SX300.jpg
160527,https://m.media-amazon.com/images/M/MV5BMTY5MTI3NjkwNV5BMl5BanBnXkFtZTcwODExODcyMQ@@._V1_SX300.jpg
160563,https://m.media-amazon.com/images/M/MV5BMzY3OTI0OTcyMF5BMl5BanBnXkFtZTgwNjkxNTAwOTE@._V1_SX300.jpg
160565,https://m.media-amazon.com/images/M/MV5BMjI3MDI0MTA1N15BMl5BanBnXkFtZTgwOTk4NjU5ODE@._V1_SX300.jpg
160567,https://m.media-amazon.com/images/M/MV5BMjM4NDIxNzI5Nl5BMl5BanBnXkFtZTgwMTg4NTY5NzE@._V1_SX300.jpg
160569,https://m.media-amazon.com/images/M/MV5BMTUwMTk2ODc1OV5BMl5BanBnXkFtZTgwMzU4MzgzOTE@._V1_SX300.jpg
160571,https://m.media-amazon.com/images/M/MV5BOGUyNmQxNjQtNjU1OS00YTExLWFjMGUtNWVhN2Y0MGE2ZmZmXkEyXkFqcGc@._V1_SX300.jpg
160573,https://m.media-amazon.com/images/M/MV5BMjBiYTdjZDUtYjg3ZS00YTA0LTkzZGUtMzA2OWEyOGZiN2VhXkEyXkFqcGc@._V1_SX300.jpg
160644,https://m.media-amazon.com/images/M/MV5BMjIyNDg4OTYwOF5BMl5BanBnXkFtZTgwOTQ3ODgwOTE@._V1_SX300.jpg
160646,https://m.media-amazon.com/images/M/MV5BMTUxNjg1ODY3Ml5BMl5BanBnXkFtZTgwODEyNjUzOTE@._V1_SX300.jpg
160684,https://m.media-amazon.com/images/M/MV5BODU2OTc1OTgyMF5BMl5BanBnXkFtZTgwOTU4OTMxOTE@._V1_SX300.jpg
160718,https://m.media-amazon.com/images/M/MV5BNDU1ZTYwNmYtNjM1Zi00NTlkLWI5ZmQtNjM2OWM0ZTMxYTFlXkEyXkFqcGc@._V1_SX300.jpg
160730,https://m.media-amazon.com/images/M/MV5BZGIyNGU0NDYtZmUxYi00MGJjLTkzNDEtYWM0ZTVjOThiZWI1XkEyXkFqcGc@._V1_SX300.jpg
160836,https://m.media-amazon.com/images/M/MV5BOGYwYjdmZTktZWMxZi00MmMxLTg4YTUtZjA0MjVkZWY1MTUzXkEyXkFqcGdeQXVyNzgzODI1OTE@._V1_SX300.jpg
160848,https://m.media-amazon.com/images/M/MV5BYzNkNTI3NTYtMzFjNS00ZDExLTkzZDMtYmFhNTY0YTNhYjYzXkEyXkFqcGc@._V1_SX300.jpg
160872,https://m.media-amazon.com/images/M/MV5BNzM2YWNjOGQtNjc3ZC00Njg1LThhNzMtOGI2MTM2OWRlYmIzXkEyXkFqcGc@._V1_SX300.jpg
160954,https://m.media-amazon.com/images/M/MV5BMTUzOTg1OTM4NV5BMl5BanBnXkFtZTgwMTg2Mjg0OTE@._V1_SX300.jpg
160978,https://m.media-amazon.com/images/M/MV5BMzIxMjA5MTI2Nl5BMl5BanBnXkFtZTcwNjMyNzI5MQ@@._V1_SX300.jpg
160980,https://m.media-amazon.com/images/M/MV5BYzM5ODA5MDItZGM4MS00YmQ3LTkxMDUtMDY2NjcyM2RmYzlkXkEyXkFqcGc@._V1_SX300.jpg
161008,https://m.media-amazon.com/images/M/MV5BNjM5YzEwZTctYmY2ZC00MGU0LWFhMTUtZTk2NDdhMzVmNDY4XkEyXkFqcGdeQXVyNzc5MjA3OA@@._V1_SX300.jpg
161024,https://m.media-amazon.com/images/M/MV5BM2Y2MDViYzUtOTA2Yy00NTMyLWJiYjItMTlkNDQ1ZDk3ZWY4XkEyXkFqcGc@._V1_SX300.jpg
161032,https://m.media-amazon.com/images/M/MV5BN2E5YjhmN2ItMDI1NC00YzEzLWI4OGUtY2ViZTNkZjNlNzMyXkEyXkFqcGc@._V1_SX300.jpg
161044,https://m.media-amazon.com/images/M/MV5BYjljYTQxZmEtMDBlMS00ODlkLTk3OTAtM2RmNTM0MGFhYjQ4XkEyXkFqcGc@._V1_SX300.jpg
161127,https://m.media-amazon.com/images/M/MV5BMTEwNzM2NjY2MTNeQTJeQWpwZ15BbWU4MDQ3MDI3Njgx._V1_SX300.jpg
161131,https://m.media-amazon.com/images/M/MV5BMjEyNzQ0NzM4MV5BMl5BanBnXkFtZTgwMDI0ODM2OTE@._V1_SX300.jpg
161290,https://m.media-amazon.com/images/M/MV5BODc0MTkzMDU0M15BMl5BanBnXkFtZTgwMzMwMTIxOTE@._V1_SX300.jpg
161354,https://m.media-amazon.com/images/M/MV5BMzJiZTJmNGItYTUwNy00ZWE2LWJlMTgtZjJkNzY1OTRiNTZlXkEyXkFqcGc@._V1_SX300.jpg
161580,https://m.media-amazon.com/images/M/MV5BMjIwNzE5MTgwNl5BMl5BanBnXkFtZTgwNjM4OTA0OTE@._V1_SX300.jpg
161582,https://m.media-amazon.com/images/M/MV5BMTg4NDA1OTA5NF5BMl5BanBnXkFtZTgwMDQ2MDM5ODE@._V1_SX300.jpg
161594,https://m.media-amazon.com/images/M/MV5BOTEwNzMxNTU5M15BMl5BanBnXkFtZTgwMzMyMjg3OTE@._V1_SX300.jpg
161634,https://m.media-amazon.com/images/M/MV5BNjAxOTJkMmEtNjg4MC00ODk3LTkwYmUtNjM3YzE5YTk1YTFjXkEyXkFqcGc@._V1_SX300.jpg
161830,https://m.media-amazon.com/images/M/MV5BMTU4MjQ1NzA3NV5BMl5BanBnXkFtZTgwNDExMjE4NjE@._V1_SX300.jpg
161918,https://m.media-amazon.com/images/M/MV5BZmM4YzM5MTUtNmI0OS00MjE2LTkxMDMtYTczYTE2ODM4YTI2XkEyXkFqcGc@._V1_SX300.jpg
161922,https://m.media-amazon.com/images/M/MV5BODE2NjE4NjYyMV5BMl5BanBnXkFtZTgwNzk3MjQ0OTE@._V1_SX300.jpg
161966,https://m.media-amazon.com/images/M/MV5BMTc5NDI5MzA1OF5BMl5BanBnXkFtZTgwMTQzNTQwMDI@._V1_SX300.jpg
162082,https://m.media-amazon.com/images/M/MV5BMTkwOTQ4OTg0OV5BMl5BanBnXkFtZTgwMzQyOTM0OTE@._V1_SX300.jpg
162344,https://m.media-amazon.com/images/M/MV5BNzIzNTU0YWItYTk2NC00NzA4LTkyODAtZmVhYWZmOGJlOWFiXkEyXkFqcGc@._V1_SX300.jpg
162350,https://m.media-amazon.com/images/M/MV5BMTUzNTc0NTAyM15BMl5BanBnXkFtZTgwMTk1ODA5OTE@._V1_SX300.jpg
162414,https://m.media-amazon.com/images/M/MV5BNzQxNTIyODAxMV5BMl5BanBnXkFtZTgwNzQyMDA3OTE@._V1_SX300.jpg
162478,https://m.media-amazon.com/images/M/MV5BMTYzMTY5Mzg1Ml5BMl5BanBnXkFtZTgwNTUzODUwNjE@._V1_SX300.jpg
162578,https://m.media-amazon.com/images/M/MV5BMjA2Mzg2NDMzNl5BMl5BanBnXkFtZTgwMjcwODUzOTE@._V1_SX300.jpg
162590,https://m.media-amazon.com/images/M/MV5BMWViMmNmNmEtYTg5Mi00Y2IwLTg4NzgtNzg2ZjNjY2RmYWZlXkEyXkFqcGc@._V1_SX300.jpg
162598,https://m.media-amazon.com/images/M/MV5BOTEzNDU0OTgxM15BMl5BanBnXkFtZTgwNjA0ODM2OTE@._V1_SX300.jpg
162600,https://m.media-amazon.com/images/M/MV5BMTU0Nzc5NzI5NV5BMl5BanBnXkFtZTgwNTk1MDE4MDI@._V1_SX300.jpg
162602,https://m.media-amazon.com/images/M/MV5BZTg4MGViYTMtYTFkMC00YzVlLWExZDItOTM4NTUwMjc2NTE2XkEyXkFqcGc@._V1_SX300.jpg
162606,https://m.media-amazon.com/images/M/MV5BNDc5Mzg2NTYxNV5BMl5BanBnXkFtZTgwMjQ2ODAwOTE@._V1_SX300.jpg
162828,https://m.media-amazon.com/images/M/MV5BMTk5MzY4MDkwOV5BMl5BanBnXkFtZTgwMzY4MzczOTE@._V1_SX300.jpg
162968,https://m.media-amazon.com/images/M/MV5BMWU2NjVhOWMtOGQwNS00ZWViLThhODMtMzE5MjhkMTBiNDQwXkEyXkFqcGc@._V1_SX300.jpg
162982,https://m.media-amazon.com/images/M/MV5BYzczNzdhYWItNmJhZi00NmMxLTk4ZWQtMzdhYjZmYzk3NWUyXkEyXkFqcGc@._V1_SX300.jpg
163056,https://m.media-amazon.com/images/M/MV5BNjg5ODA1NzQtZmNmNy00MmFhLTk1YjUtYTM2NDNmNjY4ODA1XkEyXkFqcGc@._V1_SX300.jpg
163072,https://m.media-amazon.com/images/M/MV5BNmQ5NDEyOWMtM2NlNC00MzI5LTk0ZTktYjc3MmU3N2ViY2U5XkEyXkFqcGc@._V1_SX300.jpg
163112,https://m.media-amazon.com/images/M/MV5BYmY5YzFiZGQtMDk3Ni00ODQyLWI1NDktZTY1MzRhYWM5NzdiXkEyXkFqcGc@._V1_SX300.jpg
163134,https://m.media-amazon.com/images/M/MV5BMjI1ODZkYTgtYTY3Yy00ZTJkLWFkOTgtZDUyYWM4MzQwNjk0XkEyXkFqcGc@._V1_SX300.jpg
163386,https://m.media-amazon.com/images/M/MV5BOTUzMjEwYjMtMDNhMC00MmM2LTg2MzctMDc3NDZlMjFmZDM4XkEyXkFqcGc@._V1_SX300.jpg
163527,https://m.media-amazon.com/images/M/MV5BMTU4OTM0MjM4MF5BMl5BanBnXkFtZTcwMTAyMDUzNA@@._V1_SX300.jpg
163639,https://m.media-amazon.com/images/M/MV5BMjk0N2VhOTYtMmQ3MC00ZjJiLWFhYmUtZDVhOWQzZDFkNTQ3XkEyXkFqcGdeQXVyNTk5Nzg0MDE@._V1_SX300.jpg
163645,https://m.media-amazon.com/images/M/MV5BMjQ1NjM3MTUxNV5BMl5BanBnXkFtZTgwMDc5MTY5OTE@._V1_SX300.jpg
163653,https://m.media-amazon.com/images/M/MV5BMjZhYmYwMzUtMjMyNy00YmZiLWFiZjctZGQ3NTY5ZTUxMjMzXkEyXkFqcGc@._V1_SX300.jpg
163809,https://m.media-amazon.com/images/M/MV5BOTA2MTdhZmItODM3NS00ZmFlLWE4YWYtOWYxODBmNGU5YjRjXkEyXkFqcGc@._V1_SX300.jpg
163925,https://m.media-amazon.com/images/M/MV5BMDZmN2ZjOTQtNGE3OC00NzRiLThkMzktZmNhMGQ5MDVjODJlXkEyXkFqcGc@._V1_SX300.jpg
163937,https://m.media-amazon.com/images/M/MV5BMjI0NTEyMjA3NV5BMl5BanBnXkFtZTgwODk5OTU4OTE@._V1_SX300.jpg
163981,https://m.media-amazon.com/images/M/MV5BNTE0NTMzNjE0NV5BMl5BanBnXkFtZTgwMzM4NTM3OTE@._V1_SX300.jpg
163985,https://m.media-amazon.com/images/M/MV5BMjAxODQ2MzkyMV5BMl5BanBnXkFtZTgwNjU3MTE5OTE@._V1_SX300.jpg
164179,https://m.media-amazon.com/images/M/MV5BMTExMzU0ODcxNDheQTJeQWpwZ15BbWU4MDE1OTI4MzAy._V1_SX300.jpg
164200,https://m.media-amazon.com/images/M/MV5BMTYxNjI3MzcwMF5BMl5BanBnXkFtZTgwOTIyNDY5OTE@._V1_SX300.jpg
164226,https://m.media-amazon.com/images/M/MV5BMjQyMjEzMjU3M15BMl5BanBnXkFtZTgwMDExNTU1OTE@._V1_SX300.jpg
164280,https://m.media-amazon.com/images/M/MV5BMmE2ODVkMGEtNmQzNS00ZDMwLTlhMzUtMTllZjgyZTM0YjExXkEyXkFqcGc@._V1_SX300.jpg
164367,https://m.media-amazon.com/images/M/MV5BMjQ0NzA4NDcxM15BMl5BanBnXkFtZTgwMTk1NjUzOTE@._V1_SX300.jpg
164375,https://m.media-amazon.com/images/M/MV5BMTYwODU2MjkzNl5BMl5BanBnXkFtZTgwNDQyMTY2NzE@._V1_SX300.jpg
164540,https://m.media-amazon.com/images/M/MV5BNTY5NjE4MTQyNF5BMl5BanBnXkFtZTgwMzg1NjEwMDI@._V1_SX300.jpg
164647,https://m.media-amazon.com/images/M/MV5BNzA0OTk5MDY5OF5BMl5BanBnXkFtZTgwMjMwOTgyOTE@._V1_SX300.jpg
164655,https://m.media-amazon.com/images/M/MV5BMTYyOTc5NzI4Ml5BMl5BanBnXkFtZTgwMjIwNzczMDI@._V1_SX300.jpg
164707,https://m.media-amazon.com/images/M/MV5BNGE0MmRjY2MtYTliMy00NGZmLTkxYTYtZWE0MTVjZmVjMDE5XkEyXkFqcGc@._V1_SX300.jpg
164753,https://m.media-amazon.com/images/M/MV5BZmRmNzUzMWEtNjZiZS00ZWFiLWI5NWMtYzEzMDM5YmYyMTIyXkEyXkFqcGc@._V1_SX300.jpg
164881,https://m.media-amazon.com/images/M/MV5BMDdhN2ZhNjEtNGMzNS00YzczLWFmMjAtN2Y5NDY4YjQ3ZjM1XkEyXkFqcGc@._V1_SX300.jpg
164909,https://m.media-amazon.com/images/M/MV5BMzUzNDM2NzM2MV5BMl5BanBnXkFtZTgwNTM3NTg4OTE@._V1_SX300.jpg
164917,https://m.media-amazon.com/images/M/MV5BMjAwMjU5NTAzOF5BMl5BanBnXkFtZTgwMjQwODQxMDI@._V1_SX300.jpg
165075,https://m.media-amazon.com/images/M/MV5BMTc3NjU2MjYzOV5BMl5BanBnXkFtZTgwMTk4NzgwMDI@._V1_SX300.jpg
165101,https://m.media-amazon.com/images/M/MV5BMTUzNTE2NTkzMV5BMl5BanBnXkFtZTgwMDAzOTUyMDI@._V1_SX300.jpg
165103,https://m.media-amazon.com/images/M/MV5BNDU2OTU1NzE2Ml5BMl5BanBnXkFtZTgwMDQzMzgwMDI@._V1_SX300.jpg
165139,https://m.media-amazon.com/images/M/MV5BMzE0OTcyNDExNF5BMl5BanBnXkFtZTgwMjk5OTU4OTE@._V1_SX300.jpg
165343,https://m.media-amazon.com/images/M/MV5BN2FjZDExZDgtZTE2NS00MTU0LWEzNTAtMGZiZDZjYmE0NjYyXkEyXkFqcGc@._V1_SX300.jpg
165347,https://m.media-amazon.com/images/M/MV5BMTA2MDIwNzAyNzReQTJeQWpwZ15BbWU4MDAxNjI5Njkx._V1_SX300.jpg
165483,https://m.media-amazon.com/images/M/MV5BZGEzYjcwNTUtYzk4Ny00MGNhLThhOGMtMGJmMzEwOWFiNmNjXkEyXkFqcGc@._V1_SX300.jpg
165489,https://m.media-amazon.com/images/M/MV5BYTA3MmU3ZjItNTdlYS00YTI1LTg5NDQtOTdkNjM4ZmE1YjQ0XkEyXkFqcGc@._V1_SX300.jpg
165529,https://m.media-amazon.com/images/M/MV5BNTA5NTg1ZGMtOWJkYy00NzBkLTg1ZTEtYjJjM2IzMGUzN2IxXkEyXkFqcGdeQXVyNTM3MDMyMDQ@._V1_SX300.jpg
165549,https://m.media-amazon.com/images/M/MV5BMTYxMjk0NDg4Ml5BMl5BanBnXkFtZTgwODcyNjA5OTE@._V1_SX300.jpg
165551,https://m.media-amazon.com/images/M/MV5BMjA3NjkzNjg2MF5BMl5BanBnXkFtZTgwMDkyMzgzMDI@._V1_SX300.jpg
165635,https://m.media-amazon.com/images/M/MV5BMTgxMDM2NjAyNl5BMl5BanBnXkFtZTgwODA1MTUyMDI@._V1_SX300.jpg
165639,https://m.media-amazon.com/images/M/MV5BZmEyODRkYmQtMjM3Yi00ZTkxLWI0NWEtOTJhMzBjNWY5MjJjXkEyXkFqcGdeQXVyNTE1NjY5Mg@@._V1_SX300.jpg
165645,https://m.media-amazon.com/images/M/MV5BMjM2MjE5Mzc4OF5BMl5BanBnXkFtZTgwMjc3NjEyMDI@._V1_SX300.jpg
165671,https://m.media-amazon.com/images/M/MV5BMjM5MDQyODAyNF5BMl5BanBnXkFtZTgwMDgzNjA4OTE@._V1_SX300.jpg
165843,https://m.media-amazon.com/images/M/MV5BMzIzNzYzMDM0NF5BMl5BanBnXkFtZTgwNzA1OTgwMjI@._V1_SX300.jpg
165947,https://m.media-amazon.com/images/M/MV5BMjEzMjI0Mzc5MV5BMl5BanBnXkFtZTgwODExMDgxMDI@._V1_SX300.jpg
165959,https://m.media-amazon.com/images/M/MV5BNTUzOGZmNzctYTRiMC00ZDYzLTg4ZjctYTU5ZWRlMGFhYTQ5XkEyXkFqcGc@._V1_SX300.jpg
165969,https://m.media-amazon.com/images/M/MV5BYzFlMjZlNTUtMWIwZi00NGY3LTljMTctZDk3MDIwZGVhMmQ5XkEyXkFqcGc@._V1_SX300.jpg
166015,https://m.media-amazon.com/images/M/MV5BZmNkOTUyMzktMDEzNi00ZGVhLWExZTktYzc4ZDlmMDJjMDJjXkEyXkFqcGc@._V1_SX300.jpg
166024,https://m.media-amazon.com/images/M/MV5BZjVkZDJjM2EtNjgzOC00ODRiLTllZWEtYWYyZjE5MTJlY2NiXkEyXkFqcGc@._V1_SX300.jpg
166183,https://m.media-amazon.com/images/M/MV5BMDIyMWNhMTctYmYzMi00NTZjLWFiNzItMjVmMzY4NjVjMjAzXkEyXkFqcGc@._V1_SX300.jpg
166203,https://m.media-amazon.com/images/M/MV5BYWU4MjM3NzQtMWFiZC00ZWRlLTg2OTgtN2I5MjMxODAyNmU4XkEyXkFqcGc@._V1_SX300.jpg
166291,https://m.media-amazon.com/images/M/MV5BOTFiNzRiOWEtYTQwNy00NmRiLWE0ZWYtNTE0YjExZjFmZjkwXkEyXkFqcGc@._V1_SX300.jpg
166461,https://m.media-amazon.com/images/M/MV5BMjI4MzU5NTExNF5BMl5BanBnXkFtZTgwNzY1MTEwMDI@._V1_SX300.jpg
166492,https://m.media-amazon.com/images/M/MV5BMDhiMjg4ODMtYjgyNi00YjZkLWE0ZGItNjU0NGVlMzViZjdlXkEyXkFqcGc@._V1_SX300.jpg
166526,https://m.media-amazon.com/images/M/MV5BNjYzODU1OTkwN15BMl5BanBnXkFtZTgwMDA3MTMwMDI@._V1_SX300.jpg
166528,https://m.media-amazon.com/images/M/MV5BMjEwMzMxODIzOV5BMl5BanBnXkFtZTgwNzg3OTAzMDI@._V1_SX300.jpg
166534,https://m.media-amazon.com/images/M/MV5BNTZjNmVjMzAtZjg2Mi00MWNmLTk5NTItOTExZDYwNTE2YmExXkEyXkFqcGc@._V1_SX300.jpg
166558,https://m.media-amazon.com/images/M/MV5BMjI5Njk0NTIyNV5BMl5BanBnXkFtZTgwNjU4MjY5MDI@._V1_SX300.jpg
166568,https://m.media-amazon.com/images/M/MV5BMTAyODY4Njc4MjBeQTJeQWpwZ15BbWU4MDI0NTIzMDAy._V1_SX300.jpg
166635,https://m.media-amazon.com/images/M/MV5BYzRjNTFmMzQtM2JhZi00ZTI0LTlhMjMtNzQ4YWRhZGVmZWRmXkEyXkFqcGc@._V1_SX300.jpg
166643,https://m.media-amazon.com/images/M/MV5BY2RhNDRhNzctZTllMy00NTc2LWJjZmUtMzg3MTNiNjhhODMxXkEyXkFqcGc@._V1_SX300.jpg
166705,https://m.media-amazon.com/images/M/MV5BOTg0Nzc1NjA0MV5BMl5BanBnXkFtZTgwNTcyNDQ0MDI@._V1_SX300.jpg
166946,https://m.media-amazon.com/images/M/MV5BMzExNDg0MDk1M15BMl5BanBnXkFtZTgwNzE1Mjg0MDI@._V1_SX300.jpg
167018,https://m.media-amazon.com/images/M/MV5BMjViYmEzYjMtZTUyZS00NGE5LThiYjYtYWJlZmEwZDI5NGViXkEyXkFqcGc@._V1_SX300.jpg
167036,https://m.media-amazon.com/images/M/MV5BMTYzODYzODU2Ml5BMl5BanBnXkFtZTgwNTc1MTA2NzE@._V1_SX300.jpg
167064,https://m.media-amazon.com/images/M/MV5BMjEyNzIzMTk3Ml5BMl5BanBnXkFtZTgwNDE1Nzc1MDI@._V1_SX300.jpg
167296,https://m.media-amazon.com/images/M/MV5BOTc1MDMyZDctMTFjNi00ZDkwLWFhNzQtOWE3MWFkYjEyZjFiXkEyXkFqcGdeQXVyMjUxODE0MDY@._V1_SX300.jpg
167370,https://m.media-amazon.com/images/M/MV5BMTU2Mjc1ODY2OV5BMl5BanBnXkFtZTgwNTMzMTYzMDI@._V1_SX300.jpg
167380,https://m.media-amazon.com/images/M/MV5BNDQ4NjkxNzgzN15BMl5BanBnXkFtZTgwMjAzODQ4OTE@._V1_SX300.jpg
167538,https://m.media-amazon.com/images/M/MV5BNTE3M2ZmZWEtMDk2Zi00N2U5LWJlMGUtYTlmZmM1NjU2NjQzXkEyXkFqcGc@._V1_SX300.jpg
167570,https://m.media-amazon.com/images/M/MV5BMTY5OTkwNDkzOF5BMl5BanBnXkFtZTgwMDEyNzI1NzM@._V1_SX300.jpg
167634,https://m.media-amazon.com/images/M/MV5BMTg0NzkyMjE5NF5BMl5BanBnXkFtZTgwMDE5NTg3MDI@._V1_SX300.jpg
167706,https://m.media-amazon.com/images/M/MV5BMTg0NTQxMjc5MF5BMl5BanBnXkFtZTcwNDc4NzIzMQ@@._V1_SX300.jpg
167732,https://m.media-amazon.com/images/M/MV5BMDk3ZGE2OTItY2JkYi00NWEzLWI1NjQtZGZlMzdkNjJlNmYxXkEyXkFqcGc@._V1_SX300.jpg
167746,https://m.media-amazon.com/images/M/MV5BMTcyNTEyOTY0M15BMl5BanBnXkFtZTgwOTAyNzU3MDI@._V1_SX300.jpg
167772,https://m.media-amazon.com/images/M/MV5BNGRkZmU4YWYtN2JlNy00NWVlLWJkOTAtZGEyZDRkMWNiZjc5XkEyXkFqcGc@._V1_SX300.jpg
167790,https://m.media-amazon.com/images/M/MV5BMDk3NjNlYWMtZjNlNC00ZWJkLTllNDMtYjk1ODRhZDVlM2Q1XkEyXkFqcGc@._V1_SX300.jpg
167854,https://m.media-amazon.com/images/M/MV5BZWJlMzAxMGItNzRlMS00MTIzLTljMzItMDI5ZjIxYzU5ZTIyXkEyXkFqcGdeQXVyNjYzMDA4MTI@._V1_SX300.jpg
168026,https://m.media-amazon.com/images/M/MV5BZDIwZTM4M2QtMWFhYy00N2VmLWFlMjItMzI3NjBjYTc0OTMxXkEyXkFqcGdeQXVyNTE1NjY5Mg@@._V1_SX300.jpg
168090,https://m.media-amazon.com/images/M/MV5BODMxZTQyZTAtZGQ4Mi00ZTdjLTgwMTEtN2EzMzFmY2I1YjBhXkEyXkFqcGc@._V1_SX300.jpg
168144,https://m.media-amazon.com/images/M/MV5BMTU5MjgwNjUxN15BMl5BanBnXkFtZTgwOTYyMTA2MDE@._V1_SX300.jpg
168174,https://m.media-amazon.com/images/M/MV5BZjIzNzMxYzctNDllMi00NzFmLTkxNDYtNTFhNjFlMTI0YTE3XkEyXkFqcGc@._V1_SX300.jpg
168218,https://m.media-amazon.com/images/M/MV5BMzFjM2I0NmItYjBiMy00NDZhLTgxMDItYTdiODgyNTMyYzY2XkEyXkFqcGc@._V1_SX300.jpg
168248,https://m.media-amazon.com/images/M/MV5BMjE2NDkxNTY2M15BMl5BanBnXkFtZTgwMDc2NzE0MTI@._V1_SX300.jpg
168250,https://m.media-amazon.com/images/M/MV5BMjUxMDQwNjcyNl5BMl5BanBnXkFtZTgwNzcwMzc0MTI@._V1_SX300.jpg
168252,https://m.media-amazon.com/images/M/MV5BM2JjODdkMGMtNmY2YS00OGM2LThiY2YtZGYyNzE4Nzc2ODA0XkEyXkFqcGc@._V1_SX300.jpg
168254,https://m.media-amazon.com/images/M/MV5BMTcwMjcxYTQtYjJlOS00YTE1LWIyZGYtOGRlOTBlMWZmYTliXkEyXkFqcGc@._V1_SX300.jpg
168266,https://m.media-amazon.com/images/M/MV5BMjI0MTE1ODkzMl5BMl5BanBnXkFtZTgwMTQ1MTg5MDI@._V1_SX300.jpg
168326,https://m.media-amazon.com/images/M/MV5BYWQ4MWVkMTMtOTE4YS00Y2VmLWE5Y2YtMWJkOTMwZjIyZjY4XkEyXkFqcGc@._V1_SX300.jpg
168350,https://m.media-amazon.com/images/M/MV5BMTc5NjQ3NzkzM15BMl5BanBnXkFtZTgwMDU2MTQ2MDI@._V1_SX300.jpg
168358,https://m.media-amazon.com/images/M/MV5BMzc1NjVmNGEtMzU2ZS00MjI5LWJhODYtMzMzN2VkNjc2NTU3XkEyXkFqcGc@._V1_SX300.jpg
168366,https://m.media-amazon.com/images/M/MV5BMTUwNjUxMTM4NV5BMl5BanBnXkFtZTgwODExMDQzMTI@._V1_SX300.jpg
168418,https://m.media-amazon.com/images/M/MV5BMTg5MzUxNzgxNV5BMl5BanBnXkFtZTgwMTM2NzQ3MjI@._V1_SX300.jpg
168456,https://m.media-amazon.com/images/M/MV5BMTgwMzMxOTE5NF5BMl5BanBnXkFtZTgwMzQ1MjQzNzE@._V1_SX300.jpg
168492,https://m.media-amazon.com/images/M/MV5BNDk3NTEwNjc0MV5BMl5BanBnXkFtZTgwNzYxNTMwMzI@._V1_SX300.jpg
168608,https://m.media-amazon.com/images/M/MV5BMGJmNWIzYjMtMzg0ZC00YmU1LThmZDctYWM4MzBlMWQ1OTg3XkEyXkFqcGc@._V1_SX300.jpg
168612,https://m.media-amazon.com/images/M/MV5BNzBkNjdjZTctNjdhOS00NmIyLTlkNjQtY2EwNGMwYmZjNTIxXkEyXkFqcGc@._V1_SX300.jpg
168632,https://m.media-amazon.com/images/M/MV5BNjc3OWFmN2MtYjc5OS00ZjFkLWJjZTQtNjRkZGU4MzhmYzU3XkEyXkFqcGc@._V1_SX300.jpg
168712,https://m.media-amazon.com/images/M/MV5BMTQ5NTk0Njg2N15BMl5BanBnXkFtZTgwNzk5Nzk3MDI@._V1_SX300.jpg
168846,https://m.media-amazon.com/images/M/MV5BM2NhZDRiODEtZDRhMS00Yzk4LWEzNDUtZDQ2ZWUwMjQ2NTM1L2ltYWdlXkEyXkFqcGdeQXVyNDA2NzI3NjQ@._V1_SX300.jpg
169034,https://m.media-amazon.com/images/M/MV5BZWExNjMwNWMtMzhhOC00ZDZiLWI2OTctMjdkYTgzM2Y4YjY3XkEyXkFqcGc@._V1_SX300.jpg
169180,https://m.media-amazon.com/images/M/MV5BOWE0Nzg4ZTAtMWQxMC00MWUxLWEyMTEtNjFmZGViMjkyNWMxXkEyXkFqcGc@._V1_SX300.jpg
169670,https://m.media-amazon.com/images/M/MV5BMDMwYTU4YjItYjI1Yy00NDY2LTlmMDMtNTQ4OTM5MjZiMzBiXkEyXkFqcGc@._V1_SX300.jpg
169904,https://m.media-amazon.com/images/M/MV5BY2QzZmEwNTUtODkwNy00YTAzLWFmOWEtMzA4ZjEyYmI0N2UzXkEyXkFqcGc@._V1_SX300.jpg
169912,https://m.media-amazon.com/images/M/MV5BNzZkOTQ4MmEtOWU5My00MWIzLWJiY2UtMzgwNGRjMTlmMmZiXkEyXkFqcGc@._V1_SX300.jpg
169958,https://m.media-amazon.com/images/M/MV5BOTJjMDQ0ZTEtYjkzMC00MWRhLTllZDktMWNjYTY4N2NlZWNlXkEyXkFqcGc@._V1_SX300.jpg
169982,https://m.media-amazon.com/images/M/MV5BMTA5MzU1NDI4NzBeQTJeQWpwZ15BbWU4MDUxMDQ0NDEy._V1_SX300.jpg
169984,https://m.media-amazon.com/images/M/MV5BMjhiYWQ4MTAtOGY1Zi00ZjcyLTk1ZDYtODI3ODRhNjE4MzZhXkEyXkFqcGc@._V1_SX300.jpg
169992,https://m.media-amazon.com/images/M/MV5BOTk5MzJhNjItZTRlOC00YWRlLTgyYmUtZmZhZjA0NmFmNjE2XkEyXkFqcGc@._V1_SX300.jpg
170289,https://m.media-amazon.com/images/M/MV5BMTYzMzExODAzNl5BMl5BanBnXkFtZTcwMDI4MDM3NA@@._V1_SX300.jpg
170297,https://m.media-amazon.com/images/M/MV5BZjI3MTI5ZTYtZmNmNy00OGZmLTlhNWMtNjZiYmYzNDhlOGRkL2ltYWdlL2ltYWdlXkEyXkFqcGdeQXVyNTAyODkwOQ@@._V1_SX300.jpg
170355,https://m.media-amazon.com/images/M/MV5BNjA1NGRjM2UtOGM2Zi00MDM0LTkwMGMtODRhNWQ2ZTkwNWMzXkEyXkFqcGc@._V1_SX300.jpg
170357,https://m.media-amazon.com/images/M/MV5BM2U3MTFjNTEtNDhlZC00YWMzLTgzNWMtNjBmYTBlYjA4MWYyXkEyXkFqcGc@._V1_SX300.jpg
170399,https://m.media-amazon.com/images/M/MV5BZjFjYmUwMGYtYWNkMS00ZTYwLWFjMjItNmNlYmJjZWVkODVhXkEyXkFqcGc@._V1_SX300.jpg
170401,https://m.media-amazon.com/images/M/MV5BNzQzNzI3NzkzMl5BMl5BanBnXkFtZTgwMjA4MzczOTE@._V1_SX300.jpg
170411,https://m.media-amazon.com/images/M/MV5BMGZiZjc2ZGItYzc4NC00YTU1LTlmZDktMGM5ZTI1OTI0MTExXkEyXkFqcGc@._V1_SX300.jpg
170551,https://m.media-amazon.com/images/M/MV5BNzNkYjdlM2QtYmNkZS00NDFiLWIyYzgtYjEwZmQ5NzllYjNhXkEyXkFqcGc@._V1_SX300.jpg
170597,https://m.media-amazon.com/images/M/MV5BZTIzZmUwNDgtNGRkNi00YmNjLWE5MDEtNWZjMTBlNWUwZDBlXkEyXkFqcGc@._V1_SX300.jpg
170697,https://m.media-amazon.com/images/M/MV5BMjQ2NDU3NDE0M15BMl5BanBnXkFtZTgwMjA3OTg0MDI@._V1_SX300.jpg
170705,https://m.media-amazon.com/images/M/MV5BMTQ3NTdmOTEtZTRmMi00NTg5LWI5NmUtYTNiOTc0ZmNkODU0XkEyXkFqcGc@._V1_SX300.jpg
170777,https://m.media-amazon.com/images/M/MV5BMjM0NzQ1MGItYTA3ZS00OWQwLWExY2YtZWMwNmZkYTUxMGIwXkEyXkFqcGc@._V1_SX300.jpg
170813,https://m.media-amazon.com/images/M/MV5BNTA4MjQ0ODQzNF5BMl5BanBnXkFtZTgwNzA5NjYzMjI@._V1_SX300.jpg
170817,https://m.media-amazon.com/images/M/MV5BZmM2MTlmZDItYThjZi00Y2FmLTg3NDUtYmQ5ODIxNWZmNGRiXkEyXkFqcGc@._V1_SX300.jpg
170827,https://m.media-amazon.com/images/M/MV5BMTkwMTgwODAxMl5BMl5BanBnXkFtZTgwNTEwNTQ3MDI@._V1_SX300.jpg
170837,https://m.media-amazon.com/images/M/MV5BY2VmZGI2MmYtMzVlOS00MTA4LTk3MTAtOGViYWM4NzdiYjhlXkEyXkFqcGc@._V1_SX300.jpg
170875,https://m.media-amazon.com/images/M/MV5BMjMxODI2NDM5Nl5BMl5BanBnXkFtZTgwNjgzOTk1MTI@._V1_SX300.jpg
170897,https://m.media-amazon.com/images/M/MV5BMTY1NDIwMjQ1OF5BMl5BanBnXkFtZTgwMzUzMjI4MTI@._V1_SX300.jpg
170907,https://m.media-amazon.com/images/M/MV5BMjA0MTc3ODc3NF5BMl5BanBnXkFtZTgwMTQ5NDc0MTI@._V1_SX300.jpg
170937,https://m.media-amazon.com/images/M/MV5BZGQ2ODI3ODYtNjIwZS00MDA0LWFjYTUtNDUzODFjMTIyZWY0XkEyXkFqcGc@._V1_SX300.jpg
170939,https://m.media-amazon.com/images/M/MV5BN2FlOTgyOTctMTE1Ny00MzFhLWE5NjctNTMxNzM5N2I2Yzk1XkEyXkFqcGc@._V1_SX300.jpg
170945,https://m.media-amazon.com/images/M/MV5BMjQ3MDA0ODA2N15BMl5BanBnXkFtZTgwNzg0NzgwMjI@._V1_SX300.jpg
170957,https://m.media-amazon.com/images/M/MV5BMTc0NzU2OTYyN15BMl5BanBnXkFtZTgwMTkwOTg2MTI@._V1_SX300.jpg
170993,https://m.media-amazon.com/images/M/MV5BNWIxMWQxYzAtOGE4NC00ZDNhLWJlYjUtZWZiOTRjMjZiODdmXkEyXkFqcGc@._V1_SX300.jpg
171011,https://m.media-amazon.com/images/M/MV5BMzY4NDBkMWYtYzdkYy00YzBjLWJmODctMWM4YjYzZTdjNWE5XkEyXkFqcGc@._V1_SX300.jpg
171023,https://m.media-amazon.com/images/M/MV5BYjZmMTM2NGQtODM3ZS00OGE5LTg3Y2EtOTc5YmZiMWU4N2E1XkEyXkFqcGc@._V1_SX300.jpg
171251,https://m.media-amazon.com/images/M/MV5BODg3ODgxMjk1NV5BMl5BanBnXkFtZTgwMzE3Mjg2MjI@._V1_SX300.jpg
171495,https://m.media-amazon.com/images/M/MV5BOTA5MWFhMzAtOWU1OS00Yjk4LTlkNGItNGI3N2VkNzcyNGU2XkEyXkFqcGc@._V1_SX300.jpg
171631,https://m.media-amazon.com/images/M/MV5BNDUwZGNmZmItOGQxNS00YmEzLWFhZjktY2E4YTQwNmIwZGM3XkEyXkFqcGc@._V1_SX300.jpg
171695,https://m.media-amazon.com/images/M/MV5BMTc1MTQ4NjcyOF5BMl5BanBnXkFtZTcwODIyNzIyMQ@@._V1_SX300.jpg
171701,https://m.media-amazon.com/images/M/MV5BODc1MGJjNWQtM2FjYS00Mjg1LTk1OTAtOGU2ZTU5ODc0NjM0XkEyXkFqcGc@._V1_SX300.jpg
171749,https://m.media-amazon.com/images/M/MV5BYTgyZDhmMTEtZDFhNi00MTc4LTg3NjUtYWJlNGE5Mzk2NzMxXkEyXkFqcGc@._V1_SX300.jpg
171751,https://m.media-amazon.com/images/M/MV5BMDE3ZDYzZDctOWJiYS00MTE5LTk0NzgtOThhZTRmZDQ2ZmFjXkEyXkFqcGc@._V1_SX300.jpg
171759,https://m.media-amazon.com/images/M/MV5BMTg5NjY3NDYxMl5BMl5BanBnXkFtZTgwMjI5ODgyMjI@._V1_SX300.jpg
171763,https://m.media-amazon.com/images/M/MV5BMjM3MjQ1MzkxNl5BMl5BanBnXkFtZTgwODk1ODgyMjI@._V1_SX300.jpg
171765,https://m.media-amazon.com/images/M/MV5BMjQxMTcxNDgxN15BMl5BanBnXkFtZTgwOTczNTIzMjI@._V1_SX300.jpg
171811,https://m.media-amazon.com/images/M/MV5BNzI3MDQ2YjItZjk2MC00MjA1LWIxMmUtN2NkZmVjZjg4MjI4XkEyXkFqcGc@._V1_SX300.jpg
171867,https://m.media-amazon.com/images/M/MV5BODY1NDUzNzY4MV5BMl5BanBnXkFtZTgwNzc3NzcyMjI@._V1_SX300.jpg
171891,https://m.media-amazon.com/images/M/MV5BYWE5MDU2MWEtZTdhYy00OThlLWEyNjQtN2U5MGFkNTBjYzFmXkEyXkFqcGc@._V1_SX300.jpg
171917,https://m.media-amazon.com/images/M/MV5BOGI5M2E2ZGMtYzNmZC00NmIwLWE4M2UtMDEzZDM0MmY5Mjg2XkEyXkFqcGc@._V1_SX300.jpg
172013,https://m.media-amazon.com/images/M/MV5BZTBmZDI4MzctZDU4YS00MzdlLWE4NTUtZDIzNDlmZjk0ZGVlXkEyXkFqcGc@._V1_SX300.jpg
172215,https://m.media-amazon.com/images/M/MV5BODM5MWI2YzEtZGNlMy00MGY1LWJjNWEtMjJkODUzM2MyM2ZhXkEyXkFqcGc@._V1_SX300.jpg
172229,https://m.media-amazon.com/images/M/MV5BYmFlYjA4MTctZTI1My00YzM5LTg2MmQtZTM2ZmZiYTk0MGU0XkEyXkFqcGc@._V1_SX300.jpg
172233,https://m.media-amazon.com/images/M/MV5BNDVmMWI4NGEtNDEwYS00MTJjLWExNGItM2QyY2MxZTY2OTViXkEyXkFqcGc@._V1_SX300.jpg
172253,https://m.media-amazon.com/images/M/MV5BMzEyMGFmNzktMDg4Ny00ZTNhLTlkMjctMWQzOGM0NmFiZWM3XkEyXkFqcGc@._V1_SX300.jpg
172321,https://m.media-amazon.com/images/M/MV5BMTIxOTY1OTk1N15BMl5BanBnXkFtZTcwNzcwMTMzMQ@@._V1_SX300.jpg
172461,https://m.media-amazon.com/images/M/MV5BZjExNjAxOWQtYmU5ZS00OGM4LTg0ZWUtNTE1MjJiYjZiYmE0XkEyXkFqcGc@._V1_SX300.jpg
172497,https://m.media-amazon.com/images/M/MV5BNzMyZTYyY2UtZGNkNC00ZDVkLWI3OWEtOGEwMzFiMmQ2MDg1XkEyXkFqcGdeQXVyNTE4Mzg5MDY@._V1_SX300.jpg
172547,https://m.media-amazon.com/images/M/MV5BNjUyNzQ2MTg3Ml5BMl5BanBnXkFtZTgwNzE4NDM3MTI@._V1_SX300.jpg
172577,https://m.media-amazon.com/images/M/MV5BMDNkNjY4NWMtNDdiMC00ZDg4LWJhYTItMTgxMTcyNjAzY2VmXkEyXkFqcGc@._V1_SX300.jpg
172583,https://m.media-amazon.com/images/M/MV5BZGU1ZGZhYTYtZTYyMC00YzYxLTlhZDUtYTZiZWJjNWZlNWEwXkEyXkFqcGc@._V1_SX300.jpg
172585,https://m.media-amazon.com/images/M/MV5BOTQzYWFiODItYzhmNS00NWExLTk3ZTctY2Y0YTliYmM3YmM3XkEyXkFqcGc@._V1_SX300.jpg
172587,https://m.media-amazon.com/images/M/MV5BNmRjMTNmMTYtZWRmZS00NGExLTlkNmYtMjk2OTU1ZDIwODFhXkEyXkFqcGc@._V1_SX300.jpg
172589,https://m.media-amazon.com/images/M/MV5BZjgwMjg4MGItNjdmZC00ZDA5LTliMWMtZjY2OGNiMjhjMGMxXkEyXkFqcGdeQXVyNjExODE1MDc@._V1_SX300.jpg
172591,https://m.media-amazon.com/images/M/MV5BMjk5ODZjYmMtYTJjNy00MTU2LWI5OTYtYTg5YjFlMDk3ZjI0XkEyXkFqcGdeQXVyODAyNDE3Mw@@._V1_SX300.jpg
172637,https://m.media-amazon.com/images/M/MV5BMmViZmMyMjUtYmRmYS00YzcyLTg4NTEtYWRjMjMxMmViYTliXkEyXkFqcGc@._V1_SX300.jpg
172705,https://m.media-amazon.com/images/M/MV5BYzU2Y2UyMTgtOGM2My00ZjU3LTljYjMtOTQ5MGJhNjM3ODQwXkEyXkFqcGdeQXVyMzcyODEwODM@._V1_SX300.jpg
172793,https://m.media-amazon.com/images/M/MV5BNTdhN2RmMTktZjc0Yi00MjVjLWIwZTAtODc5NTFjYzhkMDAwXkEyXkFqcGdeQXVyMTUyNjc3NDQ4._V1_SX300.jpg
172825,https://m.media-amazon.com/images/M/MV5BZTdiNDRjNTMtN2ZjNi00ZWVlLWFhMDUtNTc5ZDllODBmMGEwXkEyXkFqcGc@._V1_SX300.jpg
172875,https://m.media-amazon.com/images/M/MV5BZjQyNGQ3MzctNzBiMi00ZDRiLWJjN2ItNjg4ZTRmMDg3NWY3XkEyXkFqcGdeQXVyMTI0MzA4NTgw._V1_SX300.jpg
172881,https://m.media-amazon.com/images/M/MV5BMmU0MWNlNDktNDkyNy00MzFlLThjY2EtZDMzY2M3YzM0OThjXkEyXkFqcGdeQXVyNzg5OTk2OA@@._V1_SX300.jpg
172887,https://m.media-amazon.com/images/M/MV5BYWVjNGVkOWQtMTRhYS00NGQ0LTgwNzQtMWJhMTJmNzc1NTAzXkEyXkFqcGdeQXVyMTI0MzA4NTgw._V1_SX300.jpg
172909,https://m.media-amazon.com/images/M/MV5BMjNmYTJiNGYtZDk0Mi00MDFhLWJlMDUtNDQ4YThhYWVkZmViXkEyXkFqcGc@._V1_SX300.jpg
173145,https://m.media-amazon.com/images/M/MV5BMzNhMzNiZDYtMzYxYy00YTYwLTkxNmYtNTJhOGU1Yjg5ODI5XkEyXkFqcGc@._V1_SX300.jpg
173197,https://m.media-amazon.com/images/M/MV5BNTQ3NzJhYjktYmRkYy00ODMxLThhMGItYWQyODJmZjEyMTgzXkEyXkFqcGc@._V1_SX300.jpg
173205,https://m.media-amazon.com/images/M/MV5BMTY1MTA1MjU4NV5BMl5BanBnXkFtZTgwMTAwMzE2MzI@._V1_SX300.jpg
173209,https://m.media-amazon.com/images/M/MV5BMTcyMzgwNDE1M15BMl5BanBnXkFtZTgwMDAzMDM0MjI@._V1_SX300.jpg
173235,https://m.media-amazon.com/images/M/MV5BNDdjNzBiNTItYzNjMi00MjBiLWIyOWItOGRhOWExMzU1N2ZhXkEyXkFqcGc@._V1_SX300.jpg
173253,https://m.media-amazon.com/images/M/MV5BNWQ1NmJiZGUtNGQwNy00OWJjLWE1NTQtNDJhMjQ4YTgxMjZjXkEyXkFqcGc@._V1_SX300.jpg
173255,https://m.media-amazon.com/images/M/MV5BZjAzZGUwMDEtZjhiYy00M2FmLTk5ZmUtMGZiNzdkOWQ1NTE2XkEyXkFqcGc@._V1_SX300.jpg
173291,https://m.media-amazon.com/images/M/MV5BMTkxMDAxNDUyNV5BMl5BanBnXkFtZTgwOTc3MzcxMjI@._V1_SX300.jpg
173307,https://m.media-amazon.com/images/M/MV5BNmJiOTM1ZjQtNTkwMi00NjJkLTlhZmYtZDcyYTRmNDRiYTgzXkEyXkFqcGc@._V1_SX300.jpg
173317,https://m.media-amazon.com/images/M/MV5BZTkyZWY3MzUtZDRiNS00ZGQxLWExYWUtZDA4Mjg3NzI0Njg1XkEyXkFqcGc@._V1_SX300.jpg
173351,https://m.media-amazon.com/images/M/MV5BMGQwZjgwNWYtZDNhMy00MmM3LTk3ZjgtZTYwMmRmYWE0ZDVkXkEyXkFqcGc@._V1_SX300.jpg
173355,https://m.media-amazon.com/images/M/MV5BZDkyYTE5NmItMThiZi00ZTFlLTgyOWUtNGYwNmZkZDMxNTczXkEyXkFqcGc@._V1_SX300.jpg
173535,https://m.media-amazon.com/images/M/MV5BYjFiMjI2MzQtMGY2OS00ODZlLWI1NzUtNTI2Y2JmMTJiYmYzXkEyXkFqcGdeQXVyMjM2Mzk0MDk@._V1_SX300.jpg
173619,https://m.media-amazon.com/images/M/MV5BOTYzNTI3YzgtYWNiMi00N2U5LTk4NjYtNWJkYmI4OWYxM2Y4XkEyXkFqcGc@._V1_SX300.jpg
173751,https://m.media-amazon.com/images/M/MV5BZmFiZjZmZjQtOGQyNC00ZTU4LTg1NzAtNGNiZDdmOGM0MDY0XkEyXkFqcGc@._V1_SX300.jpg
173873,https://m.media-amazon.com/images/M/MV5BZTAwYmFlNmQtYjFkYS00ZjI1LThmM2MtODVlYmQ5ZGM0MzE1XkEyXkFqcGc@._V1_SX300.jpg
173925,https://m.media-amazon.com/images/M/MV5BMjE4MDQxMDg3MF5BMl5BanBnXkFtZTgwNjQ0MTcwMzI@._V1_SX300.jpg
173941,https://m.media-amazon.com/images/M/MV5BMjM5NDYzMzg5N15BMl5BanBnXkFtZTgwOTM2NDU1MjI@._V1_SX300.jpg
173963,https://m.media-amazon.com/images/M/MV5BMjcxNDIzMDU1M15BMl5BanBnXkFtZTcwNDAxOTk4Mg@@._V1_SX300.jpg
174045,https://m.media-amazon.com/images/M/MV5BNTYxNzk5NzM3OV5BMl5BanBnXkFtZTgwMjEzOTc4MjI@._V1_SX300.jpg
174053,https://m.media-amazon.com/images/M/MV5BMmY1YTVlZWItZDZiYS00OTNjLTg5NmMtZTc1YjFlN2Q2NTdiXkEyXkFqcGc@._V1_SX300.jpg
174055,https://m.media-amazon.com/images/M/MV5BZWU5ZjJkNTQtMzQwOS00ZGE4LWJkMWUtMGQ5YjdiM2FhYmRhXkEyXkFqcGc@._V1_SX300.jpg
174141,https://m.media-amazon.com/images/M/MV5BNjg5NmY1YjMtMjEyZS00MDA2LWI3MGYtNTk1MjFiYTY2NGFmXkEyXkFqcGc@._V1_SX300.jpg
174403,https://m.media-amazon.com/images/M/MV5BOTUxNDY2MWMtM2M2Zi00NzNjLWIxNTctZTE1NGRiYThmYzUyXkEyXkFqcGc@._V1_SX300.jpg
174479,https://m.media-amazon.com/images/M/MV5BYzIzOGY2OWQtNzFkNi00NjgyLWI2YTMtY2FiYzViNzUyZDZlXkEyXkFqcGdeQXVyMTA0MTM5NjI2._V1_SX300.jpg
174551,
174681,https://m.media-amazon.com/images/M/MV5BZTk4ZDBjZTktNTBkMi00YTRkLWEwNDAtNDUzOWE0OGQxY2RhXkEyXkFqcGc@._V1_SX300.jpg
174727,https://m.media-amazon.com/images/M/MV5BZTYwOTJmYmItYjA3MS00MGYyLTg3YjgtNDljM2U5MzgwNjNmXkEyXkFqcGc@._V1_SX300.jpg
174737,https://m.media-amazon.com/images/M/MV5BMTU0MzEzMDE4NF5BMl5BanBnXkFtZTgwMjgyMjgwMjE@._V1_SX300.jpg
174815,https://m.media-amazon.com/images/M/MV5BMTc0NDYwNzU2M15BMl5BanBnXkFtZTgwOTUxNDg0MTI@._V1_SX300.jpg
174909,https://m.media-amazon.com/images/M/MV5BMTYyODg0NDU1OV5BMl5BanBnXkFtZTgwNjcxMzU0MjI@._V1_SX300.jpg
175197,https://m.media-amazon.com/images/M/MV5BMTU3MjUwMzQ3MF5BMl5BanBnXkFtZTgwMjcwNjkxMjI@._V1_SX300.jpg
175199,https://m.media-amazon.com/images/M/MV5BMjA1MzIwMjMxNF5BMl5BanBnXkFtZTgwMDQ3NTc2MjI@._V1_SX300.jpg
175293,https://m.media-amazon.com/images/M/MV5BZDhkMDczZTYtMjBjNy00NWQ5LTk3NjYtZDk1ZmM5ZjQ4M2U4XkEyXkFqcGc@._V1_SX300.jpg
175303,https://m.media-amazon.com/images/M/MV5BZGZmOTZjNzUtOTE4OS00OGM3LWJiNGEtZjk4Yzg2M2Q1YzYxXkEyXkFqcGc@._V1_SX300.jpg
175387,https://m.media-amazon.com/images/M/MV5BZDE2NzczZTQtNDFkNy00MDdlLTlmMzQtYWU0OGY4MWM2MjQ0XkEyXkFqcGc@._V1_SX300.jpg
175397,https://m.media-amazon.com/images/M/MV5BMjE4MWIxOTktM2UzOC00YmE4LTk5YTItNWQyYTNiYmQ1Mjk0XkEyXkFqcGdeQXVyNTcwNjUwNzk@._V1_SX300.jpg
175401,https://m.media-amazon.com/images/M/MV5BYmUyZDI2MGYtNjgzZC00YjdjLWFhMDEtYzQ5MGQ5YzFjNWExXkEyXkFqcGc@._V1_SX300.jpg
175431,https://m.media-amazon.com/images/M/MV5BODQ3ZGQ0NGEtMDY3Ni00Nzc1LWFiYmUtNjg3YjczMDUzMTBjXkEyXkFqcGc@._V1_SX300.jpg
175435,https://m.media-amazon.com/images/M/MV5BODI1YTY2N2YtOGU2MS00NDcwLWJiYmMtZTViNjRhOGZkMDM0XkEyXkFqcGc@._V1_SX300.jpg
175475,https://m.media-amazon.com/images/M/MV5BMTkzMzM3OTM2Ml5BMl5BanBnXkFtZTgwMDM0NDU3MjI@._V1_SX300.jpg
175485,https://m.media-amazon.com/images/M/MV5BMTUwOTgzMTEyOF5BMl5BanBnXkFtZTgwNTk3MTM5MjI@._V1_SX300.jpg
175569,https://m.media-amazon.com/images/M/MV5BMTUyMjU1OTUwM15BMl5BanBnXkFtZTgwMDg1NDQ2MjI@._V1_SX300.jpg
175577,https://m.media-amazon.com/images/M/MV5BZWUxM2FlNzktZTUzZC00YmU0LTg2MGItNzQxMGYwZTAzYWFiXkEyXkFqcGdeQXVyNzc2ODcwNzA@._V1_SX300.jpg
175585,https://m.media-amazon.com/images/M/MV5BZDc4MzgxYzEtOTAxOC00NzY5LTk5NjctMTllYTQ3ZjYzZmQ1XkEyXkFqcGc@._V1_SX300.jpg
175661,https://m.media-amazon.com/images/M/MV5BMTc4NjAxMjU4OV5BMl5BanBnXkFtZTgwNzQyMzIwMjI@._V1_SX300.jpg
175693,https://m.media-amazon.com/images/M/MV5BZmI5OWFmMTktMDkxZS00MDVmLWIwMTYtZGVhNzZjMjQ5ZmYwXkEyXkFqcGc@._V1_SX300.jpg
175705,https://m.media-amazon.com/images/M/MV5BYTNkZmQzOWEtZjBjOC00NzQxLTk5NmYtOWQzYjk4YTFiMzE3XkEyXkFqcGc@._V1_SX300.jpg
175707,https://m.media-amazon.com/images/M/MV5BM2Q4ODdiMzMtZTA2NS00MDMxLWFlNzctNTRkN2NkZTEzYjRkXkEyXkFqcGdeQXVyMjQ4MzQxODA@._V1_SX300.jpg
175743,https://m.media-amazon.com/images/M/MV5BN2JmOGZkNGMtOTVlYi00YWQ1LTgwNjQtZjc0NmU1ZmQyNjE2XkEyXkFqcGc@._V1_SX300.jpg
175781,https://m.media-amazon.com/images/M/MV5BNDMyYzk0YWQtYTQzZi00ZDAxLWIwMGUtZGM1NmJhZTFmOWZkXkEyXkFqcGc@._V1_SX300.jpg
176051,https://m.media-amazon.com/images/M/MV5BZjYwODBmMDMtZDhlMy00MmRhLWE3YmUtOGNmMWQwOWMyYzI4XkEyXkFqcGdeQXVyNTM0MDc1ODE@._V1_SX300.jpg
176101,https://m.media-amazon.com/images/M/MV5BMjQ3OTgzMzY4NF5BMl5BanBnXkFtZTgwOTc4OTQyMzI@._V1_SX300.jpg
176329,https://m.media-amazon.com/images/M/MV5BNWFmMzY1ZGEtMmMxNy00ZjQ2LTlhNzctYTdkZWUyZTYxMWM0XkEyXkFqcGc@._V1_SX300.jpg
176371,https://m.media-amazon.com/images/M/MV5BNzA1Njg4NzYxOV5BMl5BanBnXkFtZTgwODk5NjU3MzI@._V1_SX300.jpg
176389,https://m.media-amazon.com/images/M/MV5BMzE2MWI4OGYtNzNjZi00NzFiLWJjOGYtOThmZDg2MWY2OWVlXkEyXkFqcGc@._V1_SX300.jpg
176413,https://m.media-amazon.com/images/M/MV5BZWQ3OWEzMTUtNWY0ZS00ZTFiLTgxZmItMmY4MjY2ZDM2MGQ4XkEyXkFqcGc@._V1_SX300.jpg
176415,https://m.media-amazon.com/images/M/MV5BMjI2MTU4MDM5MV5BMl5BanBnXkFtZTgwODczNjI2MjE@._V1_SX300.jpg
176419,https://m.media-amazon.com/images/M/MV5BMzc5ODExODE0MV5BMl5BanBnXkFtZTgwNDkzNDUxMzI@._V1_SX300.jpg
176423,https://m.media-amazon.com/images/M/MV5BNGE4M2MxOWUtYmY2ZC00ZWYxLWIxZTAtNTNjYTZmYmUyOGY2XkEyXkFqcGc@._V1_SX300.jpg
176579,https://m.media-amazon.com/images/M/MV5BY2E5YjQ3MzAtNzNlMi00NDkxLTg1MGMtYWIwOTk2ODRjMjIyXkEyXkFqcGc@._V1_SX300.jpg
176601,https://m.media-amazon.com/images/M/MV5BNDkxN2ZjYWEtMzYyOC00Y2YzLTgwZmMtZmUxNDdlMWIwN2VjXkEyXkFqcGc@._V1_SX300.jpg
176621,https://m.media-amazon.com/images/M/MV5BZTE2NWVhMzctNjAxNC00MWE4LThlMzItZGZmMjZhYjAyOTZhXkEyXkFqcGc@._V1_SX300.jpg
176751,https://m.media-amazon.com/images/M/MV5BMTUxNzUwMjk1Nl5BMl5BanBnXkFtZTgwNDkwODI1MjI@._V1_SX300.jpg
176805,https://m.media-amazon.com/images/M/MV5BZWJhOTgzNTktY2RlYS00OGFiLWE5NzItNTYyNjA2YWRkMTBhXkEyXkFqcGdeQXVyNzQ0NDk2NTA@._V1_SX300.jpg
176935,https://m.media-amazon.com/images/M/MV5BMTA0OTQwMTIxNzheQTJeQWpwZ15BbWU4MDQ1MzI3OTMy._V1_SX300.jpg
177185,https://m.media-amazon.com/images/M/MV5BM2VhZTE2NzctODc2OS00NTU3LWE4NjMtNTRmMmRkNWM1NzAyXkEyXkFqcGc@._V1_SX300.jpg
177285,https://m.media-amazon.com/images/M/MV5BNDYxNmUyNDctMmQ5Zi00OTM0LWI1ZjktN2Y5MzliZjU5MmNhXkEyXkFqcGc@._V1_SX300.jpg
177593,https://m.media-amazon.com/images/M/MV5BMjI0ODcxNzM1N15BMl5BanBnXkFtZTgwMzIwMTEwNDI@._V1_SX300.jpg
177615,https://m.media-amazon.com/images/M/MV5BNjk5MzcyOWQtNzE1Mi00NzdmLTlkM2QtOTdjZThhMDc2Y2NjXkEyXkFqcGc@._V1_SX300.jpg
177763,https://m.media-amazon.com/images/M/MV5BNTlkYjBlZTctZjg2YS00NDMzLTlkMTMtNWExMGYyOTliMmEzXkEyXkFqcGc@._V1_SX300.jpg
177765,https://m.media-amazon.com/images/M/MV5BMDIyM2E2NTAtMzlhNy00ZGUxLWI1NjgtZDY5MzhiMDc5NGU3XkEyXkFqcGc@._V1_SX300.jpg
177939,https://m.media-amazon.com/images/M/MV5BMTU3ZWNkOWEtMjAyMC00NThhLThkZjEtMTJmZjFmN2UwMWMyXkEyXkFqcGc@._V1_SX300.jpg
178061,https://m.media-amazon.com/images/M/MV5BMjI5MDY1NjYzMl5BMl5BanBnXkFtZTgwNjIzNDAxNDM@._V1_SX300.jpg
178111,https://m.media-amazon.com/images/M/MV5BODc4MzlkY2ItZDk0Zi00YTkwLTkzNDAtZWUwMDYzY2NlMDI1XkEyXkFqcGc@._V1_SX300.jpg
178129,https://m.media-amazon.com/images/M/MV5BMTQyOTE3NTU1Ml5BMl5BanBnXkFtZTcwNTUwODI1OA@@._V1_SX300.jpg
178323,https://m.media-amazon.com/images/M/MV5BMTUzNzAxNTM0MV5BMl5BanBnXkFtZTgwODE1NzMzMzI@._V1_SX300.jpg
178613,https://m.media-amazon.com/images/M/MV5BMmFiMTQzZmItNjdjMi00Yjc0LWI0YWItNmIxOWVlOGIyYWIxXkEyXkFqcGc@._V1_SX300.jpg
178615,https://m.media-amazon.com/images/M/MV5BNDIxMTA5MTM2NV5BMl5BanBnXkFtZTgwNTQ5MzczOTE@._V1_SX300.jpg
178827,https://m.media-amazon.com/images/M/MV5BNTk1YzlhMTUtZmU5MC00NmRmLTlkZjItYzQ0NTY4Y2NiNzc4XkEyXkFqcGc@._V1_SX300.jpg
179053,https://m.media-amazon.com/images/M/MV5BZTA5YmZjMGUtOTUyMC00YTVhLWI5ZDItMTNhZjk3OWFmZjkzXkEyXkFqcGc@._V1_SX300.jpg
179073,https://m.media-amazon.com/images/M/MV5BYTc4MDA3M2QtMmM3ZC00ZTAwLWE1YmItMDVjM2VkNTBiMGZjXkEyXkFqcGdeQXVyMjQzMzQzODY@._V1_SX300.jpg
179119,https://m.media-amazon.com/images/M/MV5BMTcxMDc1NjcyNl5BMl5BanBnXkFtZTgwNDU0NDYxMzI@._V1_SX300.jpg
179133,https://m.media-amazon.com/images/M/MV5BMTU3NjE2NjgwN15BMl5BanBnXkFtZTgwNDYzMzEwMzI@._V1_SX300.jpg
179135,https://m.media-amazon.com/images/M/MV5BNmUwYThjM2UtNTg1Yy00MzRlLThhMmYtNjlmOWU0ZmQxZDA3XkEyXkFqcGc@._V1_SX300.jpg
179211,https://m.media-amazon.com/images/M/MV5BMGJhOGM2ZTUtYWEyMy00Y2ZlLWJjNjgtYWM3MDg0NWRiZWIxXkEyXkFqcGc@._V1_SX300.jpg
179401,https://m.media-amazon.com/images/M/MV5BZjI5MzdmODctYjA4NS00ZmMxLWJlOWUtOGVhMjA0OGMxMWYzXkEyXkFqcGc@._V1_SX300.jpg
179427,https://m.media-amazon.com/images/M/MV5BMTkzMjg4NzUtMGJmOC00ZWMyLWIxZTEtN2M4YjQ0YjUyMzZiXkEyXkFqcGc@._V1_SX300.jpg
179491,https://m.media-amazon.com/images/M/MV5BM2I2ZGMzNzItZTdkYS00YWNmLWE0NGEtOGY3MTM1YmFkMjYxXkEyXkFqcGc@._V1_SX300.jpg
179511,https://m.media-amazon.com/images/M/MV5BYWQ2ZTFiMjctYjliYy00ZmUyLTgyYmUtOWM2ZjgzMzUzODRkXkEyXkFqcGc@._V1_SX300.jpg
179709,https://m.media-amazon.com/images/M/MV5BMTA2NjAyMDIzMzleQTJeQWpwZ15BbWU4MDg1NTEwNjMy._V1_SX300.jpg
179749,https://m.media-amazon.com/images/M/MV5BMjA2MTkxMDYzN15BMl5BanBnXkFtZTgwNTc3Mzc4MzI@._V1_SX300.jpg
179813,https://m.media-amazon.com/images/M/MV5BMzM2Njg5NDU4MF5BMl5BanBnXkFtZTgwMDMwMTQ1MzI@._V1_SX300.jpg
179815,https://m.media-amazon.com/images/M/MV5BNmQ4ODQwNTMtMDk3OC00NzMzLTgzNGQtOTA2ZWExMDI3Yjg2XkEyXkFqcGc@._V1_SX300.jpg
179817,https://m.media-amazon.com/images/M/MV5BMjIyNDkyMTgzMV5BMl5BanBnXkFtZTgwNTQwNjg2MzI@._V1_SX300.jpg
179819,https://m.media-amazon.com/images/M/MV5BMjQ1MzcxNjg4N15BMl5BanBnXkFtZTgwNzgwMjY4MzI@._V1_SX300.jpg
179953,https://m.media-amazon.com/images/M/MV5BMTUwNTA4MDMxNl5BMl5BanBnXkFtZTgwMjE4NjQ0MzI@._V1_SX300.jpg
180031,https://m.media-amazon.com/images/M/MV5BOGFlMTM2MTgtZDdlMy00ZDZlLWFjOTUtZDMzMGEwNmNiMWY0XkEyXkFqcGc@._V1_SX300.jpg
180045,https://m.media-amazon.com/images/M/MV5BNmYxYTg1ZDktNjc1Yy00MjVlLTk2Y2MtNmMzZTBkZDNjZjdlXkEyXkFqcGc@._V1_SX300.jpg
180095,https://m.media-amazon.com/images/M/MV5BYmFkYTlhNWUtMzliMS00ODIyLThlMmUtOGQ0N2RmOTg4YjJiXkEyXkFqcGc@._V1_SX300.jpg
180231,https://m.media-amazon.com/images/M/MV5BNDA4Nzc1OTg2OV5BMl5BanBnXkFtZTgwODE3ODgwNDI@._V1_SX300.jpg
180263,https://m.media-amazon.com/images/M/MV5BZThiZTZjMGQtOWRhYy00NzVmLTg4MTktMzQwMWE0Y2FlZmUzXkEyXkFqcGc@._V1_SX300.jpg
180265,https://m.media-amazon.com/images/M/MV5BMjM3OTY1OTAxNl5BMl5BanBnXkFtZTgwMTI0MTUxNDM@._V1_SX300.jpg
180297,https://m.media-amazon.com/images/M/MV5BMmZlMjUxZDktNGNjYS00NmI2LWFhYTAtOGY2MjQwNTM1M2U4XkEyXkFqcGc@._V1_SX300.jpg
180497,https://m.media-amazon.com/images/M/MV5BMjQyMjEwOTIwNV5BMl5BanBnXkFtZTgwOTkzNTMxNDM@._V1_SX300.jpg
180777,
180985,https://m.media-amazon.com/images/M/MV5BMjI1NDYzNzY2Ml5BMl5BanBnXkFtZTgwODQwODczNTM@._V1_SX300.jpg
180987,https://m.media-amazon.com/images/M/MV5BMjI4Mjk0NzQwOF5BMl5BanBnXkFtZTgwNjg3MjI2MjI@._V1_SX300.jpg
181065,https://m.media-amazon.com/images/M/MV5BMTM3YzgxNzgtOTU5Mi00NGQzLWEzMjQtYzU0YzUyMjU0YzFmXkEyXkFqcGc@._V1_SX300.jpg
181139,https://m.media-amazon.com/images/M/MV5BYTJiN2ZlZTktY2U3Ni00ODQxLWI4YzYtYTRkNzEzYmY5MmRhXkEyXkFqcGc@._V1_SX300.jpg
181315,https://m.media-amazon.com/images/M/MV5BOTMzNWNhNDctMTM2MC00N2EwLThjYTEtMmQ2ZDAyNDVlNzgyXkEyXkFqcGc@._V1_SX300.jpg
181413,https://m.media-amazon.com/images/M/MV5BNjVlMjdhNmUtOTY0Mi00YWI2LWIzYjQtYWUyYmViMDI5OTM4XkEyXkFqcGc@._V1_SX300.jpg
181659,https://m.media-amazon.com/images/M/MV5BMGVhMzU4YWUtMTVkNC00NWI5LTgxMmMtOThlNDRiZDNkOGExXkEyXkFqcGc@._V1_SX300.jpg
181719,https://m.media-amazon.com/images/M/MV5BNDk5OGZlODItNTY1ZS00NGFhLWIwMzEtY2I0NjI4MjMxMmE5XkEyXkFqcGc@._V1_SX300.jpg
182293,https://m.media-amazon.com/images/M/MV5BMGVjNjIzY2UtYjhjMC00NjkyLTkyOTMtNDFhYmM4NmJjOWZiXkEyXkFqcGc@._V1_SX300.jpg
182297,https://m.media-amazon.com/images/M/MV5BM2YxNzNkZTMtNDY3MS00ZDE3LWJlMmEtZDA3ZjEwYjk0YjBhXkEyXkFqcGc@._V1_SX300.jpg
182299,https://m.media-amazon.com/images/M/MV5BNWI1NDJkZjAtMzVmMy00YzMwLTk3MmEtMDkxZmYwM2UxYTRlXkEyXkFqcGc@._V1_SX300.jpg
182639,https://m.media-amazon.com/images/M/MV5BMTM1NTIzMDgyMl5BMl5BanBnXkFtZTcwNDU2NTIyNw@@._V1_SX300.jpg
182715,https://m.media-amazon.com/images/M/MV5BMTk2Mjc2NzYxNl5BMl5BanBnXkFtZTgwMTA2OTA1NDM@._V1_SX300.jpg
182727,https://m.media-amazon.com/images/M/MV5BNzA4NDdlY2ItYjc2Yi00ZDg1LTgxMDAtYzgxNTJhZjA4OTJhXkEyXkFqcGc@._V1_SX300.jpg
182731,https://m.media-amazon.com/images/M/MV5BMWIzNDg2MTYtZTE3Ny00ZDRmLTg1OTUtZDMyMmY0YzBjNzE2XkEyXkFqcGc@._V1_SX300.jpg
182749,https://m.media-amazon.com/images/M/MV5BMTY2NTAyNTYyOV5BMl5BanBnXkFtZTgwNDU2NTI0NDM@._V1_SX300.jpg
182793,https://m.media-amazon.com/images/M/MV5BMTM3MTQxMTM3Nl5BMl5BanBnXkFtZTcwMjI3MDY5Mg@@._V1_SX300.jpg
182823,https://m.media-amazon.com/images/M/MV5BMTcyNzk5NDg1Nl5BMl5BanBnXkFtZTgwNTM5MDQxNDM@._V1_SX300.jpg
183011,https://m.media-amazon.com/images/M/MV5BMTc0NDg1MjI4OV5BMl5BanBnXkFtZTgwMDIwMTEwNDI@._V1_SX300.jpg
183197,
183199,https://m.media-amazon.com/images/M/MV5BMTc0NzY3NDM0Nl5BMl5BanBnXkFtZTgwMDkzMzQwNDI@._V1_SX300.jpg
183227,
183295,https://m.media-amazon.com/images/M/MV5BMTUxODU0NjQ2Nl5BMl5BanBnXkFtZTgwMTc4NDQ0MzI@._V1_SX300.jpg
183301,https://m.media-amazon.com/images/M/MV5BMTc3Njc0OTU3MV5BMl5BanBnXkFtZTYwODM2NzE5._V1_SX300.jpg
183317,https://m.media-amazon.com/images/M/MV5BYTVjMDk1N2QtNDEyOC00ZDU5LWE1NjUtNDI4ZGIwYTJhNmQ5XkEyXkFqcGc@._V1_SX300.jpg
183611,https://m.media-amazon.com/images/M/MV5BMjI3ODkzNDk5MF5BMl5BanBnXkFtZTgwNTEyNjY2NDM@._V1_SX300.jpg
183635,https://m.media-amazon.com/images/M/MV5BMTYyNzk3MDc2NF5BMl5BanBnXkFtZTgwMDk3OTM1NDM@._V1_SX300.jpg
183897,https://m.media-amazon.com/images/M/MV5BZTVmZWFmYWYtZTY1NC00Yjg5LTkxZGItZjhiYTExNTExNjA3XkEyXkFqcGc@._V1_SX300.jpg
183911,https://m.media-amazon.com/images/M/MV5BMzc2YmJlZGQtYmRkNC00NmFmLWEyZjEtYjRjNDEwOGU2YmY1XkEyXkFqcGc@._V1_SX300.jpg
183959,https://m.media-amazon.com/images/M/MV5BZjZhYjU5MWItODA0ZS00N2JhLTljNGEtNmIzOTkzZjQwYzRmXkEyXkFqcGc@._V1_SX300.jpg
184015,https://m.media-amazon.com/images/M/MV5BMzM1OTI4NDM4Nl5BMl5BanBnXkFtZTgwMDAwODg2NDM@._V1_SX300.jpg
184053,https://m.media-amazon.com/images/M/MV5BMTMxMDM2MTI5Ml5BMl5BanBnXkFtZTcwNjEzNzc5MQ@@._V1_SX300.jpg
184245,https://m.media-amazon.com/images/M/MV5BYzc1ZWI5MDctYTg1OS00OTkwLWEzMTQtOGNiOGIyMzNiZDk2XkEyXkFqcGc@._V1_SX300.jpg
184253,https://m.media-amazon.com/images/M/MV5BMTAwOTIxMDA0MjZeQTJeQWpwZ15BbWU4MDg1MjgzNzQz._V1_SX300.jpg
184257,https://m.media-amazon.com/images/M/MV5BMTg4Mjc1NjE4Ml5BMl5BanBnXkFtZTgwMjk2NjA1NjM@._V1_SX300.jpg
184349,https://m.media-amazon.com/images/M/MV5BMTQxMTAzNDA4NV5BMl5BanBnXkFtZTcwOTQ2MTU0MQ@@._V1_SX300.jpg
184471,https://m.media-amazon.com/images/M/MV5BMTIwNWU2NTEtMDQ0Yi00MjFkLThhN2UtMjJhOGVjN2UyYzFkXkEyXkFqcGc@._V1_SX300.jpg
184641,https://m.media-amazon.com/images/M/MV5BOTkxYTQwMmMtYWNiZC00MGFiLWIzOWYtNjZhZTIwNjU4Njk2XkEyXkFqcGc@._V1_SX300.jpg
184721,https://m.media-amazon.com/images/M/MV5BYTRkOTUxZDItNDU0OC00ODQzLWJkMWEtYjBiODViNGMyYjhjXkEyXkFqcGc@._V1_SX300.jpg
184791,https://m.media-amazon.com/images/M/MV5BMjg2Y2UwZmYtYWZiMS00Y2U2LThkNWUtYWQ0Y2VmYWMyNGY3XkEyXkFqcGc@._V1_SX300.jpg
184931,https://m.media-amazon.com/images/M/MV5BMTkzNjU3MjE0MF5BMl5BanBnXkFtZTgwNTIyNDk0NDM@._V1_SX300.jpg
184987,https://m.media-amazon.com/images/M/MV5BMjMxNjQ5MTI3MV5BMl5BanBnXkFtZTgwMjQ2MTAyNDM@._V1_SX300.jpg
184997,https://m.media-amazon.com/images/M/MV5BN2ViMjNkMDMtY2MwZC00YzRiLWJlY2UtNjU0YzNmMDc3NzkxXkEyXkFqcGc@._V1_SX300.jpg
185029,https://m.media-amazon.com/images/M/MV5BMjI0MDMzNTQ0M15BMl5BanBnXkFtZTgwMTM5NzM3NDM@._V1_SX300.jpg
185031,https://m.media-amazon.com/images/M/MV5BODI4OTk1ODY3N15BMl5BanBnXkFtZTgwMDI1MTcwNjM@._V1_SX300.jpg
185033,https://m.media-amazon.com/images/M/MV5BMjM1MTc3ODcwMV5BMl5BanBnXkFtZTgwNTU2MjA4NDM@._V1_SX300.jpg
185135,https://m.media-amazon.com/images/M/MV5BZDc2ZDMwOGQtZGRhMi00ZTkzLWIxNDMtZDI3MmU5YzljMjNjXkEyXkFqcGc@._V1_SX300.jpg
185435,https://m.media-amazon.com/images/M/MV5BMTUxNjI4MDU2OF5BMl5BanBnXkFtZTgwMDAzMzA1NDM@._V1_SX300.jpg
185473,https://m.media-amazon.com/images/M/MV5BMjE0ODIzNjkzMl5BMl5BanBnXkFtZTgwODQ3MzU4NDM@._V1_SX300.jpg
185585,https://m.media-amazon.com/images/M/MV5BMjI3Nzg0MTM5NF5BMl5BanBnXkFtZTgwOTE2MTgwNTM@._V1_SX300.jpg
186587,https://m.media-amazon.com/images/M/MV5BNDA1NjA3ODU3OV5BMl5BanBnXkFtZTgwOTg3MTIwNTM@._V1_SX300.jpg
187031,https://m.media-amazon.com/images/M/MV5BNzIxMjYwNDEwN15BMl5BanBnXkFtZTgwMzk5MDI3NTM@._V1_SX300.jpg
187541,https://m.media-amazon.com/images/M/MV5BMTEzNzY0OTg0NTdeQTJeQWpwZ15BbWU4MDU3OTg3MjUz._V1_SX300.jpg
187593,https://m.media-amazon.com/images/M/MV5BNGY3N2ZhYmMtYTlmYi00ZWIzLWJiZWMtMjgxMjljYTk3MDAwXkEyXkFqcGc@._V1_SX300.jpg
187595,https://m.media-amazon.com/images/M/MV5BOTM2NTI3NTc3Nl5BMl5BanBnXkFtZTgwNzM1OTQyNTM@._V1_SX300.jpg
187717,https://m.media-amazon.com/images/M/MV5BMjM1NDg1MjUzNF5BMl5BanBnXkFtZTgwNTAxNjIzNTM@._V1_SX300.jpg
188189,https://m.media-amazon.com/images/M/MV5BYjA3ZTYwMzctZTM2ZS00MTllLWE5YzYtOTBjZGRlOTNkODVlXkEyXkFqcGc@._V1_SX300.jpg
188301,https://m.media-amazon.com/images/M/MV5BODVkY2ZmZTAtYzFhMi00YzZlLWE2YWMtMDBiYjY2OTU4ZWM0XkEyXkFqcGc@._V1_SX300.jpg
188675,https://m.media-amazon.com/images/M/MV5BOGU1MGIzMTYtM2JkMy00N2JhLWE2MDgtNDdkNDU2Mjc4NzRjXkEyXkFqcGc@._V1_SX300.jpg
188751,https://m.media-amazon.com/images/M/MV5BMjEwMTM3OTI1NV5BMl5BanBnXkFtZTgwNDk5NTY0NTM@._V1_SX300.jpg
188797,https://m.media-amazon.com/images/M/MV5BM2VhYTg4M2MtMWJiNS00ZTExLWI4MTMtNjE1NTQ1ODA0MTJjXkEyXkFqcGc@._V1_SX300.jpg
188833,https://m.media-amazon.com/images/M/MV5BZWRmOTY5MGYtNjAyYS00ZjUzLTk1YWQtOTMyMDFlNWNmOTI0XkEyXkFqcGc@._V1_SX300.jpg
189043,https://m.media-amazon.com/images/M/MV5BMWYyNTcyZjQtNTJlZi00MWMzLWFjNTgtYWI5ODczZmQ4ZTYzXkEyXkFqcGc@._V1_SX300.jpg
189111,https://m.media-amazon.com/images/M/MV5BMjM5NTcwOTA0OF5BMl5BanBnXkFtZTgwODAzNTc1NTM@._V1_SX300.jpg
189333,https://m.media-amazon.com/images/M/MV5BMTk3NDY5MTU0NV5BMl5BanBnXkFtZTgwNDI3MDE1NTM@._V1_SX300.jpg
189381,https://m.media-amazon.com/images/M/MV5BNjlkMTc5MmMtMjIxZi00MjE2LWJiMWQtNjQwM2FhMWZmMzhhXkEyXkFqcGc@._V1_SX300.jpg
189547,https://m.media-amazon.com/images/M/MV5BMTk1MjE5NjM5Ml5BMl5BanBnXkFtZTgwMzI2NDc2OTE@._V1_SX300.jpg
189713,https://m.media-amazon.com/images/M/MV5BMjUyOTE1NjI0OF5BMl5BanBnXkFtZTgwMTM4ODQ5NTM@._V1_SX300.jpg
190183,https://m.media-amazon.com/images/M/MV5BNGY2N2FjZTctNmRlYS00ZmY2LWI3Y2MtZTJmZWYzZDQzZjYwXkEyXkFqcGc@._V1_SX300.jpg
190207,https://m.media-amazon.com/images/M/MV5BMTQ5Njk3MTk4NF5BMl5BanBnXkFtZTcwNzMzNTg0NA@@._V1_SX300.jpg
190209,https://m.media-amazon.com/images/M/MV5BOWYzMGJhMmEtMmRkNy00MGJlLWI1NmUtMmQ3ZTE5MzcyMzgwXkEyXkFqcGdeQXVyMTk3NDAwMzI@._V1_SX300.jpg
190213,https://m.media-amazon.com/images/M/MV5BZjNlNTBlY2MtMWNjZi00NDJkLThlMzYtNTlkZDcxMGI1NzdhXkEyXkFqcGdeQXVyNTE1Njk4NTc@._V1_SX300.jpg
190215,https://m.media-amazon.com/images/M/MV5BMDVmZDIwYzYtZWVjMS00MjhiLWI1MTktODM5MzQxYTAxOTM0XkEyXkFqcGc@._V1_SX300.jpg
190219,https://m.media-amazon.com/images/M/MV5BOTFjNmI1YmMtNjM5Ni00MjZmLTgxZjctY2M5YjI5YTk4OTdkXkEyXkFqcGc@._V1_SX300.jpg
190221,https://m.media-amazon.com/images/M/MV5BZmNjZjVlYTQtOGFlNC00MTM4LThmNjItNjQ0YWNmYmQ3MjA0XkEyXkFqcGdeQXVyNjMyMzkyMDk@._V1_SX300.jpg
191005,https://m.media-amazon.com/images/M/MV5BY2EzYzdjY2MtZGIyNS00NTIzLTgzY2QtYjM5NDNkMDQ0MDAyXkEyXkFqcGc@._V1_SX300.jpg
193565,https://m.media-amazon.com/images/M/MV5BMjEyZjQ0MGUtZTlmOS00NTE4LTljM2ItZjM2MjRhOGQ5YTAzXkEyXkFqcGc@._V1_SX300.jpg
193567,https://m.media-amazon.com/images/M/MV5BNTc1NzEwOTU0MV5BMl5BanBnXkFtZTgwNTMxMzY5MDE@._V1_SX300.jpg
193571,https://m.media-amazon.com/images/M/MV5BOTFiYmZjZmQtYjlhYy00MWFiLWE0ZTUtNDg3Y2Q0Y2IzZDJlXkEyXkFqcGc@._V1_SX300.jpg
193573,https://m.media-amazon.com/images/M/MV5BMjQzODQzNzQ0MV5BMl5BanBnXkFtZTgwNDYzMDUxODE@._V1_SX300.jpg
193579,https://m.media-amazon.com/images/M/MV5BZjJmZGNhYjUtNTczNC00MjcxLTlhNzEtYTA4MzYxMzhhMmJlXkEyXkFqcGc@._V1_SX300.jpg
193581,https://m.media-amazon.com/images/M/MV5BYzNjMjZhYTYtMGRiNS00MGJmLTlkYTUtMDI1Y2QxZjdiZDFhXkEyXkFqcGc@._V1_SX300.jpg
193583,https://m.media-amazon.com/images/M/MV5BMTRhOTU3NmEtMzg4My00YmM0LWE5NWEtYjM5NDJlNDc1MGE1XkEyXkFqcGc@._V1_SX300.jpg
193585,https://m.media-amazon.com/images/M/MV5BYzVlNWFmNjEtMmU0ZC00ZWUxLWI3NjUtNDRkNmRkODcyY2YyXkEyXkFqcGdeQXVyMTM3NzQ5NzQ@._V1_SX300.jpg
193587,https://m.media-amazon.com/images/M/MV5BMjM5MGI1OGItNjY0NC00MGMwLWJmMzQtMTI1ZDJmNzgzZjM0XkEyXkFqcGc@._V1_SX300.jpg
193609,https://m.media-amazon.com/images/M/MV5BYjQ5NGY5NjYtNzI5NC00ZjVmLTgzNzctZmExNTE3ZDA0OTQ5XkEyXkFqcGdeQXVyMTY5Nzc4MDY@._V1_SX300.jpg
1198,https://m.media-amazon.com/images/M/MV5BOGNhMjg2ZjgtYzk4Ni00MTViLTg1MmUtYzM2MDZiYjZlMmU3XkEyXkFqcGc@._V1_SX300.jpg
1231,https://m.media-amazon.com/images/M/MV5BZmNiMWIxZDEtYWE0Zi00YzU5LTk4NzctNmE2YThiMGUzYzlkXkEyXkFqcGc@._V1_SX300.jpg
1241,https://m.media-amazon.com/images/M/MV5BMzU0Y2FhNDAtYzNlOC00MTNhLWFjYTUtMWMwMTUxZjlmYjc0XkEyXkFqcGc@._V1_SX300.jpg
1293,https://m.media-amazon.com/images/M/MV5BNTg3ODhlZTEtM2Q3MC00YzMxLWJjN2YtOWUyMDIyYTlhYzM3XkEyXkFqcGc@._V1_SX300.jpg
1303,https://m.media-amazon.com/images/M/MV5BYTE2MGQyYWItZTQxMy00MzVjLTljZjItMWE0MjJhMzZiZTkxXkEyXkFqcGc@._V1_SX300.jpg
1304,https://m.media-amazon.com/images/M/MV5BMTkyMTM2NDk5Nl5BMl5BanBnXkFtZTgwNzY1NzEyMDE@._V1_SX300.jpg
1305,https://m.media-amazon.com/images/M/MV5BYWY5YzE4YmUtZWFhMS00YjYxLWI5ZGUtNDEyNmMzNDVjMGEwXkEyXkFqcGc@._V1_SX300.jpg
1306,https://m.media-amazon.com/images/M/MV5BYTMzZjk4Y2YtOWZiOS00OThkLWI5MzgtMDI4Mjg1MjU5NGZjXkEyXkFqcGc@._V1_SX300.jpg
1307,https://m.media-amazon.com/images/M/MV5BMjE0ODEwNjM2NF5BMl5BanBnXkFtZTcwMjU2Mzg3NA@@._V1_SX300.jpg
1312,https://m.media-amazon.com/images/M/MV5BNDJjZTBkN2UtMTU1Ni00NjQ1LWJiNzItNDY2MTkxZDIzNjU0XkEyXkFqcGc@._V1_SX300.jpg
1318,https://m.media-amazon.com/images/M/MV5BMmNjNzM4NDQtNjQ4MS00NzAzLTkzOTYtOTFiMTg0OGNiZjI0XkEyXkFqcGc@._V1_SX300.jpg
1320,https://m.media-amazon.com/images/M/MV5BOGZiNmVlZGEtM2VmMi00ZTFkLTliMzEtZDNhYzUzNTcxMGY3XkEyXkFqcGc@._V1_SX300.jpg
1321,https://m.media-amazon.com/images/M/MV5BOWYyNmMwMTUtZjE2OC00YWQzLWJmMzctNzhmMDI1OTQwNzdhXkEyXkFqcGc@._V1_SX300.jpg
1322,https://m.media-amazon.com/images/M/MV5BNTdjMWU5NjUtOTA2NS00NmYwLTgxOTAtZmU0MTlhZTViMWEyXkEyXkFqcGdeQXVyMTk5MjAyMjM@._V1_SX300.jpg
1323,https://m.media-amazon.com/images/M/MV5BMTM4NGU5ZTYtODRmMy00OTQ2LTljNjUtNTNhOTlkYjYyMTA1XkEyXkFqcGc@._V1_SX300.jpg
1324,https://m.media-amazon.com/images/M/MV5BYzEzYjUzNGItOGU3Zi00ZDQ1LWI2NTktNzRmMzAxN2NhODBjXkEyXkFqcGdeQXVyMTk5MjAyMjM@._V1_SX300.jpg
1325,https://m.media-amazon.com/images/M/MV5BNDJkYTBlNDAtYjVmMy00YzhiLTljMjItZGI2ZDY3NjJlMzAyXkEyXkFqcGdeQXVyNTM3MDMyMDQ@._V1_SX300.jpg
1326,https://m.media-amazon.com/images/M/MV5BMTYwMTAyOTY4OF5BMl5BanBnXkFtZTcwNjMwODQ2NA@@._V1_SX300.jpg
1327,https://m.media-amazon.com/images/M/MV5BYzU4NGM2NjktMzBiNy00OTljLWIwNjQtMzRiNjk3OTc3NzFlXkEyXkFqcGc@._V1_SX300.jpg
1328,https://m.media-amazon.com/images/M/MV5BZDFkNGVjMGEtMGVlOS00ZTdjLWJiNGYtOWZkNTllNDA5ZmExXkEyXkFqcGdeQXVyMTQxNzMzNDI@._V1_SX300.jpg
1329,https://m.media-amazon.com/images/M/MV5BZDFlZDYwZTUtZjY5Zi00NTIwLTk0MjMtYzhjZmEwNzI2ZTE1XkEyXkFqcGc@._V1_SX300.jpg
1330,https://m.media-amazon.com/images/M/MV5BYjY0MTYxN2QtMjEwYy00MzRjLWIyZmYtYjczNjU5NDAwMWEzXkEyXkFqcGc@._V1_SX300.jpg
1331,https://m.media-amazon.com/images/M/MV5BMGUzODljNmQtODg0My00ZTk3LWEwM2ItOGM3NjQ4MzQ1MWNmXkEyXkFqcGc@._V1_SX300.jpg
1332,https://m.media-amazon.com/images/M/MV5BYjQ2MWI2M2YtMjY1Mi00OTJkLThhZmUtYzI3MWM5ZDA5MGFjXkEyXkFqcGc@._V1_SX300.jpg
1333,https://m.media-amazon.com/images/M/MV5BMTAxNDA1ODc5MDleQTJeQWpwZ15BbWU4MDg2MDA4OTEx._V1_SX300.jpg
1334,https://m.media-amazon.com/images/M/MV5BMGIzMjdlZDMtMDYzMy00ZjE0LWIxZmMtZDFkOTBlNTY5ZmQ3XkEyXkFqcGc@._V1_SX300.jpg
1335,https://m.media-amazon.com/images/M/MV5BZjU3MWUxNjktZjNiNy00MWI5LWEzMTUtZjEyMzU2NjNkOGUyXkEyXkFqcGc@._V1_SX300.jpg
1336,https://m.media-amazon.com/images/M/MV5BM2U5ZWQ3MDQtZWJmMS00NTBlLTk5NjktMjdmMzUxOGNlZDgxXkEyXkFqcGc@._V1_SX300.jpg
1337,https://m.media-amazon.com/images/M/MV5BNDJkMWM5ZTEtNDJiZi00OWU2LWEwYzAtZGMzMzc1N2YzMGJjXkEyXkFqcGc@._V1_SX300.jpg
1339,https://m.media-amazon.com/images/M/MV5BMmVhNzhlMzMtYjJkNy00ODU4LWJmMjUtYzdlMGI3MTQ3YzBhXkEyXkFqcGc@._V1_SX300.jpg
1340,https://m.media-amazon.com/images/M/MV5BNTExZmY1YjAtMjc1MS00NGZhLWJjMGEtYjk3MTQyZTNmNGE2XkEyXkFqcGc@._V1_SX300.jpg
1341,https://m.media-amazon.com/images/M/MV5BMjEzNzYzNTc3Nl5BMl5BanBnXkFtZTgwMDUwNTkyMTE@._V1_SX300.jpg
1342,https://m.media-amazon.com/images/M/MV5BMmZhN2NhOTEtMmVhZC00NWM5LWE4ODgtZGUwMDQxOGViNjY4XkEyXkFqcGc@._V1_SX300.jpg
1343,https://m.media-amazon.com/images/M/MV5BNTBkNTYwZTctOTgxYS00ZmIyLTgzNDAtODJhZjg2MDUwNmFlXkEyXkFqcGc@._V1_SX300.jpg
1344,https://m.media-amazon.com/images/M/MV5BZTI0ZDQyMjUtMGY1OC00NTFiLThhYjQtOTg0YTM4NTA2NjUzXkEyXkFqcGc@._V1_SX300.jpg
1345,https://m.media-amazon.com/images/M/MV5BNjMwMDVlZjYtMWRlZS00OTU1LTlmYTQtOGViNTdmYTE0ZjRlXkEyXkFqcGc@._V1_SX300.jpg
1346,https://m.media-amazon.com/images/M/MV5BMzk0MDY3NjQtOGM4ZC00YjQ3LTg4ZTEtZDA3OWJhZWRjMzhmXkEyXkFqcGc@._V1_SX300.jpg
1347,https://m.media-amazon.com/images/M/MV5BNTZmN2VlMWMtMTdlMi00NDBhLWIyODMtODEwMzM0ODMwMWYwXkEyXkFqcGc@._V1_SX300.jpg
1348,https://m.media-amazon.com/images/M/MV5BNDg1OTI1M2MtMTVlMS00ZjFhLTgyMTAtYjIzOWUwZTkyZWE5XkEyXkFqcGc@._V1_SX300.jpg
1349,https://m.media-amazon.com/images/M/MV5BNTQ2ZTE1OGEtZjU0Zi00NTM0LTk4ZGItYmEyNWRjNzY0YzNlXkEyXkFqcGc@._V1_SX300.jpg
1350,https://m.media-amazon.com/images/M/MV5BOTgxNjY0OTEtYWExOC00OWJiLWEzY2ItNzNjYTY0YjhjNjlhXkEyXkFqcGc@._V1_SX300.jpg
1351,https://m.media-amazon.com/images/M/MV5BMDE2ZTE1MTctN2Y3Mi00MTgzLThjZmMtZDk4YTkyYmMzMGZjXkEyXkFqcGc@._V1_SX300.jpg
1352,https://m.media-amazon.com/images/M/MV5BNDUzYTc3ZWMtY2I0Yi00MTBmLThhODAtOWQ3ZWZlOWViZGM1XkEyXkFqcGc@._V1_SX300.jpg
1353,https://m.media-amazon.com/images/M/MV5BNGQyMDk2YTMtMzhkNy00OGM3LWE1MWYtN2Q4MmEzOGEyM2NkXkEyXkFqcGc@._V1_SX300.jpg
1354,https://m.media-amazon.com/images/M/MV5BYTdjYjg4MTAtMzU4Ny00ODVkLTlhZDItOThiMDBhODI4MTVhXkEyXkFqcGc@._V1_SX300.jpg
1355,https://m.media-amazon.com/images/M/MV5BNTE0YTVlMmEtZmNkYS00OWE2LTgwYWEtOTMwNzNlZjYxYTBmXkEyXkFqcGc@._V1_SX300.jpg
1356,https://m.media-amazon.com/images/M/MV5BZjc0OWE1NDMtNjRmMi00ZDc2LWI2ZmQtNzEwNWU4Nzg4NDA5XkEyXkFqcGc@._V1_SX300.jpg
1357,https://m.media-amazon.com/images/M/MV5BODZlMjRmN2UtZmY1Yi00YjhjLTg4OTAtZmQxNWMwZTY5YjI4XkEyXkFqcGc@._V1_SX300.jpg
1358,https://m.media-amazon.com/images/M/MV5BNDM5MjhhMDgtMmVmYy00ODNlLWI1OGMtMzAzNmY5OGRmNjk0XkEyXkFqcGc@._V1_SX300.jpg
1359,https://m.media-amazon.com/images/M/MV5BNDgzMjQ0YTctZGJhNy00ZjJjLTk5YWMtZmI2YTgwOTJmYWJkXkEyXkFqcGc@._V1_SX300.jpg
1361,https://m.media-amazon.com/images/M/MV5BZmMyNGMyYTktOGRjMi00MTE2LTk0ZjctYWY3MDZjNDMwYjhiXkEyXkFqcGc@._V1_SX300.jpg
1363,https://m.media-amazon.com/images/M/MV5BNDU5M2JiMjAtYmJhNS00Yjk0LWJmNWMtN2ZhM2Y3ZTY2MTk0XkEyXkFqcGc@._V1_SX300.jpg
1365,https://m.media-amazon.com/images/M/MV5BZDhiZjliZGItNGYxYy00MzY4LTg5ZDgtODVmZTQ1MzE1Njk5XkEyXkFqcGc@._V1_SX300.jpg
1366,https://m.media-amazon.com/images/M/MV5BNTQwMzQ4Y2YtODRhMS00NGQ2LThkZTctMTJkNWM4NzM4N2Q2XkEyXkFqcGc@._V1_SX300.jpg
1367,https://m.media-amazon.com/images/M/MV5BOTA5MjAzZWYtZmQxMC00NWE0LWJkNWMtMzczNjg3ZTM1ZGRiXkEyXkFqcGc@._V1_SX300.jpg
1370,https://m.media-amazon.com/images/M/MV5BMTA1OGFlZWUtZjE4Yy00MzFmLTlhYjctOGY5ZmZjOWFlOWUwXkEyXkFqcGc@._V1_SX300.jpg
1371,https://m.media-amazon.com/images/M/MV5BNjcyMmVmMTItNTA3Yy00NGJjLTlmYjQtZWQ3ZjcyNmU5NDQ2XkEyXkFqcGc@._V1_SX300.jpg
1372,https://m.media-amazon.com/images/M/MV5BNDgzYjM5MWQtYTkzNy00OWZlLWEzMDctYjA5MDUyNmJhZjM5XkEyXkFqcGc@._V1_SX300.jpg
1373,https://m.media-amazon.com/images/M/MV5BNWEzYmU4ZDYtNWMwMi00YWRmLTg3NDQtMWFhYTI3YWQ2OTQ3XkEyXkFqcGc@._V1_SX300.jpg
1374,https://m.media-amazon.com/images/M/MV5BOTFkZDY5NWQtMjY4Yy00OThiLTk3YjQtMDdhYTllMTI4MTdiXkEyXkFqcGc@._V1_SX300.jpg
1375,https://m.media-amazon.com/images/M/MV5BYzNkOTZjMTMtOWYzZS00Yjg2LTgyMzQtMmNjODdkYzM0ZjhmXkEyXkFqcGc@._V1_SX300.jpg
1376,https://m.media-amazon.com/images/M/MV5BYmZlYWYwMzUtMjYzMy00MWI1LTg3MDctOTdjYjA2MDkwNGU5XkEyXkFqcGc@._V1_SX300.jpg
1377,https://m.media-amazon.com/images/M/MV5BZTliMDVkYTktZDdlMS00NTAwLWJhNzYtMWIwMDZjN2ViMGFiXkEyXkFqcGc@._V1_SX300.jpg
1378,https://m.media-amazon.com/images/M/MV5BMGE5ZjYzMDEtZmQ4ZS00YjczLTk5YWYtNjdkZjY4NmQxNTEyXkEyXkFqcGc@._V1_SX300.jpg
1379,https://m.media-amazon.com/images/M/MV5BNmQxZDExMWUtMTcwNi00OGIwLWI0MzktOGU4MDZhZmFmYzdkXkEyXkFqcGc@._V1_SX300.jpg
1380,https://m.media-amazon.com/images/M/MV5BNGY0NzE0ZTctN2YzNC00M2IwLWI0OWYtMTAwZWU2NjZhMTQwXkEyXkFqcGc@._V1_SX300.jpg
1381,https://m.media-amazon.com/images/M/MV5BYmMyODA2YjAtMDNhMS00OTFlLThjYjctOTMyODk0OTU1ZWYwXkEyXkFqcGc@._V1_SX300.jpg
1382,https://m.media-amazon.com/images/M/MV5BN2Q3ZjI4OWItOGYzYi00YThiLTllNTgtMGYxNTg3NmVmYjMxXkEyXkFqcGc@._V1_SX300.jpg
1385,https://m.media-amazon.com/images/M/MV5BM2I3YjcwZDgtZjc3Yy00NTU1LWE5NzMtNzlkOWE4ZDc2YzE2XkEyXkFqcGc@._V1_SX300.jpg
1387,https://m.media-amazon.com/images/M/MV5BYjViNDQzNmUtYzkxZi00NTk5LTljMmItYjJlZmZkODIxNjU1XkEyXkFqcGc@._V1_SX300.jpg
1388,https://m.media-amazon.com/images/M/MV5BMzAxN2Q5Y2UtMDBkZS00MGQwLWIyZDEtYTgyNGRlZmZiNjI2XkEyXkFqcGc@._V1_SX300.jpg
1389,https://m.media-amazon.com/images/M/MV5BYmY3YWZiMTAtZGYyYy00ODc3LTk5NjQtY2RhN2QwNzE2ZGI3XkEyXkFqcGc@._V1_SX300.jpg
1390,https://m.media-amazon.com/images/M/MV5BOWYzMzE2OTQtZTNkOS00M2U4LWExYTYtNWE1Yjc3YjJhYjZhXkEyXkFqcGc@._V1_SX300.jpg
1391,https://m.media-amazon.com/images/M/MV5BZjJhNTIxZmQtZjQ3ZC00MTZkLWI2YTItY2Y0ZTdiMmNiNGIyXkEyXkFqcGc@._V1_SX300.jpg
1392,https://m.media-amazon.com/images/M/MV5BYjhiYWVkZGYtYWVkZC00NDY1LTg4NTgtNzQ0ZjFiZTM4ZWQ2XkEyXkFqcGc@._V1_SX300.jpg
1393,https://m.media-amazon.com/images/M/MV5BM2E1ZjU1MjctZjU2Yi00MGE1LWI1MDEtYzBlMWJlNDc1NTQxXkEyXkFqcGc@._V1_SX300.jpg
1394,https://m.media-amazon.com/images/M/MV5BNWIzMTdmZDgtZTc2NS00MDA1LWFiMmMtYzc5YzY0YTEyZjE5XkEyXkFqcGc@._V1_SX300.jpg
1395,https://m.media-amazon.com/images/M/MV5BMDNhZGI2NmQtZThkNy00YzAzLWI0MWItYjNlZmUwZmVlNmRkXkEyXkFqcGc@._V1_SX300.jpg
1396,https://m.media-amazon.com/images/M/MV5BMGEwMmZlMjgtNDc0MS00NmY1LTljMzQtMzBmNmE0OWRkNjViXkEyXkFqcGc@._V1_SX300.jpg
1397,https://m.media-amazon.com/images/M/MV5BODM2ZjQwYTMtMGE5OS00MTEzLTg5MGUtN2U1ZDg4YmQ2MDJhXkEyXkFqcGc@._V1_SX300.jpg
1398,https://m.media-amazon.com/images/M/MV5BMmQwNDlkYmUtZWY3NC00ZjNkLWE1MzUtM2M0ZmU4NDdiNjMwXkEyXkFqcGc@._V1_SX300.jpg
1399,https://m.media-amazon.com/images/M/MV5BZjQzY2E4NjgtMGMwNC00NGQzLWE0ZDEtYzdkNzExMzViYTE3XkEyXkFqcGc@._V1_SX300.jpg
1401,https://m.media-amazon.com/images/M/MV5BMmVlMWRlZjctNWM4YS00YTBiLWJhYjMtMmUxMDAzOGI1NWY0XkEyXkFqcGc@._V1_SX300.jpg
1405,https://m.media-amazon.com/images/M/MV5BNzA2NjczNmEtYjYxYi00ZjE2LTkzYTctYzhkZDdmMjlkY2FmXkEyXkFqcGc@._V1_SX300.jpg
1406,https://m.media-amazon.com/images/M/MV5BNjA1YWVhNTMtMDhiMS00ZmFkLWI5MWUtZGUxODIxNDA5OTMxXkEyXkFqcGc@._V1_SX300.jpg
1407,https://m.media-amazon.com/images/M/MV5BMjA2NjU5MTg5OF5BMl5BanBnXkFtZTgwOTkyMzQxMDE@._V1_SX300.jpg
1408,https://m.media-amazon.com/images/M/MV5BODAxNTAxMDItMzkwZS00ZTEyLWJlZmMtYTc0MGI1NDdkNWZkXkEyXkFqcGc@._V1_SX300.jpg
1409,https://m.media-amazon.com/images/M/MV5BYjVkZGQ0MzgtNmQyNS00MzI3LWEzZjItNDdhMDk1NjQ3ZDcyXkEyXkFqcGc@._V1_SX300.jpg
1411,https://m.media-amazon.com/images/M/MV5BNGNjM2NkMmItMjg4YS00OWZiLTk4ZTAtMTUzMzhkNTUxZDc5XkEyXkFqcGc@._V1_SX300.jpg
1412,https://m.media-amazon.com/images/M/MV5BNDE0ODJhZWUtODEwMC00Y2VlLWE4M2ItMDVmN2JiN2E1MjVhXkEyXkFqcGc@._V1_SX300.jpg
1413,https://m.media-amazon.com/images/M/MV5BMDM1YTQzMTYtZDgwNS00NDBkLTllMTQtYjI1YmM1YzkxNmZhXkEyXkFqcGc@._V1_SX300.jpg
1414,https://m.media-amazon.com/images/M/MV5BYzJlZjE5YTQtMmFhNC00NWE2LTlhNzctYWM1M2ZlOGY3YjE5XkEyXkFqcGc@._V1_SX300.jpg
1415,https://m.media-amazon.com/images/M/MV5BN2NiYTIxYmQtYzA4Ni00NzU3LTkwYzktNzZjMDJkOTg1ZTI3XkEyXkFqcGc@._V1_SX300.jpg
1416,https://m.media-amazon.com/images/M/MV5BODNjMWViYzUtMzk4ZC00NjU4LTlmNjItNzc1ZjRiZGE3Y2E1XkEyXkFqcGc@._V1_SX300.jpg
1417,https://m.media-amazon.com/images/M/MV5BZDA1NGM2NDAtODQwZC00YmQ5LTlkMmYtNmMwNDcyNmZiZTJlXkEyXkFqcGc@._V1_SX300.jpg
1419,https://m.media-amazon.com/images/M/MV5BMTU1MDdmNzEtMWQ5YS00ZjRmLWJlZDgtOWYyZGIxOGQ1ZmVkXkEyXkFqcGc@._V1_SX300.jpg
1422,https://m.media-amazon.com/images/M/MV5BN2RhNDM3OGItYzA2Yy00OTMyLWFmM2MtNzA0NzU5MGUwNzI0XkEyXkFqcGc@._V1_SX300.jpg
1423,https://m.media-amazon.com/images/M/MV5BZjEyMWI3OTktM2M1Zi00YTE0LThjMWYtMzJhM2I4YTM2MWY5XkEyXkFqcGc@._V1_SX300.jpg
1425,https://m.media-amazon.com/images/M/MV5BNzljY2RhYzAtNTBkZC00NTRmLWI2ODYtODhjNTNjMGI4N2Q3XkEyXkFqcGc@._V1_SX300.jpg
1426,https://m.media-amazon.com/images/M/MV5BZWQ0OWZiZTgtMWI0Ni00NTRlLWI0MmMtNWI4MGRiYTBlZDM2XkEyXkFqcGc@._V1_SX300.jpg
1427,https://m.media-amazon.com/images/M/MV5BYWI5MDkyMzEtNTc3ZC00YjBmLWJlNDItN2Y2ZGE4NDRiYTA2XkEyXkFqcGc@._V1_SX300.jpg
1428,https://m.media-amazon.com/images/M/MV5BODdkM2QwNTItZjhmMi00ODc2LWEyNDgtYTdhODc4M2U2YThkXkEyXkFqcGc@._V1_SX300.jpg
1429,https://m.media-amazon.com/images/M/MV5BZmZhZjI1M2MtZTNmMi00ZDc2LTg2ZTgtODBjYjNmOGE0YTBhXkEyXkFqcGc@._V1_SX300.jpg
1430,https://m.media-amazon.com/images/M/MV5BMTQwODQ1MzUxNl5BMl5BanBnXkFtZTcwODcyNDUxMQ@@._V1_SX300.jpg
1431,https://m.media-amazon.com/images/M/MV5BY2IxOTRkMDItYzRjZC00ZDQ4LWEyNTQtZjlmMWExN2U2ZjU5XkEyXkFqcGc@._V1_SX300.jpg
1432,https://m.media-amazon.com/images/M/MV5BZTBjOWE4ZmUtNGYwMy00OTZiLTk2ZjAtODE5ODUwYjRiZTBhXkEyXkFqcGc@._V1_SX300.jpg
1437,https://m.media-amazon.com/images/M/MV5BM2I0NmM2MTctMDgwMy00NWYyLThmYWYtZWI3NzI0NmM0ZDhjXkEyXkFqcGc@._V1_SX300.jpg
1438,https://m.media-amazon.com/images/M/MV5BNmZmZGQ1YmEtZGI1My00NDU1LTk5ODUtODM1ZTRlOTYyMmU3XkEyXkFqcGc@._V1_SX300.jpg
1439,https://m.media-amazon.com/images/M/MV5BZDcxN2UwNTktMWJlMS00NmY3LWIzMGEtMThjY2EzY2Y3MWZhXkEyXkFqcGc@._V1_SX300.jpg
1440,https://m.media-amazon.com/images/M/MV5BNWE3ODk2YmEtNDhiMC00OTE0LWIyNzctYjkxZDllNjY1NzIyXkEyXkFqcGc@._V1_SX300.jpg
1441,https://m.media-amazon.com/images/M/MV5BMTUwMzkyNjIzMl5BMl5BanBnXkFtZTcwMDMyNDcyNA@@._V1_SX300.jpg
1442,https://m.media-amazon.com/images/M/MV5BMTk2MzE0NjQ0Nl5BMl5BanBnXkFtZTcwMzUxMjkxMQ@@._V1_SX300.jpg
1445,https://m.media-amazon.com/images/M/MV5BZTYyNmJkM2MtMzFjZS00ZWMwLWJjNDItNGJiZDY0OGMzMDU4XkEyXkFqcGc@._V1_SX300.jpg
1446,https://m.media-amazon.com/images/M/MV5BNWEzMjFkODMtYzhiNi00M2IyLTk1NmEtYWQ4ZjlkYmViZWU0XkEyXkFqcGc@._V1_SX300.jpg
1447,https://m.media-amazon.com/images/M/MV5BYzdiNjRhMGMtMDk1Mi00ZGI5LTg0MzktZjcxYjc4MTRiYjQ2XkEyXkFqcGc@._V1_SX300.jpg
1449,https://m.media-amazon.com/images/M/MV5BMGY1MjZiOGEtNDE5Mi00N2EwLWI4OGMtYWZkNzJmYjI5ZWQwXkEyXkFqcGc@._V1_SX300.jpg
1453,https://m.media-amazon.com/images/M/MV5BNzEyNGM1NDMtMDI3MS00NzdhLWI5OWQtNzY3NGNkYTEwYmMzXkEyXkFqcGc@._V1_SX300.jpg
1454,https://m.media-amazon.com/images/M/MV5BYWUxZGU1YTktMjUzNS00MzA3LTgzNWItZGQwNGI3YjRmNDRjXkEyXkFqcGc@._V1_SX300.jpg
1456,https://m.media-amazon.com/images/M/MV5BMTdiMzM4NDYtZTMxZi00OTEyLWFiOWMtNjdkNWNhYWY3ZjQ4XkEyXkFqcGc@._V1_SX300.jpg
1457,https://m.media-amazon.com/images/M/MV5BMzg4ZjA0OTUtNDIwMy00ODc0LTg2NzgtNTk4ODExYTJmYmZhXkEyXkFqcGc@._V1_SX300.jpg
1458,https://m.media-amazon.com/images/M/MV5BNzA1YWViZGUtMmE1OC00ZGNjLWJiZWMtZDMyYTU2OWRjOWFiXkEyXkFqcGc@._V1_SX300.jpg
1459,https://m.media-amazon.com/images/M/MV5BMTZkNzU2YmItNmVmMC00OTM2LTg2YTEtOTk0MWRlNWY3NDIxXkEyXkFqcGc@._V1_SX300.jpg
1460,https://m.media-amazon.com/images/M/MV5BNDhiNjU5NGMtYmYxMS00Mjg3LTliNjktMTRhZDY2YWYxOWEzXkEyXkFqcGc@._V1_SX300.jpg
1461,https://m.media-amazon.com/images/M/MV5BMTQwZmVkMGUtMWEzNi00N2MzLThkMDItZDI2YjJiYzMxZDEzXkEyXkFqcGc@._V1_SX300.jpg
1464,https://m.media-amazon.com/images/M/MV5BNjcyNmM2ODktYzk0Mi00Njk0LTljZGMtNGZhMzI4NmY1NzA1XkEyXkFqcGc@._V1_SX300.jpg
1465,https://m.media-amazon.com/images/M/MV5BYTcwOTAyMzgtMzE3Mi00NTlkLWI4MjQtM2ZlYTdlYjYzOWQ1XkEyXkFqcGc@._V1_SX300.jpg
1466,https://m.media-amazon.com/images/M/MV5BZWZkNDA2YTctZWJhZS00OTAzLThlODMtY2QyMzg1MTEwYjU2XkEyXkFqcGc@._V1_SX300.jpg
1468,https://m.media-amazon.com/images/M/MV5BM2VjZDI1NTktNzM0ZC00MzFkLThkMWQtOTFmZWMzZGYzZGQ1XkEyXkFqcGc@._V1_SX300.jpg
1473,https://m.media-amazon.com/images/M/MV5BMTkyNDg2NzM0N15BMl5BanBnXkFtZTcwMjEwMTAyMQ@@._V1_SX300.jpg
1474,https://m.media-amazon.com/images/M/MV5BODQwYTBjMjYtMTIxOC00NzJjLTlmNmYtZGRhZGJkZDEyNmU1XkEyXkFqcGc@._V1_SX300.jpg
1475,https://m.media-amazon.com/images/M/MV5BM2IwMDg0ZmEtMDBmYi00NDY2LWI3MjUtMzI5NmI1ZTdlMDQ4XkEyXkFqcGc@._V1_SX300.jpg
1476,https://m.media-amazon.com/images/M/MV5BN2Q1YWY5OGMtMzM1ZC00OGU3LTlmMTgtNTgxZmIxYTczYjU5XkEyXkFqcGc@._V1_SX300.jpg
1477,https://m.media-amazon.com/images/M/MV5BZTUxMzNmMmUtMDNmZC00MDhkLWJiMmEtNzhlYjY5ZDg3M2Q3XkEyXkFqcGc@._V1_SX300.jpg
1479,https://m.media-amazon.com/images/M/MV5BNzFiY2VmYmMtZWM4Yi00OWJiLTgxNGUtZjJlYjc2NGU0YmQ4XkEyXkFqcGc@._V1_SX300.jpg
1480,https://m.media-amazon.com/images/M/MV5BZTJjNDM1YTQtMjMzOC00OWIzLWIxNDgtMjdkNjRhZWJlNzY5XkEyXkFqcGc@._V1_SX300.jpg
1483,https://m.media-amazon.com/images/M/MV5BMWQyNTUwNGMtOWUwZi00ODdjLWE3MDQtYzc0NjYzNjk2YWY4XkEyXkFqcGc@._V1_SX300.jpg
1484,https://m.media-amazon.com/images/M/MV5BMGY5MTIzMWEtNmY5ZS00OWFiLWI5OGEtYzdhMmUyMTNhMzBiXkEyXkFqcGc@._V1_SX300.jpg
1485,https://m.media-amazon.com/images/M/MV5BMGQ4MTk5YjctNGE5NC00ODk4LWIzOWItNzNhODc0N2JmYzMzXkEyXkFqcGc@._V1_SX300.jpg
1487,https://m.media-amazon.com/images/M/MV5BOWU2MjkzN2EtNzY4MC00N2RlLThiNzEtMjk2M2M3NGJjZjRlXkEyXkFqcGc@._V1_SX300.jpg
1488,https://m.media-amazon.com/images/M/MV5BNDU1ODI0ZGUtZDA3My00NGViLWFhM2QtNmI1NzU0ZTA1ODc5XkEyXkFqcGc@._V1_SX300.jpg
1489,https://m.media-amazon.com/images/M/MV5BMjc0ZGRlZjgtZmJhNi00NzhkLWI0MmItNWNjZmI3YzkzNzkwXkEyXkFqcGc@._V1_SX300.jpg
1490,https://m.media-amazon.com/images/M/MV5BZjgxYzgxYzgtMjc5My00NzZiLWI0N2ItZjU1NTU0NjY5MzFkXkEyXkFqcGc@._V1_SX300.jpg
1493,https://m.media-amazon.com/images/M/MV5BMTg5NjkxNDk1OV5BMl5BanBnXkFtZTcwMzA2NDMyMQ@@._V1_SX300.jpg
1495,https://m.media-amazon.com/images/M/MV5BZGFlYTNjMDYtZjk5OC00MDZkLTk3YTYtZWMwNjNkMTc0YWIzXkEyXkFqcGc@._V1_SX300.jpg
1496,https://m.media-amazon.com/images/M/MV5BN2YxNWFhNjQtZDc2ZC00NjI5LWE1MTAtMmM2NGE1MDY5YWU3XkEyXkFqcGc@._V1_SX300.jpg
1497,https://m.media-amazon.com/images/M/MV5BZDhiNmU0OWMtN2I3YS00MWU3LWI4YTktMjQxMzJhYjQzMDRkXkEyXkFqcGc@._V1_SX300.jpg
1498,https://m.media-amazon.com/images/M/MV5BYzk5OGZhMWEtNDY1MC00ZDY5LTk2ODQtYWU0ZDg1ODk1MTY4XkEyXkFqcGc@._V1_SX300.jpg
1499,https://m.media-amazon.com/images/M/MV5BMmU2ZGYyZDAtZGM3My00NjQ4LTlmZmQtNzY4OGRlNDFjNTE4XkEyXkFqcGc@._V1_SX300.jpg
1500,https://m.media-amazon.com/images/M/MV5BZDJkMWJkMTgtZjljZS00ZDNlLWE2MjEtNjQ2NzI5NDk4MTRkXkEyXkFqcGc@._V1_SX300.jpg
1502,https://m.media-amazon.com/images/M/MV5BNjQyMDdkMWQtNWFjYS00YTJjLTk3N2EtNjRkZjMzNTA5ZTFiXkEyXkFqcGc@._V1_SX300.jpg
1503,https://m.media-amazon.com/images/M/MV5BZDU3Yzc1ZmYtNDVlMy00ZjY2LWIwMTYtNmIyOWNlZWQyMWQyXkEyXkFqcGc@._V1_SX300.jpg
1507,https://m.media-amazon.com/images/M/MV5BODU0YjE0ZDAtOWRmYy00NjZlLTg2N2ItNTAxN2FkYjI3Y2I5XkEyXkFqcGc@._V1_SX300.jpg
1513,https://m.media-amazon.com/images/M/MV5BNDQ4ZmRkYTMtOWJhMC00N2Q3LWE0OTktMWJkNDg3ZDhmOGVlXkEyXkFqcGc@._V1_SX300.jpg
1514,https://m.media-amazon.com/images/M/MV5BMjlmNTFkNTQtZjEwZi00MDhmLWJjMGItYWJmMTBhOWU2MTlkXkEyXkFqcGc@._V1_SX300.jpg
1515,https://m.media-amazon.com/images/M/MV5BYzAxNWU2OTMtOTMwMi00NmQ3LThlNmEtNzY5NGYwNjg2ZWFmXkEyXkFqcGc@._V1_SX300.jpg
1516,https://m.media-amazon.com/images/M/MV5BMjA3ODI2MDU5Nl5BMl5BanBnXkFtZTcwMzUyNTQyMQ@@._V1_SX300.jpg
1517,https://m.media-amazon.com/images/M/MV5BODQzM2UwODQtMzg1ZC00MTk4LTlkOTEtYzU4NDFhYmM1MWJkXkEyXkFqcGc@._V1_SX300.jpg
1518,https://m.media-amazon.com/images/M/MV5BMjhiODJmOWQtNGYwZi00NjFmLWFiNTMtZjZhNTJiMTJmNjhjXkEyXkFqcGc@._V1_SX300.jpg
1519,https://m.media-amazon.com/images/M/MV5BNzA2MjBjZjQtNWZkMi00OTg4LTgyZjMtN2YwZGZkODFkOTJiXkEyXkFqcGdeQXVyMjgxNjIyMDY@._V1_SX300.jpg
1526,https://m.media-amazon.com/images/M/MV5BODUzMTY3NmUtYTI2Mi00NWE3LWEyMmMtMjQ5YzA2ZmNmMjE0XkEyXkFqcGc@._V1_SX300.jpg
1527,https://m.media-amazon.com/images/M/MV5BODU4ZTE5MWYtNmY2MC00NDkyLTk0NDgtNTk5YjgzMzc4NmQwXkEyXkFqcGc@._V1_SX300.jpg
1529,https://m.media-amazon.com/images/M/MV5BN2M3NjE1MjItNjI3My00ODI3LWIwMWQtM2ExOTQ2ZTdlNDYyXkEyXkFqcGc@._V1_SX300.jpg
1533,https://m.media-amazon.com/images/M/MV5BMTZlZGU3YzQtNWQwMy00YzJiLWFhZDMtMzg2MjUzMDY1MTEzXkEyXkFqcGc@._V1_SX300.jpg
1537,https://m.media-amazon.com/images/M/MV5BYWUzNzIyZGQtN2Q5YS00NDVlLThhNzItMWM1NDgzODdkMjlhXkEyXkFqcGc@._V1_SX300.jpg
1541,https://m.media-amazon.com/images/M/MV5BNjMwZjhiYTYtNjc5My00NTRhLTg0NWItMTk4MDJhNzcxNDRkXkEyXkFqcGc@._V1_SX300.jpg
1542,https://m.media-amazon.com/images/M/MV5BZTllYjU3YjAtNWI0OC00ZDk3LTk0MjktOTJiMjJjZTM4ZjM5XkEyXkFqcGc@._V1_SX300.jpg
1544,https://m.media-amazon.com/images/M/MV5BMGI3NDg5N2ItZGIyZi00ZWNkLWFlODUtZDA1Y2Q1M2U4NGM2XkEyXkFqcGc@._V1_SX300.jpg
1545,https://m.media-amazon.com/images/M/MV5BZTc5YjBkOGUtMTQ5YS00YzQyLWJkM2UtODA5YjY1YjgwNGM1XkEyXkFqcGc@._V1_SX300.jpg
1546,https://m.media-amazon.com/images/M/MV5BMjMyMDg1NjMyNl5BMl5BanBnXkFtZTgwNzQzMTE2ODE@._V1_SX300.jpg
1547,https://m.media-amazon.com/images/M/MV5BZjU2YzYxMjktMzExMC00YTc3LTkyN2QtNDU2NDE5NzljZmQ5XkEyXkFqcGc@._V1_SX300.jpg
1549,https://m.media-amazon.com/images/M/MV5BMTU1NzJlNTktY2NiYi00MmU5LTk1OWItNjgyNTVlODY4Mzg4XkEyXkFqcGc@._V1_SX300.jpg
1550,https://m.media-amazon.com/images/M/MV5BZWMzNDg2NDgtOGU0Yy00NTcxLWIzNmUtZjY2ZjgzNzQzOTE3XkEyXkFqcGc@._V1_SX300.jpg
1551,https://m.media-amazon.com/images/M/MV5BYTFmMjQ5OTktMmFkNC00Njg1LTgxMTktMWJjZDQzOTQ0MGRkXkEyXkFqcGc@._V1_SX300.jpg
1552,https://m.media-amazon.com/images/M/MV5BODcxOGFjOTEtM2M3Zi00ZWNiLWFjMTYtZDQ0Yjg2NTE2MzNiXkEyXkFqcGc@._V1_SX300.jpg
1554,https://m.media-amazon.com/images/M/MV5BZTc4MTEzM2MtM2YzZi00Y2YwLWE1MzMtYWZjNDRkZTFjNDQxXkEyXkFqcGc@._V1_SX300.jpg
1556,https://m.media-amazon.com/images/M/MV5BMGZiMWM3NzAtNTk4Zi00NmIzLWEzMDItZDRhZTZjODA4M2MyXkEyXkFqcGc@._V1_SX300.jpg
1562,https://m.media-amazon.com/images/M/MV5BYzU3ZjE3M2UtM2E4Ni00MDI5LTkyZGUtOTFkMGIyYjNjZGU3XkEyXkFqcGc@._V1_SX300.jpg
1564,https://m.media-amazon.com/images/M/MV5BMWQyNWU3MmUtZGI4ZS00MmI5LTkyM2UtOTUwMDkzZDI4YzljXkEyXkFqcGc@._V1_SX300.jpg
1565,https://m.media-amazon.com/images/M/MV5BZDU0MTY1MzAtYzUzOC00ZTdlLTg2NGYtODFmYjQyZDE2Y2YyXkEyXkFqcGc@._V1_SX300.jpg
1566,https://m.media-amazon.com/images/M/MV5BMmUyZGY1ZjItMWYwZS00MjJjLTg1YzAtY2Q5OTA4MmFhYzFjXkEyXkFqcGc@._V1_SX300.jpg
1569,https://m.media-amazon.com/images/M/MV5BNzhlZjE4NTYtZDBlOC00NTAwLWFmMTQtMWVjNDQwZGI1MjViXkEyXkFqcGc@._V1_SX300.jpg
1571,https://m.media-amazon.com/images/M/MV5BYzBkMDQzODAtNjY2Ny00ZGMwLTkxYTctOGYyNmU1MjNkNzFjXkEyXkFqcGc@._V1_SX300.jpg
1572,https://m.media-amazon.com/images/M/MV5BMjJlMzdmNGQtMTMxZi00ZTE0LWIxNWYtYmE3NTZlYWQwNmExXkEyXkFqcGc@._V1_SX300.jpg
1573,https://m.media-amazon.com/images/M/MV5BOGQyOWNmYTgtZWY0NS00NzhjLTg3NmMtMzcwYzQ2OTA2OTJkXkEyXkFqcGc@._V1_SX300.jpg
1574,https://m.media-amazon.com/images/M/MV5BYmJlMmFhYmMtOGUyYS00OTYxLTljYWUtYzQ0MWVlOTA0YjAxXkEyXkFqcGc@._V1_SX300.jpg
1580,https://m.media-amazon.com/images/M/MV5BZmQ0YTdhYzEtMjIxZC00MGFiLTlmNjktZmFlOWE2M2QxOTRhXkEyXkFqcGc@._V1_SX300.jpg
1581,https://m.media-amazon.com/images/M/MV5BNWY3MzY1ODQtNWQyNS00OTkzLTkzOWUtNDA3YWYxM2U2MmZhXkEyXkFqcGc@._V1_SX300.jpg
1582,https://m.media-amazon.com/images/M/MV5BZGQ5MWQxMGQtOTQ3MS00MjJkLTk3NzEtOGVjMmFkNjA1NGQ4XkEyXkFqcGc@._V1_SX300.jpg
1583,https://m.media-amazon.com/images/M/MV5BMDM0YWZlZGUtYTQxMS00YTkxLWE2MjgtZjc4OGFkZjdkOGNkXkEyXkFqcGc@._V1_SX300.jpg
1584,https://m.media-amazon.com/images/M/MV5BM2JiYmE1Y2UtNDQ3YS00YTZhLTk5MzAtYzEzMzIyNTM4OTRlXkEyXkFqcGc@._V1_SX300.jpg
1585,https://m.media-amazon.com/images/M/MV5BMTMyNDMxNTU2M15BMl5BanBnXkFtZTcwNjg0MDgyMQ@@._V1_SX300.jpg
1586,https://m.media-amazon.com/images/M/MV5BMWY5OTllYzYtYjRmMS00ZmU5LTg0NmEtMzBjMDFmNDdhZGI1XkEyXkFqcGc@._V1_SX300.jpg
1587,https://m.media-amazon.com/images/M/MV5BMjUzM2YzZDAtNzk1MS00YmNmLTg1ZmQtNjgyN2U3NTY0ZjE4XkEyXkFqcGc@._V1_SX300.jpg
1588,https://m.media-amazon.com/images/M/MV5BOWYwMzU2MDgtNTJmNy00MGRjLWI4N2ItNjA2ZGZkMTVjNjhmXkEyXkFqcGc@._V1_SX300.jpg
1589,https://m.media-amazon.com/images/M/MV5BNWVjN2IzYjctMDRlNy00YzlhLTlmZmMtNWYxNzVjN2E2NDg2XkEyXkFqcGc@._V1_SX300.jpg
1590,https://m.media-amazon.com/images/M/MV5BM2M4ZTI2MjMtYjVlNy00Y2E3LTgzM2EtNDA0NTUzZmQxZjY3XkEyXkFqcGc@._V1_SX300.jpg
1591,https://m.media-amazon.com/images/M/MV5BODhmNzA4ZjEtMTE2YS00ZTY2LThlMjEtZTdiZTM2NmY4MDJmXkEyXkFqcGc@._V1_SX300.jpg
1592,https://m.media-amazon.com/images/M/MV5BMzQxODE4MzEyNF5BMl5BanBnXkFtZTgwNjk2OTY4ODE@._V1_SX300.jpg
1593,https://m.media-amazon.com/images/M/MV5BZDVkM2I3ZTgtNmQ0YS00M2M3LWJhMzYtOWJjZjA3ZWRmOGY4XkEyXkFqcGc@._V1_SX300.jpg
1594,https://m.media-amazon.com/images/M/MV5BMDYxNzM3OWEtYjNmMS00NWI0LTg3MGUtNWE5YzRjM2ZmNDM2XkEyXkFqcGc@._V1_SX300.jpg
1596,https://m.media-amazon.com/images/M/MV5BNzZiNzNjOGItNzVlZC00MGU0LTgyMDItZGJjZTFiOTZmZDU2XkEyXkFqcGdeQXVyMTAwMzUyOTc@._V1_SX300.jpg
1597,https://m.media-amazon.com/images/M/MV5BMjQ1MTYxMzA4OF5BMl5BanBnXkFtZTgwNjg2NTM1MTI@._V1_SX300.jpg
1598,https://m.media-amazon.com/images/M/MV5BZTI4YzJiYTEtYmJmNS00YjNhLWI0MTktOWYxYjZjNWVkNzJmXkEyXkFqcGc@._V1_SX300.jpg
1599,https://m.media-amazon.com/images/M/MV5BY2QxZWM5ZjMtYzk2MS00MTdkLWIyMWUtMmE0YjgyN2Y5ZTgxXkEyXkFqcGc@._V1_SX300.jpg
1600,https://m.media-amazon.com/images/M/MV5BNTU1ZWFkMWUtMWI3Mi00MjFlLWFlNzUtMDQxNmViZTNlNWQyXkEyXkFqcGc@._V1_SX300.jpg
1601,https://m.media-amazon.com/images/M/MV5BOGZlNDE0ZDUtZmM3Ny00M2Q4LWI5NzQtZGJhMWQ4Y2FiY2E3XkEyXkFqcGc@._V1_SX300.jpg
1602,https://m.media-amazon.com/images/M/MV5BY2U1MWI4OTQtNmZmMC00M2U0LTkzMjEtOTE1NzFiYzA2MGI0XkEyXkFqcGc@._V1_SX300.jpg
1603,https://m.media-amazon.com/images/M/MV5BNGY4YjcwMmQtNDk4Yi00YTZkLWEzMDYtMzM0N2IwZWRmZGI1XkEyXkFqcGc@._V1_SX300.jpg
1604,https://m.media-amazon.com/images/M/MV5BY2JjM2I0YmMtMzQ3MC00MTc0LWI1MTEtZDVlNTMyMmU0YThhXkEyXkFqcGc@._V1_SX300.jpg
1605,https://m.media-amazon.com/images/M/MV5BY2YyYzNhMjEtNTJhZC00MjZlLWJhNDAtMDFlY2I1MDkyM2VmXkEyXkFqcGc@._V1_SX300.jpg
1606,https://m.media-amazon.com/images/M/MV5BZTM1MGIyOGEtNTFmMi00Nzk3LWJkZTUtZDY0Zjc5MDg3YTBkXkEyXkFqcGc@._V1_SX300.jpg
1608,https://m.media-amazon.com/images/M/MV5BOTVlYmFhZjktOTA2ZC00Y2YzLWFmNDMtZGU2YzBkNGZkODY4XkEyXkFqcGc@._V1_SX300.jpg
1609,https://m.media-amazon.com/images/M/MV5BNGRjM2EyZWYtYzY3NS00MWZlLWEwNzktMGE1YTg2NTUwZmZkXkEyXkFqcGc@._V1_SX300.jpg
1610,https://m.media-amazon.com/images/M/MV5BMmNhYWJmN2EtZDYwNC00NzE0LWE5N2UtZTUyMDM4YjZmYWE3XkEyXkFqcGc@._V1_SX300.jpg
1611,https://m.media-amazon.com/images/M/MV5BZjkxY2I1NGYtYThmNC00ODIyLWE1NTktMTcxMzQyOWI0ZjYxXkEyXkFqcGc@._V1_SX300.jpg
1612,https://m.media-amazon.com/images/M/MV5BOTQ1ZWI5NjItMWMyZS00YmYzLTkxYWUtMTcwZTc0YWNkNjcyXkEyXkFqcGc@._V1_SX300.jpg
1613,https://m.media-amazon.com/images/M/MV5BZjQyNDhiZTEtNzM1MS00YmIxLWIzNmYtNzAyZGQ5YWJjZDEyXkEyXkFqcGc@._V1_SX300.jpg
1614,https://m.media-amazon.com/images/M/MV5BODFjMDhjOTctNWY3ZS00ZjU4LTk0N2ItODUyYjM3NmNkYmY3XkEyXkFqcGc@._V1_SX300.jpg
1615,https://m.media-amazon.com/images/M/MV5BOWY5NjgyMGUtZGVjNy00YmE0LWIzNTItOTJkZTcxYzNjZDA3XkEyXkFqcGc@._V1_SX300.jpg
1616,https://m.media-amazon.com/images/M/MV5BZGJkYTc0ZDAtZWY0Ny00OTg0LWIyMmEtOTY2OTgyYmU3NzRmXkEyXkFqcGc@._V1_SX300.jpg
1617,https://m.media-amazon.com/images/M/MV5BODdiMjY1OGYtNDk0NC00NGQ1LWI4MDItOTJhMTM0YjE1YTAzXkEyXkFqcGc@._V1_SX300.jpg
1619,https://m.media-amazon.com/images/M/MV5BMTE3NGU1ZDAtN2Y2MC00Y2VkLThjMDUtMTQxMWVmYTY2ZmU4XkEyXkFqcGc@._V1_SX300.jpg
1620,https://m.media-amazon.com/images/M/MV5BZGMyYzdlYTUtNjcwNi00ZDE0LWEwNDEtN2EyMGE3OWM3Zjg0XkEyXkFqcGc@._V1_SX300.jpg
1621,https://m.media-amazon.com/images/M/MV5BMTA1ODE4N2EtM2Q0MS00MTA4LTg2ZTctYWNjMTY2NzYxYmE0XkEyXkFqcGdeQXVyNzUwMjYzMjA@._V1_SX300.jpg
1623,https://m.media-amazon.com/images/M/MV5BYmE0ZjU5NDctMjY5NS00NTBhLWEzMTItNTE0N2I5MmZiNjY0XkEyXkFqcGc@._V1_SX300.jpg
1624,https://m.media-amazon.com/images/M/MV5BYmZiYTA0YWYtZWMzMS00M2VhLWExOTQtNWU2YWQxYjQ1NGU5XkEyXkFqcGc@._V1_SX300.jpg
1625,https://m.media-amazon.com/images/M/MV5BNGUzNzQwNmMtNzI3Mi00ZDIwLWJlM2ItMTA5N2Q2ZDMxMjJiXkEyXkFqcGc@._V1_SX300.jpg
1626,https://m.media-amazon.com/images/M/MV5BYmIwMWY0NzktMGRmMi00MjQ1LTk5NmQtN2I3YjAxZjgyNGFmXkEyXkFqcGc@._V1_SX300.jpg
1627,https://m.media-amazon.com/images/M/MV5BNDdkNzFmMmItNTNkOS00MzJkLTg4MjItN2Q4ZDQ1ZWI3YWUxXkEyXkFqcGc@._V1_SX300.jpg
1629,https://m.media-amazon.com/images/M/MV5BM2MwNWVjMzUtMDU3MS00ZjJlLTgxOGItMDExYmUyMTRjYzkyXkEyXkFqcGc@._V1_SX300.jpg
1631,https://m.media-amazon.com/images/M/MV5BMTc2OTc0MjktY2I1Mi00YzMwLTk3OTItZWQ2OTE0NGQ2ZmU4XkEyXkFqcGc@._V1_SX300.jpg
1633,https://m.media-amazon.com/images/M/MV5BMjE4NjY3NzA0OF5BMl5BanBnXkFtZTcwMDQ3Mjg3NA@@._V1_SX300.jpg
1635,https://m.media-amazon.com/images/M/MV5BMzljZTk2MzMtOTAwNi00MTBlLWI0ODYtODgwYTE4NmM1YWIwXkEyXkFqcGc@._V1_SX300.jpg
1639,https://m.media-amazon.com/images/M/MV5BZWQ5OWQ4NWEtZGJlYy00MzI3LTg5YzItZjVhYjJhYmNkZjM4XkEyXkFqcGc@._V1_SX300.jpg
1641,https://m.media-amazon.com/images/M/MV5BYjZjNjU4YjItM2NhNS00NzIwLWIzMjMtMGMzZjcyMjYwYzE2XkEyXkFqcGc@._V1_SX300.jpg
1642,https://m.media-amazon.com/images/M/MV5BODM3NzI3NTgzMV5BMl5BanBnXkFtZTcwODIzODAzMQ@@._V1_SX300.jpg
1643,https://m.media-amazon.com/images/M/MV5BNDU0ZTYzNDYtYTI5Ni00MDVlLTkwZWItZGQ2MjhjNzU2NmRhXkEyXkFqcGc@._V1_SX300.jpg
1644,https://m.media-amazon.com/images/M/MV5BOGE1MmMxZDMtYzkyYS00N2EzLTgxYWItNWZiN2NmMzZiZTNmXkEyXkFqcGc@._V1_SX300.jpg
1645,https://m.media-amazon.com/images/M/MV5BNGIxZmU2ZjEtYjc3OC00Y2FiLWE2ZTQtZGI3NzE0YmRhOTMxXkEyXkFqcGc@._V1_SX300.jpg
1646,https://m.media-amazon.com/images/M/MV5BZjI5YzMwMmQtNjQ1OC00YTg5LTg2MTUtNDM0OTFkNTkyNzdkXkEyXkFqcGc@._V1_SX300.jpg
1647,https://m.media-amazon.com/images/M/MV5BZjAwNWI1NTctYWUyMy00MDFjLTg5YTktNDQ5OGJkNDE0MjQ4XkEyXkFqcGc@._V1_SX300.jpg
1648,https://m.media-amazon.com/images/M/MV5BMjI5MjMxNzYxOF5BMl5BanBnXkFtZTgwNDQ4MzMzNzE@._V1_SX300.jpg
1649,https://m.media-amazon.com/images/M/MV5BNWMwNjZhOWUtN2UxZC00OWE1LTljNmMtZjc0MDk4MWE3MmEzXkEyXkFqcGdeQXVyNjMwMjk0MTQ@._V1_SX300.jpg
1650,https://m.media-amazon.com/images/M/MV5BNzY3YzVhNzEtZGI2Zi00NGVmLWE2MGQtYTA1NjRmMjMzM2UxXkEyXkFqcGc@._V1_SX300.jpg
1652,https://m.media-amazon.com/images/M/MV5BNzdjMzYzM2ItMzVmOC00NDcyLWE3YjgtNTQ2ZDQ0ZjQ2YmZkXkEyXkFqcGc@._V1_SX300.jpg
1653,https://m.media-amazon.com/images/M/MV5BZjQxNTc3YzQtZDA5ZC00MmM5LWE3NGYtMGE0Yjk3MDYwODVlXkEyXkFqcGc@._V1_SX300.jpg
1654,https://m.media-amazon.com/images/M/MV5BN2Y5NWUwZDgtOWNjNi00NzZlLWIzNWYtM2U2ZjMyM2MzODBkXkEyXkFqcGdeQXVyNzc5MjA3OA@@._V1_SX300.jpg
1655,https://m.media-amazon.com/images/M/MV5BYzA0NjY2OTEtMGNiZS00NDFiLWI2M2UtY2ExMzNmNTAzYzU4XkEyXkFqcGc@._V1_SX300.jpg
1656,https://m.media-amazon.com/images/M/MV5BMjBjY2NmYTItMDJmMi00Y2EzLWJhN2UtNmQxZWY4Y2NjZmJjXkEyXkFqcGc@._V1_SX300.jpg
1658,https://m.media-amazon.com/images/M/MV5BOTJkYWE2ODYtMDUxOC00ZWY4LTk4YTQtNWIxNzMwZjRiN2YxXkEyXkFqcGc@._V1_SX300.jpg
1659,https://m.media-amazon.com/images/M/MV5BMTI5MTg5MjU3N15BMl5BanBnXkFtZTYwODEzMjY5._V1_SX300.jpg
1660,https://m.media-amazon.com/images/M/MV5BMzA4NmEyOWUtYjQ4Yi00MWU1LTk1YTUtZDM2NGVjOTgzYmVkXkEyXkFqcGc@._V1_SX300.jpg
1661,https://m.media-amazon.com/images/M/MV5BMjZlYTBjYjEtMDVmMS00NGY2LTllZmQtZWYxZDM3Y2M1YjRjXkEyXkFqcGc@._V1_SX300.jpg
1662,https://m.media-amazon.com/images/M/MV5BODFjZDllZWItY2NjNS00YmY0LWIxZjAtZDYxYmM1M2Y2NjQxXkEyXkFqcGc@._V1_SX300.jpg
1663,https://m.media-amazon.com/images/M/MV5BM2VjZDExMjctMGVjMS00MDQxLWI2NTQtODJjNjNkN2ExY2FkXkEyXkFqcGc@._V1_SX300.jpg
1665,https://m.media-amazon.com/images/M/MV5BYjJiMmNlNGItOGQyOC00ZDczLWEzODYtYmM2MTE1YTczYzA0XkEyXkFqcGc@._V1_SX300.jpg
1667,https://m.media-amazon.com/images/M/MV5BODAyZWFhOTgtMjNmMS00N2ZiLTk4NTItZTE0YTFiZmVhYjRhXkEyXkFqcGc@._V1_SX300.jpg
1670,https://m.media-amazon.com/images/M/MV5BOWQ0MmY1MzgtNWM4OC00ODY4LTkwZjAtY2JlMDQ2NGViYzA0XkEyXkFqcGc@._V1_SX300.jpg
1671,https://m.media-amazon.com/images/M/MV5BMTgyMDk1NjQyM15BMl5BanBnXkFtZTgwODYzMzgwMzE@._V1_SX300.jpg
1672,https://m.media-amazon.com/images/M/MV5BNDY3ZjBjNjAtMjJiMS00MGI5LTk3ZDItNDcxYjI4Y2MyN2RhXkEyXkFqcGc@._V1_SX300.jpg
1673,https://m.media-amazon.com/images/M/MV5BOTFmZmE4OTMtNDYxNi00MmZmLThlYjktMmExMzMwY2YzOTFiXkEyXkFqcGc@._V1_SX300.jpg
1674,https://m.media-amazon.com/images/M/MV5BNDcyNjU5MWMtNDZiYy00Yjc4LWE4YjItMTA5ODBlOGU1NzRhXkEyXkFqcGc@._V1_SX300.jpg
1675,https://m.media-amazon.com/images/M/MV5BMTljMmZjYmQtM2NlMi00MThiLWI0NjgtNWEwZDVjODNjODg1XkEyXkFqcGc@._V1_SX300.jpg
1676,https://m.media-amazon.com/images/M/MV5BZTNiOGM1ZWUtZTZjZC00OWJmLWE2YzUtZjQ4ODZjZmVlMDU3XkEyXkFqcGc@._V1_SX300.jpg
1677,https://m.media-amazon.com/images/M/MV5BYzI4NjQ0OGQtNWQ4Ni00NGNjLTkyNDUtNDY2ZTcyM2U4OGRjXkEyXkFqcGc@._V1_SX300.jpg
1678,https://m.media-amazon.com/images/M/MV5BNGE2YWVjZDYtOGI2Ni00NjUwLWI5ZjgtODA3ZTI5M2NlMmZmXkEyXkFqcGc@._V1_SX300.jpg
1679,https://m.media-amazon.com/images/M/MV5BZTg2MWVlODYtNDI4Ni00ZWM4LWEzNDQtMDZlM2ZlZTA3OWE4XkEyXkFqcGc@._V1_SX300.jpg
1680,https://m.media-amazon.com/images/M/MV5BY2VhZDYyYjEtMzBkNC00MWI4LWIxNWYtZTAyMTJiNzY4NjgyXkEyXkFqcGc@._V1_SX300.jpg
1681,https://m.media-amazon.com/images/M/MV5BZTI4MzkzYmEtNTU1NC00ZDk5LWI4OTktNmRkNWMxN2E1NWNhXkEyXkFqcGc@._V1_SX300.jpg
1682,https://m.media-amazon.com/images/M/MV5BNzA3ZjZlNzYtMTdjMy00NjMzLTk5ZGYtMTkyYzNiOGM1YmM3XkEyXkFqcGc@._V1_SX300.jpg
1683,https://m.media-amazon.com/images/M/MV5BYjZhNzIyMzItYjliMC00NmViLWExYjMtZTk2NWY1Y2Q1NTY2XkEyXkFqcGc@._V1_SX300.jpg
1684,https://m.media-amazon.com/images/M/MV5BOTc1NTk4MzQtODA3NC00NjBkLWIwZDUtODEzZjhmOGZkOGRjXkEyXkFqcGc@._V1_SX300.jpg
1685,https://m.media-amazon.com/images/M/MV5BNzFkYmE1NTItMGQ5NS00OTZjLWJjMmQtZTk2ZTkyY2I1MzA1XkEyXkFqcGc@._V1_SX300.jpg
1686,https://m.media-amazon.com/images/M/MV5BMzE0MjU5NzQxNV5BMl5BanBnXkFtZTcwMzQzNzU2NA@@._V1_SX300.jpg
1687,https://m.media-amazon.com/images/M/MV5BMTAyYjFiYWYtNDI1YS00MWM5LTgyYTMtNDhiYWEzOGE2OTM0XkEyXkFqcGc@._V1_SX300.jpg
1688,https://m.media-amazon.com/images/M/MV5BMGY2YjdjNTItMGIzOC00MDNhLTkxNDMtNzgxN2U4YzA3YzRlXkEyXkFqcGc@._V1_SX300.jpg
1689,https://m.media-amazon.com/images/M/MV5BMmM3YmJhZTktODY3OS00MWZlLWEyMDMtYjIxZjZiNjZiMTIxXkEyXkFqcGc@._V1_SX300.jpg
1690,https://m.media-amazon.com/images/M/MV5BNDMyNmU5ZGQtNzhiZi00NjRjLTk3NGUtMmQ5YWU4ODlkNTBhXkEyXkFqcGc@._V1_SX300.jpg
1693,https://m.media-amazon.com/images/M/MV5BZGUyMWU0ZjctZTFiMS00YzdjLTg1YjktNDRmN2ZhNDY3ZDFhXkEyXkFqcGc@._V1_SX300.jpg
1694,https://m.media-amazon.com/images/M/MV5BZTM3OTg3ZTYtNzBhYS00YTQ0LWJjNDMtNmU5MGFiYTBkYTFmXkEyXkFqcGc@._V1_SX300.jpg
1695,https://m.media-amazon.com/images/M/MV5BOTMxNmE0MTYtZjJkNC00OWM5LTlhMmQtOWM5ODg3MDEyMjUwXkEyXkFqcGc@._V1_SX300.jpg
1696,https://m.media-amazon.com/images/M/MV5BYjhjNmVhZGItNjFjMi00OTM4LTllY2EtNjBhZjNiOGYwM2RiXkEyXkFqcGc@._V1_SX300.jpg
1699,https://m.media-amazon.com/images/M/MV5BMjRhNTQxNGUtNWFjZS00NjY4LTgxZmItZDgzZTA2NmVmNmQxXkEyXkFqcGc@._V1_SX300.jpg
1701,https://m.media-amazon.com/images/M/MV5BNDEyMzNhZTQtMmJkNC00ZWRkLWE1YjEtNzRkZGY5YWFiZmVjXkEyXkFqcGc@._V1_SX300.jpg
1702,https://m.media-amazon.com/images/M/MV5BMTIxNDgwNWUtYzM4OS00NzU4LWFkYjgtZDdlNzBiZjM3YmI0XkEyXkFqcGc@._V1_SX300.jpg
1703,https://m.media-amazon.com/images/M/MV5BOTEwYTZkYjEtYjRiZi00NGQ4LWI2M2YtNDdiYTc5ZGUyMjA5XkEyXkFqcGc@._V1_SX300.jpg
1704,https://m.media-amazon.com/images/M/MV5BNDdjZGQ5YzEtNTc2My00Mjc0LWFlMTctYzkwMzZlNzdiZWYzXkEyXkFqcGc@._V1_SX300.jpg
1707,https://m.media-amazon.com/images/M/MV5BNmI0MjcxYjYtYzY5Ni00NjBkLTllN2MtZGYyNzJiYzA5ZGYxXkEyXkFqcGc@._V1_SX300.jpg
1711,https://m.media-amazon.com/images/M/MV5BNGQzOWM5OTItZDVkMi00YTA3LThiMGUtNTdiZDMwOWVlMjUxXkEyXkFqcGc@._V1_SX300.jpg
1713,https://m.media-amazon.com/images/M/MV5BZmY2MmVmNGMtNWU1Ny00NGQ5LTkwNDYtMmFhNzRlZWViYjViXkEyXkFqcGc@._V1_SX300.jpg
1717,https://m.media-amazon.com/images/M/MV5BODE5YWJkMDMtN2ZiNC00MjI5LTkxYTgtOTkyZjUwMjU0YThiXkEyXkFqcGc@._V1_SX300.jpg
1718,https://m.media-amazon.com/images/M/MV5BMTg1MTg1NDE1OF5BMl5BanBnXkFtZTcwNzA2OTQxMQ@@._V1_SX300.jpg
1719,https://m.media-amazon.com/images/M/MV5BNzZlYjlmMDYtOTdlMC00NmViLThjMTItMmM2N2NkYTRkOTg1XkEyXkFqcGc@._V1_SX300.jpg
1721,https://m.media-amazon.com/images/M/MV5BYzYyN2FiZmUtYWYzMy00MzViLWJkZTMtOGY1ZjgzNWMwN2YxXkEyXkFqcGc@._V1_SX300.jpg
1722,https://m.media-amazon.com/images/M/MV5BMTM1MTk2ODQxNV5BMl5BanBnXkFtZTcwOTY5MDg0NA@@._V1_SX300.jpg
1726,https://m.media-amazon.com/images/M/MV5BMGNiZjA3ODMtYmExMS00MzRiLWI3N2QtNDQxYzRlYzAwNjBhXkEyXkFqcGc@._V1_SX300.jpg
1727,https://m.media-amazon.com/images/M/MV5BZTI5YTI5ZmYtZWQ0Ny00YzU4LTg3NmUtYjVmMzQxOGNjYzRjXkEyXkFqcGc@._V1_SX300.jpg
1729,https://m.media-amazon.com/images/M/MV5BZmUxZjY3MDktNGI5NS00MTQ5LWE0YWItZWQzNmZhNjhkZDYyXkEyXkFqcGc@._V1_SX300.jpg
1730,https://m.media-amazon.com/images/M/MV5BZGFjNDFkMTMtYmM0ZS00NmQwLTkzNjUtZWYwYjA0ZWMxMDI1XkEyXkFqcGc@._V1_SX300.jpg
1731,https://m.media-amazon.com/images/M/MV5BNzQxMDQ3MDUtODJhMy00NDI5LWI4YmUtMWJkZjdhYzNlMTcxXkEyXkFqcGc@._V1_SX300.jpg
1732,https://m.media-amazon.com/images/M/MV5BY2E3OWQ5OWYtYTRkMC00NjVjLWIzZDQtNmRmM2ZiYTIyYmYxXkEyXkFqcGc@._V1_SX300.jpg
1733,https://m.media-amazon.com/images/M/MV5BMmQ0ODI3OGQtYTJmYi00Yzg4LWJhODgtOGIwMTA2MjY2NGU4XkEyXkFqcGc@._V1_SX300.jpg
1734,https://m.media-amazon.com/images/M/MV5BYzkxMTk5N2UtZmMyNi00YjcyLTg5OGQtYjE0ZmM3OTM2YzdkXkEyXkFqcGc@._V1_SX300.jpg
1735,https://m.media-amazon.com/images/M/MV5BMjY2MTVhYmQtNDk0MS00MjFjLTkwNjItYzJhMjFiODllYzk1XkEyXkFqcGc@._V1_SX300.jpg
1739,https://m.media-amazon.com/images/M/MV5BYjc4N2Y4MDEtYzdiNS00ODk1LTliNDktMDgzZjhkYzE4M2Y2XkEyXkFqcGc@._V1_SX300.jpg
1746,https://m.media-amazon.com/images/M/MV5BNTJiMGM0MzItZTM5Zi00NzFmLWEyNTctNGJiYjc0ZGE5OTU0XkEyXkFqcGc@._V1_SX300.jpg
1747,https://m.media-amazon.com/images/M/MV5BNmEwNzk5ZTYtNGUzOC00ZThjLTk3NGYtMDQ5MzNiYzQ0ZTNkXkEyXkFqcGc@._V1_SX300.jpg
1748,https://m.media-amazon.com/images/M/MV5BMTFhMmE1YzgtNTFhYS00MTRlLWI3ZDMtMWJkMTBmOWMzOTk5XkEyXkFqcGc@._V1_SX300.jpg
1752,https://m.media-amazon.com/images/M/MV5BNmYzOGJiZGYtMzI2Zi00MzVmLWFiYmItNDA0ZDg4NDYzY2E0XkEyXkFqcGc@._V1_SX300.jpg
1753,https://m.media-amazon.com/images/M/MV5BNTYyMDI1MzMtMzk3MC00MDA5LTgwZTgtZjYxZjc0ZmUwNGMxXkEyXkFqcGc@._V1_SX300.jpg
1754,https://m.media-amazon.com/images/M/MV5BNWQ5Zjg2ZjMtYThjMC00YmU5LWIxNGYtM2Y3MTg5OGRiNDkwXkEyXkFqcGc@._V1_SX300.jpg
1755,https://m.media-amazon.com/images/M/MV5BMGVjMmY5ZjAtMWNiMy00MGYwLTliNWQtZjM2MGQyMzk0MjM0XkEyXkFqcGc@._V1_SX300.jpg
1757,https://m.media-amazon.com/images/M/MV5BMWI3MDk4N2ItNzU2NS00Zjc5LWIxMDYtMGNmZmM2YzMzMDk3XkEyXkFqcGc@._V1_SX300.jpg
1759,https://m.media-amazon.com/images/M/MV5BNGYwOWZiZTctODgxYS00MWE5LWJmODQtYmY0NDA5MmI4OTY4XkEyXkFqcGc@._V1_SX300.jpg
1760,https://m.media-amazon.com/images/M/MV5BZTllNGQ2MDktNWVmZC00OGU3LTk0NjctODcxMDFiYmIwYmU2XkEyXkFqcGc@._V1_SX300.jpg
1762,https://m.media-amazon.com/images/M/MV5BNGY3MmNiZTgtMmY0OS00NmNjLWI0MjAtNDVjYTNlNWQwZGE1XkEyXkFqcGc@._V1_SX300.jpg
1767,https://m.media-amazon.com/images/M/MV5BZmQ5N2UxMDAtOTQ0Zi00OGZmLTkyYTUtNzc2YWJlMmVkY2U0XkEyXkFqcGc@._V1_SX300.jpg
1769,https://m.media-amazon.com/images/M/MV5BOTNhYjViODktMjhhNS00MTAwLWE4YmYtY2M4OGQzNThiMTgzXkEyXkFqcGc@._V1_SX300.jpg
1770,https://m.media-amazon.com/images/M/MV5BMTM5MzIzMDAxNV5BMl5BanBnXkFtZTcwNTc2NzAyMQ@@._V1_SX300.jpg
1771,https://m.media-amazon.com/images/M/MV5BYTZhM2JmMmMtZDIwYy00OTM2LTkxZTgtMWExMWMxYThhNDQ1XkEyXkFqcGc@._V1_SX300.jpg
1772,https://m.media-amazon.com/images/M/MV5BMTkxZmMxODMtODBkYy00MTg0LWI2MjctMTQzNmRiMDY0OTZkXkEyXkFqcGc@._V1_SX300.jpg
1777,https://m.media-amazon.com/images/M/MV5BNjU5MGYxNGMtMWZjNC00ZGYxLWIzY2YtNWExNDFlNmQwYzU0XkEyXkFqcGc@._V1_SX300.jpg
1779,https://m.media-amazon.com/images/M/MV5BNmJiZDZiMGQtYzU3My00ZGEyLThiNDctMTA0MDFmYjAzNmUzXkEyXkFqcGc@._V1_SX300.jpg
1783,https://m.media-amazon.com/images/M/MV5BY2U5Y2ZmMGUtMWFlYi00MWFmLWJjNGMtYWVjMzUxOTY2OTE3XkEyXkFqcGc@._V1_SX300.jpg
1784,https://m.media-amazon.com/images/M/MV5BMzBiMWJhYmQtOWYzNS00NjgxLWE5NDItNzZlZDQwODBmODNjXkEyXkFqcGc@._V1_SX300.jpg
1785,https://m.media-amazon.com/images/M/MV5BOTE2NDcxNzE4N15BMl5BanBnXkFtZTgwMDc1NTk4NjE@._V1_SX300.jpg
1791,https://m.media-amazon.com/images/M/MV5BMWE3ZjQ5M2ItYzg1OS00MTY5LThlYzktZTBlZWQ1OWZiZDQ1XkEyXkFqcGc@._V1_SX300.jpg
1792,https://m.media-amazon.com/images/M/MV5BZTdlYTU2OGYtZjljOS00ZjFhLTk5NjAtZDQwZmNkYzk4YWQ5XkEyXkFqcGc@._V1_SX300.jpg
1793,https://m.media-amazon.com/images/M/MV5BODg5NDE1NTk5M15BMl5BanBnXkFtZTcwNDU1Nzg0NQ@@._V1_SX300.jpg
1794,https://m.media-amazon.com/images/M/MV5BYzM5Mzg3ZjYtZjE2NC00YzhlLTgxZGYtNjM2MDNjNTc0YWUyXkEyXkFqcGc@._V1_SX300.jpg
1797,https://m.media-amazon.com/images/M/MV5BMTUwNzA0ODg1OV5BMl5BanBnXkFtZTcwMzA3MDUxMQ@@._V1_SX300.jpg
1798,https://m.media-amazon.com/images/M/MV5BODI4ODhhMjAtYTVkNC00NDY3LWIzZDktYmMyMjMzYzU0ZTJjXkEyXkFqcGc@._V1_SX300.jpg
1799,https://m.media-amazon.com/images/M/MV5BOTBjMjJmMmItNjc5NS00ZjY3LTllZjAtN2EzMDI3ZTQwYzU5XkEyXkFqcGc@._V1_SX300.jpg
1801,https://m.media-amazon.com/images/M/MV5BNDc4YWYzNzEtNWMwMC00Y2ZlLWEzZWEtZDcwYjcwYTE3Y2ZlXkEyXkFqcGc@._V1_SX300.jpg
1804,https://m.media-amazon.com/images/M/MV5BMTAwN2Y4ODgtM2IxZS00MDg4LThhOTEtMzE1YjFlYjljZGY0XkEyXkFqcGc@._V1_SX300.jpg
1805,https://m.media-amazon.com/images/M/MV5BZDRiYjFlNjgtNWJkMS00YjAzLTg1OTItZTkxOTFlZDA1N2U4XkEyXkFqcGc@._V1_SX300.jpg
1806,https://m.media-amazon.com/images/M/MV5BYzYwMWRjOTgtZTliYi00MzczLWE4MWYtOGQ5YTllN2E3MWM5XkEyXkFqcGc@._V1_SX300.jpg
1807,https://m.media-amazon.com/images/M/MV5BMGE1ZTIxMTgtYjVlNC00N2ZiLThjMmMtYjc0ZmRlZjJjNzY2XkEyXkFqcGc@._V1_SX300.jpg
1809,https://m.media-amazon.com/images/M/MV5BNThmZmJhYjktNzVlOC00YTRkLWEyZmEtNTk1NTA2NzQ3ODI3XkEyXkFqcGc@._V1_SX300.jpg
1810,https://m.media-amazon.com/images/M/MV5BYzlkNDFmM2UtYWY4ZC00NGQwLTgwNmYtMWMxMzNhZjM4ODk4XkEyXkFqcGc@._V1_SX300.jpg
1812,https://m.media-amazon.com/images/M/MV5BMGJlYTBmMGMtMTM3NS00NDI0LTk4ZDktYTM1NzI3NzQ1Mzg2XkEyXkFqcGc@._V1_SX300.jpg
1816,https://m.media-amazon.com/images/M/MV5BOGZjMmExMWUtNzZiNS00ZDdmLWJiYjEtOWRhY2I1N2E3YzRmXkEyXkFqcGc@._V1_SX300.jpg
1821,https://m.media-amazon.com/images/M/MV5BNDY2MjRhMTQtY2NhYi00OWNhLWJhYjUtNzA2NDYwNGFmN2FjXkEyXkFqcGc@._V1_SX300.jpg
1824,https://m.media-amazon.com/images/M/MV5BMWQ0MTU0ZGYtMjlkYS00ODI2LWE5NzMtMWZjMzZmYTE0OTAyXkEyXkFqcGc@._V1_SX300.jpg
1825,https://m.media-amazon.com/images/M/MV5BMTY0NDgwNzg4Ml5BMl5BanBnXkFtZTcwNzg3NTU0NA@@._V1_SX300.jpg
1826,https://m.media-amazon.com/images/M/MV5BMjVjZGQ5YTItYzZjYy00OWM4LWE0NTQtMTY3YTIzNTMzYThjXkEyXkFqcGc@._V1_SX300.jpg
1827,https://m.media-amazon.com/images/M/MV5BYjA3MGIyY2MtZjJlOS00OTRiLWI0YzktOWNkOGE3MWI5YTVlXkEyXkFqcGc@._V1_SX300.jpg
1829,https://m.media-amazon.com/images/M/MV5BYWY5OGI3M2ItMzE4MC00ZmRlLTlkMjAtNTE5NjU0ODJlOTYzXkEyXkFqcGc@._V1_SX300.jpg
1831,https://m.media-amazon.com/images/M/MV5BMzViNDBjNDMtMmYxOS00ZDcyLTk4NGQtZGQwMmIyODc2NGZmXkEyXkFqcGc@._V1_SX300.jpg
1833,https://m.media-amazon.com/images/M/MV5BZGIzM2NmZWMtYjY5My00NzNmLTkxMjUtYWZkYzBmYmVhNGU5XkEyXkFqcGc@._V1_SX300.jpg
1834,https://m.media-amazon.com/images/M/MV5BZDY1N2U5MDQtYTczYy00ODhjLWFiMGQtMjUxYmUwNGU4MmUzXkEyXkFqcGc@._V1_SX300.jpg
1835,https://m.media-amazon.com/images/M/MV5BODYwMzM3ODEtZWZjOS00NWZhLWE2MWUtMDFlMWNiNGEwOWNlXkEyXkFqcGc@._V1_SX300.jpg
1836,https://m.media-amazon.com/images/M/MV5BMzIwNDllZDktYzIzMi00NTJhLTk5NzctMDc4MzJjY2QxNTcwXkEyXkFqcGc@._V1_SX300.jpg
1837,https://m.media-amazon.com/images/M/MV5BOWVlZmJjMjctODZmYy00MDA0LTlkOTEtNzM1NzU0OGFiM2JmXkEyXkFqcGc@._V1_SX300.jpg
1839,https://m.media-amazon.com/images/M/MV5BYmNkNDZhNTYtOGI4Yy00MWExLWI2MjItMTQ2ZGExZWI2ZjAzXkEyXkFqcGc@._V1_SX300.jpg
1840,https://m.media-amazon.com/images/M/MV5BMjA0MDVmOTItMWQzMS00ODFlLTkxNjMtMjc4MWU2MjZiNTRjXkEyXkFqcGc@._V1_SX300.jpg
1841,https://m.media-amazon.com/images/M/MV5BY2M3MWEyN2EtMzQ4MS00Njc3LThiYTQtNDcyMDVhYTBkMzZhXkEyXkFqcGc@._V1_SX300.jpg
1844,https://m.media-amazon.com/images/M/MV5BNDIyNDhjOWYtMDNjMC00YTZmLWJlYzYtYTNiNmY1MDNhYzMwXkEyXkFqcGc@._V1_SX300.jpg
1845,https://m.media-amazon.com/images/M/MV5BZDQxZTc2ZDQtN2JlYy00YjA1LWFkYTUtYjdlOTkyZWY4ZGViXkEyXkFqcGc@._V1_SX300.jpg
1848,https://m.media-amazon.com/images/M/MV5BZDYyYWNhNDItMTljMS00MjE0LWI1NzktMmQzZjZkMDRlOTE3XkEyXkFqcGc@._V1_SX300.jpg
1855,https://m.media-amazon.com/images/M/MV5BMGYyYjkzMDItZGYwZS00NTAzLTkyZTUtYmFhYWM1Y2U5MmI5XkEyXkFqcGc@._V1_SX300.jpg
1856,https://m.media-amazon.com/images/M/MV5BZmJlMjMwYjctNDQwMy00OGRkLWI1MmYtZjMxZjBiNTU5MzlhXkEyXkFqcGc@._V1_SX300.jpg
1857,https://m.media-amazon.com/images/M/MV5BMTljNzM1OTgtMDQxMC00NDY3LWEzYTYtODQ5YTg2NjNiZWYzXkEyXkFqcGc@._V1_SX300.jpg
1858,https://m.media-amazon.com/images/M/MV5BYmU1MWQ0NGEtZTRmOC00NWJiLWFkZjYtZWM5NmM1ODQ5Y2U3XkEyXkFqcGc@._V1_SX300.jpg
1859,https://m.media-amazon.com/images/M/MV5BZWExZjliYTgtM2U2Yi00MTU5LWFmOTAtNThkZDE1MzMxYWU2XkEyXkFqcGc@._V1_SX300.jpg
1860,https://m.media-amazon.com/images/M/MV5BYTkwZTVhZmItZDllNy00NzdkLThjMDktN2U2ZTUwYmY1NWU3XkEyXkFqcGc@._V1_SX300.jpg
1862,https://m.media-amazon.com/images/M/MV5BZmM0OTQyMzEtZGRjMS00NWVjLWFkOWMtNjg2ZDY4ZGQ0YWY4XkEyXkFqcGc@._V1_SX300.jpg
1863,https://m.media-amazon.com/images/M/MV5BMjQxNmM4ZGYtZGJkYi00YTdiLWJmZjYtNDkzYWMyMGY0NzY0XkEyXkFqcGc@._V1_SX300.jpg
1866,https://m.media-amazon.com/images/M/MV5BZWJhMmNhZDItY2Y2Zi00YjRhLWFmNWQtZGM0ZDcxMDEwMmZlXkEyXkFqcGc@._V1_SX300.jpg
1867,https://m.media-amazon.com/images/M/MV5BNGZmYjk5MmItMDc4ZS00MDQzLTg3YzQtYTE0N2U5YjdkMDg2XkEyXkFqcGc@._V1_SX300.jpg
1870,https://m.media-amazon.com/images/M/MV5BMjEwNjJjZjQtYjNhYS00NTA1LTljYjYtYTQwYjg1ODRiMDU5XkEyXkFqcGc@._V1_SX300.jpg
1873,https://m.media-amazon.com/images/M/MV5BMDAyNzA4MjMtMWUwZi00MjE2LTk2ZWQtYzQ5NzI5NDcwZDNiXkEyXkFqcGc@._V1_SX300.jpg
1875,https://m.media-amazon.com/images/M/MV5BODM4ZTk2YzEtZDFkNy00MTc5LWEzMGEtNjY0ZGQ4MWU4NGYzXkEyXkFqcGc@._V1_SX300.jpg
1876,https://m.media-amazon.com/images/M/MV5BN2EwNjMxOWYtYWE5Zi00MWEyLWJlMGMtYzA1NDQyZGE5YWZjXkEyXkFqcGc@._V1_SX300.jpg
1881,https://m.media-amazon.com/images/M/MV5BNTJlMTYxZGQtYjVhNC00MjFmLWI0ZjUtNzE1NjI0ZTVhZjg4XkEyXkFqcGc@._V1_SX300.jpg
1882,https://m.media-amazon.com/images/M/MV5BMzdmYmUzYjAtMmJhNi00NGU3LWJiODYtM2I5MGFhZjBhM2NhXkEyXkFqcGc@._V1_SX300.jpg
1883,https://m.media-amazon.com/images/M/MV5BMTY2NTM5NjIyOV5BMl5BanBnXkFtZTgwMzUwNzc3NjE@._V1_SX300.jpg
1884,https://m.media-amazon.com/images/M/MV5BNjFkNjdiZjUtNzUzNy00NWM5LWFlNDUtNTRiYmJiZWNiYjkwXkEyXkFqcGc@._V1_SX300.jpg
1885,https://m.media-amazon.com/images/M/MV5BNDIxMTJmZTEtNTA1YS00MmYwLThjMDEtMDE3NjY1OGRjYmYyXkEyXkFqcGc@._V1_SX300.jpg
1887,https://m.media-amazon.com/images/M/MV5BNzVjOWQ1YTYtZmFhZC00YmM4LTg3MGUtZmY2ZGRiNGQzMWFjXkEyXkFqcGc@._V1_SX300.jpg
1888,https://m.media-amazon.com/images/M/MV5BYjM3NjYwMzctMTI3OC00N2Q3LWFiYjMtOTU1YTVhNjFmYzk1XkEyXkFqcGc@._V1_SX300.jpg
1889,https://m.media-amazon.com/images/M/MV5BMTQ3NDM1NjgxMF5BMl5BanBnXkFtZTgwOTM5NTY2MDE@._V1_SX300.jpg
1891,https://m.media-amazon.com/images/M/MV5BOGRlNGFiN2EtODQwMy00Nzk4LWE0MjUtZWVhY2E3Y2JhNWJiXkEyXkFqcGc@._V1_SX300.jpg
1892,https://m.media-amazon.com/images/M/MV5BMjY3YmQ1MzItMGZjMS00ZWZkLTllYTctYWQ0NmI1M2E1NzgwXkEyXkFqcGc@._V1_SX300.jpg
1893,https://m.media-amazon.com/images/M/MV5BYTg1M2E1OWItZjBmZS00NGU3LTkxZmMtZmFlYjU2MDIwODQ0XkEyXkFqcGc@._V1_SX300.jpg
1894,https://m.media-amazon.com/images/M/MV5BYzFhZDg3MDYtNGIxYi00MDBlLTg3OWUtNTMwYjcxMjc2ZTYwXkEyXkFqcGc@._V1_SX300.jpg
1895,https://m.media-amazon.com/images/M/MV5BNDYzY2RjNTUtMDgwZS00ZDE2LWFlZGQtMGQxMTI2Mzc3MGQ1XkEyXkFqcGc@._V1_SX300.jpg
1897,https://m.media-amazon.com/images/M/MV5BMGNlOTFjYzEtYTAxNy00M2Q4LWFmZDMtY2Q3ZGUxNGQyOTEwXkEyXkFqcGc@._V1_SX300.jpg
1900,https://m.media-amazon.com/images/M/MV5BZWZlMjNhNzgtZGRhOS00Y2U5LThjOTctODNjZTI0ZTBiYzBhXkEyXkFqcGc@._V1_SX300.jpg
1902,https://m.media-amazon.com/images/M/MV5BYzRlNDY5ZDktNDJiMy00ZDFlLWE3NTctNmNiOWM4ZmY4MTkzXkEyXkFqcGc@._V1_SX300.jpg
1904,https://m.media-amazon.com/images/M/MV5BY2ZlOWRhMDYtNDkxYi00MWQ5LWI0ZDMtOWFiM2QzZjljYjJmXkEyXkFqcGc@._V1_SX300.jpg
1906,https://m.media-amazon.com/images/M/MV5BMWU1MGI5NTUtYzBlNS00ZGQ2LTg3ZDUtMTQ5YTU0YjBlODJkXkEyXkFqcGc@._V1_SX300.jpg
1907,https://m.media-amazon.com/images/M/MV5BYzU0ZTQxZDktOGY0Yy00NjdiLTllNDItMTMzMjI1YjMyYjRhXkEyXkFqcGc@._V1_SX300.jpg
1909,https://m.media-amazon.com/images/M/MV5BMTYwN2VlYWMtMzM4My00OWY4LWE4ZGQtMWExNWM1ZTEwMTMxXkEyXkFqcGc@._V1_SX300.jpg
1910,https://m.media-amazon.com/images/M/MV5BZWY3ZDU2NDEtYmU2Ni00OTU3LTk1NDAtMGQ5NzA3ODQyOGNiXkEyXkFqcGc@._V1_SX300.jpg
1911,https://m.media-amazon.com/images/M/MV5BMTI2NThkYjYtMWZjNi00ZGEwLTgyNjEtOTlhZTA3MmEzYzVhXkEyXkFqcGc@._V1_SX300.jpg
1912,https://m.media-amazon.com/images/M/MV5BM2U3OGQ0NTMtNmQxYS00MmRiLTg2OTctZDI3ZjNjZjM5N2NlXkEyXkFqcGc@._V1_SX300.jpg
1913,https://m.media-amazon.com/images/M/MV5BOTFiMDE3M2EtMzFkZi00OTU1LTg0MGQtMTIwOWEyNDczMjBkXkEyXkFqcGc@._V1_SX300.jpg
1914,https://m.media-amazon.com/images/M/MV5BMjA4MjU1NTg0NF5BMl5BanBnXkFtZTgwODYwMDQ1MjE@._V1_SX300.jpg
1916,https://m.media-amazon.com/images/M/MV5BMjQzYzEwZWItMGE2Ny00YTg2LTgyMjUtMjNjZDUzMGE2ZGE5XkEyXkFqcGc@._V1_SX300.jpg
1917,https://m.media-amazon.com/images/M/MV5BYzQ3MzJmZjUtNTc0OC00ZWRiLWJkMTYtMTZkMDVhMDQ4OGU4XkEyXkFqcGc@._V1_SX300.jpg
1918,https://m.media-amazon.com/images/M/MV5BMDU4MDIyMzEtZjEwZi00NmFjLTljMzQtNDgzNDE5ZDhlMTZmXkEyXkFqcGc@._V1_SX300.jpg
1919,https://m.media-amazon.com/images/M/MV5BZWE1NzdiMGMtMDM1Yy00Mjk5LTljNjEtNDBkMzVkNzNiYTdkXkEyXkFqcGc@._V1_SX300.jpg
1920,https://m.media-amazon.com/images/M/MV5BNjM3NjczNTUtOTYxZi00NWEyLTk4YmEtZTA0NWY0YzU4NDhkXkEyXkFqcGc@._V1_SX300.jpg
1921,https://m.media-amazon.com/images/M/MV5BNWExNjZlZGQtYjIxMS00ZTAyLTkzMjktOWVlMDg0NTM2OTUxXkEyXkFqcGc@._V1_SX300.jpg
1922,https://m.media-amazon.com/images/M/MV5BMzUzZDFlMzUtNWNjNi00YWFmLTljYzctNzA1MjA1ODliYTcwXkEyXkFqcGc@._V1_SX300.jpg
1923,https://m.media-amazon.com/images/M/MV5BNWZjMDhkZGItOGE4OS00YjUyLTlmOTUtMjE0ZDVmM2I2YmU0XkEyXkFqcGc@._V1_SX300.jpg
1924,https://m.media-amazon.com/images/M/MV5BZGM4Y2MwMzktODg3MS00ZjVkLTk2NGMtY2Y0M2Y2MWQ0ZDBiXkEyXkFqcGc@._V1_SX300.jpg
1926,https://m.media-amazon.com/images/M/MV5BOWFjYTA2ZWUtOGNhNC00MjQ0LWFjYmItZTU0ZTdhNDA2OWNjXkEyXkFqcGc@._V1_SX300.jpg
1927,https://m.media-amazon.com/images/M/MV5BNTc2NDE0YjEtYmY3Ni00ZDE4LWE2MzEtZWYwOGI4YTYwNjNjXkEyXkFqcGc@._V1_SX300.jpg
1928,https://m.media-amazon.com/images/M/MV5BYWIwYzQ2OGYtZjM3Yy00MTQ4LTk1YzYtNzE3YWVhZmYzMGNiXkEyXkFqcGc@._V1_SX300.jpg
1929,https://m.media-amazon.com/images/M/MV5BMTQxNDc4MDcwNF5BMl5BanBnXkFtZTgwNzY0MjUzMjE@._V1_SX300.jpg
1931,https://m.media-amazon.com/images/M/MV5BYmY0ZWE0MDQtOTE5My00Yjg4LTg4NjEtODhjNzZkYzM2MWMxXkEyXkFqcGc@._V1_SX300.jpg
1932,https://m.media-amazon.com/images/M/MV5BOTU3ODQzYzMtOWRhYS00NTY2LWE4YmYtOGM2ZjhiNThjOWQ4XkEyXkFqcGc@._V1_SX300.jpg
1933,https://m.media-amazon.com/images/M/MV5BNDI2ODAyNDQzMV5BMl5BanBnXkFtZTgwNzE2MzI2MzE@._V1_SX300.jpg
1934,https://m.media-amazon.com/images/M/MV5BMWU4Y2I3YzItZWY1MC00ODRhLTljNWYtYmI0NWU0MzNiZmMwXkEyXkFqcGc@._V1_SX300.jpg
1936,https://m.media-amazon.com/images/M/MV5BNjVjNzE1ODAtYWViYi00MjhjLThhNWEtZjcyZDVjOThlNWVmXkEyXkFqcGc@._V1_SX300.jpg
1937,https://m.media-amazon.com/images/M/MV5BYjY4OTc2ZTgtZDIyMy00OTM3LWE3NjAtYzc5ZjRjNzBjODlmXkEyXkFqcGc@._V1_SX300.jpg
1938,https://m.media-amazon.com/images/M/MV5BMTk4NDQ0NjgyNF5BMl5BanBnXkFtZTgwMTE3NTkxMTE@._V1_SX300.jpg
1939,https://m.media-amazon.com/images/M/MV5BNTgxMzUyODQtMDJmZC00ZGMyLWI3MzAtZTYwYjBjZjFmMzIxXkEyXkFqcGc@._V1_SX300.jpg
1940,https://m.media-amazon.com/images/M/MV5BZTZiNzljZDMtY2ViOC00ZGVlLWJjOTMtMjFkMThjOTllNWUyXkEyXkFqcGc@._V1_SX300.jpg
1941,https://m.media-amazon.com/images/M/MV5BMGEyNzVjNjktZjY5Zi00NWU4LWE2NDgtYjdhNDdlZDk5NDIyXkEyXkFqcGc@._V1_SX300.jpg
1942,https://m.media-amazon.com/images/M/MV5BNDM0Mjc3NmEtMTIzOS00OWZkLTkwODgtN2QyNGYzNjA0MDYwXkEyXkFqcGc@._V1_SX300.jpg
1944,https://m.media-amazon.com/images/M/MV5BYjNhMDFkMDUtODFkMy00MGE0LTliZGUtNjNlYWM2ZjhiOWQ2XkEyXkFqcGc@._V1_SX300.jpg
1945,https://m.media-amazon.com/images/M/MV5BZDJlYTM1ZGYtZTM4YS00MzFhLThiZjktYzQ0ZjAzMGYwZTU3XkEyXkFqcGc@._V1_SX300.jpg
1946,https://m.media-amazon.com/images/M/MV5BNDk5OWZlNTAtMDU3OC00ZGM3LTgwNWYtMWM3ODEwZjM4ZDY3XkEyXkFqcGc@._V1_SX300.jpg
1947,https://m.media-amazon.com/images/M/MV5BMTM0NDAxOTI5MF5BMl5BanBnXkFtZTcwNjI4Mjg3NA@@._V1_SX300.jpg
1948,https://m.media-amazon.com/images/M/MV5BMjI3ZTIyYTUtOGRkOS00YmM2LTk2NWItZjJlYmQ2ZTdkODkzXkEyXkFqcGc@._V1_SX300.jpg
1949,https://m.media-amazon.com/images/M/MV5BNjBmMWM0MDQtY2JlNy00NjVkLWE1MjgtMTFmYmRkOTc1ZmNlXkEyXkFqcGc@._V1_SX300.jpg
1950,https://m.media-amazon.com/images/M/MV5BMjVmYjZkMmQtYmFjZC00MmFhLTg5NzMtNzgzODE0YjQwNzlmXkEyXkFqcGc@._V1_SX300.jpg
1951,https://m.media-amazon.com/images/M/MV5BNjRhYmVlZGItYzgxMS00MzI3LTgzZjctNTcxMGRiN2E5ZGYwXkEyXkFqcGc@._V1_SX300.jpg
1952,https://m.media-amazon.com/images/M/MV5BY2QyNDQ4ZGQtOTFlYy00NDVjLWI5NTEtNTBmYTA5OTI0ODYyXkEyXkFqcGc@._V1_SX300.jpg
1953,https://m.media-amazon.com/images/M/MV5BZDAyZDU3OWUtNWQ3Zi00ZWRkLWI4MGEtNDFlZWIzZDk5ZTZkXkEyXkFqcGc@._V1_SX300.jpg
1954,https://m.media-amazon.com/images/M/MV5BZDEyY2M2MGMtYjg5OC00ZWFjLWFkZDQtNmQzZTdiYmYzZTBkXkEyXkFqcGc@._V1_SX300.jpg
1955,https://m.media-amazon.com/images/M/MV5BNTJmYjYwZDMtYmU5MS00OWM0LWIxZTctZTcxODJkOTU4ZDMxXkEyXkFqcGc@._V1_SX300.jpg
1956,https://m.media-amazon.com/images/M/MV5BODkyODllNDQtMTRjZS00ZGM5LWFmYmQtMzlhZjNhZjgwOGVhXkEyXkFqcGc@._V1_SX300.jpg
1957,https://m.media-amazon.com/images/M/MV5BZjkzZjFmZDEtNTliZi00MDcwLThjMTMtNmI5OGVmYjZjZDM1XkEyXkFqcGc@._V1_SX300.jpg
1958,https://m.media-amazon.com/images/M/MV5BMTk0ODM4NDk0MF5BMl5BanBnXkFtZTgwMTEzMDUxMDE@._V1_SX300.jpg
1959,https://m.media-amazon.com/images/M/MV5BOWQ5MGI3NWYtMmVjNS00OWIzLWEzMGQtMGZhMzY3NjI2YjhiXkEyXkFqcGc@._V1_SX300.jpg
1960,https://m.media-amazon.com/images/M/MV5BYjIxYWFiMDgtZTgyMy00MjFiLWIyMmEtNGIyZjc1NTRlMzQ3XkEyXkFqcGc@._V1_SX300.jpg
1961,https://m.media-amazon.com/images/M/MV5BZDUzODNkNGUtNzJjNi00ODFlLTkzMzktMGNkOTIwYWM2YTQzXkEyXkFqcGc@._V1_SX300.jpg
1962,https://m.media-amazon.com/images/M/MV5BN2M2MWUyZmQtMmI4Yi00NGE2LWFiZmEtNDZkZmYxNWRlM2Y1XkEyXkFqcGc@._V1_SX300.jpg
1963,https://m.media-amazon.com/images/M/MV5BMjE2Mjc5NDg3OV5BMl5BanBnXkFtZTgwMzUxMjMyMTE@._V1_SX300.jpg
1964,https://m.media-amazon.com/images/M/MV5BMTk0NWE4NWYtZmQ0OS00MjBmLWJiN2MtZmZjMmJhNmNhNmIwXkEyXkFqcGc@._V1_SX300.jpg
1965,https://m.media-amazon.com/images/M/MV5BMTc3NTZhOTQtNDUzMi00ZjQ1LThhYTQtYmVlNmNjZTZlZjNkXkEyXkFqcGc@._V1_SX300.jpg
1966,https://m.media-amazon.com/images/M/MV5BOTQ5OWQ4ZDUtZWU4ZS00YWZiLTk5ODktNzg4YzMwMDIwYTFjXkEyXkFqcGc@._V1_SX300.jpg
1967,https://m.media-amazon.com/images/M/MV5BMjM2MDE4OTQwOV5BMl5BanBnXkFtZTgwNjgxMTg2NzE@._V1_SX300.jpg
1968,https://m.media-amazon.com/images/M/MV5BZTZiMGU1MWMtNjk0Yi00ZjNjLTljMDEtMDhkNGE2OWY3YzZiXkEyXkFqcGc@._V1_SX300.jpg
1969,https://m.media-amazon.com/images/M/MV5BYzA0OTk4OWQtYWZlYy00Y2M4LWFmNzctZmU4OWVkMTI1NjJkXkEyXkFqcGc@._V1_SX300.jpg
1970,https://m.media-amazon.com/images/M/MV5BYWMwMmQxZjUtNDFkYi00MjU3LThhNmYtMmU4YzgyMmYwZWZlXkEyXkFqcGc@._V1_SX300.jpg
1971,https://m.media-amazon.com/images/M/MV5BY2FlMDZlNjUtM2QyYS00Y2YyLWI3ZjEtZDdjZWM5ZTg0MDRiXkEyXkFqcGc@._V1_SX300.jpg
1972,https://m.media-amazon.com/images/M/MV5BYzVlNWFlMTItNjRkYS00Y2FhLTk5NDgtZDM0MWFiNDVlNWMxXkEyXkFqcGc@._V1_SX300.jpg
1973,https://m.media-amazon.com/images/M/MV5BZjNiMWEzNDMtZjQwZS00YTJiLTkyNzItNjkyY2Y4YjBiNmIzXkEyXkFqcGc@._V1_SX300.jpg
1974,https://m.media-amazon.com/images/M/MV5BNzI1ODZhNDctNTdjOC00Mzg2LTg1ZjktNjJkNjA2YzYxMGQzXkEyXkFqcGc@._V1_SX300.jpg
1975,https://m.media-amazon.com/images/M/MV5BYjBkMGM2MDAtMjUwYS00ZjVlLWEzNGItZDJmOTA2YmE2NjRhXkEyXkFqcGc@._V1_SX300.jpg
1976,https://m.media-amazon.com/images/M/MV5BYzdkOWZiY2UtNjk0Zi00M2M4LWFjMjAtNGI4YmMzMTgyZTRmXkEyXkFqcGc@._V1_SX300.jpg
1977,https://m.media-amazon.com/images/M/MV5BZjE1N2NlMjctMmM5OS00NGUyLWFiNjYtNzM2MDJlOTUxODVkXkEyXkFqcGc@._V1_SX300.jpg
1978,https://m.media-amazon.com/images/M/MV5BM2IyZjc2YWYtMDQ3ZS00MzVlLTk1ZmUtYTdhMjhmMzY1OTMzXkEyXkFqcGc@._V1_SX300.jpg
1979,https://m.media-amazon.com/images/M/MV5BMjhmNDkwZTItNDFhZi00YWMyLWJjNTctNGE3M2MxNGRmMDMyXkEyXkFqcGc@._V1_SX300.jpg
1980,https://m.media-amazon.com/images/M/MV5BNDMwNjBkNmItYTAwYi00NDc4LWFjODEtODdhY2Q2YzM0NDJkXkEyXkFqcGc@._V1_SX300.jpg
1981,https://m.media-amazon.com/images/M/MV5BODg3MThhYjUtYzFmOC00NmI4LTkzODgtMjgxN2M2NmE0ZjViXkEyXkFqcGc@._V1_SX300.jpg
1982,https://m.media-amazon.com/images/M/MV5BMzZiNTdiYTgtYjNkMS00MmJmLWEwZGQtNmY0NGJkMGE0YmYzXkEyXkFqcGc@._V1_SX300.jpg
1983,https://m.media-amazon.com/images/M/MV5BY2M5ZGEwZjItODgwOC00OWM3LTliYmQtNzlmY2NmODE1MzAwXkEyXkFqcGc@._V1_SX300.jpg
1984,https://m.media-amazon.com/images/M/MV5BODRhZjBjNmUtYTcxOC00YzJmLTk3OTYtYTBiNzg5OGU5YmM5XkEyXkFqcGc@._V1_SX300.jpg
1985,https://m.media-amazon.com/images/M/MV5BNGQ2NzZhYjItMTYwNC00YzVhLWIwNzItMGEwM2M2ZDI3ZmNmXkEyXkFqcGc@._V1_SX300.jpg
1986,https://m.media-amazon.com/images/M/MV5BMTI2MWRkMzUtNGI2OC00MzA1LTkwMjEtZGRkOTk3ZjU1MjIxXkEyXkFqcGc@._V1_SX300.jpg
1987,https://m.media-amazon.com/images/M/MV5BYTU2M2UyM2MtNTIzMC00NzJkLTllYzgtNTNhYjg2YmQ4MGFkXkEyXkFqcGc@._V1_SX300.jpg
1990,https://m.media-amazon.com/images/M/MV5BNDY4MjVjMmMtY2U5YS00MTdiLWFiMDQtOWVkNzQ5YjY4NzM3XkEyXkFqcGc@._V1_SX300.jpg
1991,https://m.media-amazon.com/images/M/MV5BOTc2M2FjMDMtYzBmNS00ODMxLWJjOTYtZmNkMDYxMTU5ZTBhXkEyXkFqcGc@._V1_SX300.jpg
1992,https://m.media-amazon.com/images/M/MV5BNmQ5ZWRhZmMtOWI0OC00OWMzLWIwNzgtMzYzNjNhZDEwNTE1XkEyXkFqcGc@._V1_SX300.jpg
1993,https://m.media-amazon.com/images/M/MV5BNzc0NjExMTgtYTA4ZS00NWRiLWE3MzUtNTUyNDFkNGY3ODRkXkEyXkFqcGc@._V1_SX300.jpg
1994,https://m.media-amazon.com/images/M/MV5BNzY4MGZkYjgtYTQ2YS00YTlhLWEyMjAtMjZhYzczNTRlM2ZmXkEyXkFqcGc@._V1_SX300.jpg
1995,https://m.media-amazon.com/images/M/MV5BYjVhOTgxYjgtNTdjYS00ZTg4LTlmMzQtMTIxZDQ5OGMzZjIwXkEyXkFqcGc@._V1_SX300.jpg
1996,https://m.media-amazon.com/images/M/MV5BZGVkNzI1NjAtMjQyNS00Y2QxLWI1NjItNTAwZTk5MGU5M2M4XkEyXkFqcGc@._V1_SX300.jpg
1997,https://m.media-amazon.com/images/M/MV5BZjg3YjE4ZjAtYTdmYS00ZTBkLWE1ZjgtNzAzODUwNzRiYjlmXkEyXkFqcGc@._V1_SX300.jpg
1998,https://m.media-amazon.com/images/M/MV5BZTQ4YTYwZTEtODA0Ni00MjQ3LTgxYmUtNWE1NzRkNGQ3NWE3XkEyXkFqcGc@._V1_SX300.jpg
1999,https://m.media-amazon.com/images/M/MV5BNjRiZDQxNTAtNDg4Yy00OTc1LWI5NmQtODM5ODgzMzJmNDI3XkEyXkFqcGc@._V1_SX300.jpg
2000,https://m.media-amazon.com/images/M/MV5BMWVlNWZlODktMzhhNS00YThhLWEzZWYtYzU0NDFmNzk0MGVlXkEyXkFqcGc@._V1_SX300.jpg
2001,https://m.media-amazon.com/images/M/MV5BZWE1OWYwZTAtMGUwMC00MGE3LWE1ODAtMTI0NGQ1NzU5YmYzXkEyXkFqcGc@._V1_SX300.jpg
2002,https://m.media-amazon.com/images/M/MV5BNDA3Zjc5NjYtODZiNy00Yjg3LTk0MWEtMDk3NDA4ZjU3YTY0XkEyXkFqcGc@._V1_SX300.jpg
2003,https://m.media-amazon.com/images/M/MV5BYmMzMmIxNzYtYjk3OS00NjBiLTkxNDQtODU3ZDNjN2RiMTIxXkEyXkFqcGc@._V1_SX300.jpg
2004,https://m.media-amazon.com/images/M/MV5BZWI2ZTI2ZjAtOWYyZS00ZmY2LWE4ZDYtNTdmNWMwZTFjNzZhXkEyXkFqcGc@._V1_SX300.jpg
2005,https://m.media-amazon.com/images/M/MV5BMjE1OWU4ODEtZmEzMC00NTcwLWFlMWUtYjhlNzExOTIxYzVlXkEyXkFqcGc@._V1_SX300.jpg
2006,https://m.media-amazon.com/images/M/MV5BMzA2MDgyYzMtNjc4OC00YjU0LWEzMWEtOTRhMTViODY0Mjk0XkEyXkFqcGc@._V1_SX300.jpg
2007,https://m.media-amazon.com/images/M/MV5BNDFlNzllMjUtMTMyMS00ODhiLWE2ZmUtYWQ5ZDU5NmU1NThiXkEyXkFqcGc@._V1_SX300.jpg
2008,https://m.media-amazon.com/images/M/MV5BODI0MWRkNzItOTBmOC00MDJiLThiNjEtMDQ1ZGQwOTcyN2NiXkEyXkFqcGc@._V1_SX300.jpg
2009,https://m.media-amazon.com/images/M/MV5BNTE3YjIzZTAtMTdjNC00M2IxLWE5OGItMzEwYTI3Y2FlNjlkXkEyXkFqcGc@._V1_SX300.jpg
2010,https://m.media-amazon.com/images/M/MV5BMjhjMGYyMjAtMzJkYy00NzhlLWIwY2MtMWQ2ODIxZDUyOGYyXkEyXkFqcGc@._V1_SX300.jpg
2011,https://m.media-amazon.com/images/M/MV5BMTNlOTRmOTEtMTAyMi00NjFiLTk3NDMtNWI0YzA3ZTZlYjZiXkEyXkFqcGc@._V1_SX300.jpg
2012,https://m.media-amazon.com/images/M/MV5BNTNkNzJmY2MtOGNjYi00NDJmLWIyZTQtNmFmMGQ5M2VlOTI0XkEyXkFqcGc@._V1_SX300.jpg
2013,https://m.media-amazon.com/images/M/MV5BNmMyNWRlMDgtMjg4ZS00ZTg3LTkxOWItMjVhMjEyZWJjOGYxXkEyXkFqcGc@._V1_SX300.jpg
2014,https://m.media-amazon.com/images/M/MV5BY2MyNDExNzAtNWY1ZC00NDJmLWIxZWMtNzgxYWVjMmUzYTBiXkEyXkFqcGc@._V1_SX300.jpg
2015,https://m.media-amazon.com/images/M/MV5BNGIxODhhMjMtMzFhOS00NjBhLThkN2EtNWRhZDMxOGM0MGI2XkEyXkFqcGc@._V1_SX300.jpg
2016,https://m.media-amazon.com/images/M/MV5BNzY1MWFhN2QtMjhmOC00ZWQyLTkwZDktMTg0M2IyNmI5MTcyXkEyXkFqcGc@._V1_SX300.jpg
2017,https://m.media-amazon.com/images/M/MV5BZDkzNTYxZTYtMDgxMi00ZDcyLWE1YTMtZWI0YmZkMGE4MzZhXkEyXkFqcGc@._V1_SX300.jpg
2018,https://m.media-amazon.com/images/M/MV5BMTIyZDk5NDItZmU5Yy00N2Y5LWI2ZDItMzEyZDhiYjI3MDdmXkEyXkFqcGc@._V1_SX300.jpg
2019,https://m.media-amazon.com/images/M/MV5BZjliMWExOTMtZDQ3ZS00NWU3LWIyN2EtMjllNzk3ZTNlYzg4XkEyXkFqcGc@._V1_SX300.jpg
2020,https://m.media-amazon.com/images/M/MV5BYmJkMzZhNzktYjgyYi00N2ZjLTgxN2EtN2JhOGY1NTE3ZWY0XkEyXkFqcGc@._V1_SX300.jpg
2021,https://m.media-amazon.com/images/M/MV5BMGJlMGM3NDAtOWNhMy00MWExLWI2MzEtMDQ0ZDIzZDY5ZmQ2XkEyXkFqcGc@._V1_SX300.jpg
2022,https://m.media-amazon.com/images/M/MV5BZjE2MWE2NDQtMjIzYy00OGY4LTk3YjktZTE2MWExYmEzMjM5XkEyXkFqcGc@._V1_SX300.jpg
2023,https://m.media-amazon.com/images/M/MV5BMDVjODgzNTEtNjBiNS00ODBjLWEwZjUtMDljZTFhOTA4M2MxXkEyXkFqcGc@._V1_SX300.jpg
2024,https://m.media-amazon.com/images/M/MV5BYjc4NzAwZTAtNzg5Ni00MjIxLWFjNTktMGE5ODgxYjcyYWQ1XkEyXkFqcGc@._V1_SX300.jpg
2025,https://m.media-amazon.com/images/M/MV5BMTRmN2FlYjUtOTQyNi00YTA3LWI0Y2YtNDIyMWQ0Y2IwYjhlXkEyXkFqcGc@._V1_SX300.jpg
2026,https://m.media-amazon.com/images/M/MV5BMjE2YWJhOTctZTE4Yy00ZDZhLTkzNGEtNzgzOGNjZWM5YWYwXkEyXkFqcGc@._V1_SX300.jpg
2027,https://m.media-amazon.com/images/M/MV5BYzQzOGNlOTEtYmY0OS00MjE1LWFhMzQtN2JlZTI0ZTQ0NzNjXkEyXkFqcGc@._V1_SX300.jpg
2028,https://m.media-amazon.com/images/M/MV5BZGZhZGQ1ZWUtZTZjYS00MDJhLWFkYjctN2ZlYjE5NWYwZDM2XkEyXkFqcGc@._V1_SX300.jpg
2032,https://m.media-amazon.com/images/M/MV5BNGJmZjVjYmUtZDljYi00NmU4LTk2YzUtYTMzMTRjM2U3NTA3XkEyXkFqcGc@._V1_SX300.jpg
2033,https://m.media-amazon.com/images/M/MV5BYjEzNjJkNzktYmNmMy00ZmUzLWE3OTMtZTM2ZDU3ODNjOGMyXkEyXkFqcGc@._V1_SX300.jpg
2034,https://m.media-amazon.com/images/M/MV5BYWNiMDIxZTItOTBmMy00MTM3LWFjZmItZjk1MGJhMzQ5MDkzXkEyXkFqcGc@._V1_SX300.jpg
2035,https://m.media-amazon.com/images/M/MV5BZTU3NzZlMzItY2YwMC00NWY0LWEwMGQtYjgyZmRjOGFjYjRkXkEyXkFqcGc@._V1_SX300.jpg
2036,https://m.media-amazon.com/images/M/MV5BYWIwMzg5YzctY2MyNS00MDIxLTk5MTktOTk0YzJmZGRmNGJkXkEyXkFqcGc@._V1_SX300.jpg
2037,https://m.media-amazon.com/images/M/MV5BZDY2ZmVjNjYtMDg2NC00ZmM2LWE1YmMtZDEzZjRiMTJlNjQ2XkEyXkFqcGc@._V1_SX300.jpg
2038,https://m.media-amazon.com/images/M/MV5BZTk5MjEyODgtMTBjYi00MGI5LTliNjUtZTkzMTBjYmE3ZGEwXkEyXkFqcGc@._V1_SX300.jpg
2040,https://m.media-amazon.com/images/M/MV5BOTg4MTM2NGUtZDgzNi00NzFlLWI1ZWEtZmE1YzEwNmNkZGFkXkEyXkFqcGc@._V1_SX300.jpg
2041,https://m.media-amazon.com/images/M/MV5BNDJkMmQwMjgtNDI4Ni00NTZjLTg5MzQtZjAxMzYyZDM2MTczXkEyXkFqcGc@._V1_SX300.jpg
2042,https://m.media-amazon.com/images/M/MV5BNWM2ZmUwOTEtZjZjYy00NDRjLWJkNWEtMTExNGIzZjIxNzgzXkEyXkFqcGc@._V1_SX300.jpg
2043,https://m.media-amazon.com/images/M/MV5BMTJmYjM1M2YtMWI0NC00MzVlLWE2ZTMtZTdhYjZlYTkzY2UzXkEyXkFqcGc@._V1_SX300.jpg
2044,https://m.media-amazon.com/images/M/MV5BZjI1MzE4YWYtMGM5NC00MGJiLWE1NzctZjRjZjM1MDAwNTRlXkEyXkFqcGc@._V1_SX300.jpg
2046,https://m.media-amazon.com/images/M/MV5BZTJhYTMyNDMtMjAyYy00YTRkLWJmZGMtMDZlODc0NWZmZDRhXkEyXkFqcGc@._V1_SX300.jpg
2048,https://m.media-amazon.com/images/M/MV5BMGZmNDU5OTMtYmRkNC00NDgxLTllNDAtNzFmZDEzNWIzNTViXkEyXkFqcGc@._V1_SX300.jpg
2050,https://m.media-amazon.com/images/M/MV5BZjIyN2ViMTItMTE1ZS00ZDgzLWIzMzYtZmUyY2VjYjU5ZThhXkEyXkFqcGc@._V1_SX300.jpg
2051,https://m.media-amazon.com/images/M/MV5BNmJkYjg0NzctYmE5NC00MzFiLWI2N2MtOWRlMGI4NTU3NWJkXkEyXkFqcGc@._V1_SX300.jpg
2052,https://m.media-amazon.com/images/M/MV5BYWRhOThjM2UtNmRhMi00YzFiLWI4MDYtOGQwNGY0ZjFlOGFkXkEyXkFqcGc@._V1_SX300.jpg
2053,https://m.media-amazon.com/images/M/MV5BYWU1ZmYxZmItY2ExMi00NTAwLThhMDItMzhmZGFjN2JlNjRiXkEyXkFqcGc@._V1_SX300.jpg
2054,https://m.media-amazon.com/images/M/MV5BMWZmMDA5OGUtNmUzZi00MTkyLWE2MTctNmRkOWUwMWViNjNkXkEyXkFqcGc@._V1_SX300.jpg
2055,https://m.media-amazon.com/images/M/MV5BZmUwMDM4ZmQtNjgxMi00ZTA2LTllZGEtOTY3YTlmODJiNmQ2XkEyXkFqcGc@._V1_SX300.jpg
2056,https://m.media-amazon.com/images/M/MV5BZmExZGJhM2YtMmQ1Mi00YjIwLWFhZDUtMTFhZWZjZTNhYTYxXkEyXkFqcGc@._V1_SX300.jpg
2057,https://m.media-amazon.com/images/M/MV5BMWMyMGQ3NTktODVlYy00ZWE5LTgyNzgtZTJlNDZjYjlkMTMzXkEyXkFqcGc@._V1_SX300.jpg
2058,https://m.media-amazon.com/images/M/MV5BNTBjZDM3NzctOGE2YS00NDZiLTk4ZWMtY2IwOWI5ZTE4ZDc0XkEyXkFqcGc@._V1_SX300.jpg
2059,https://m.media-amazon.com/images/M/MV5BNTRkYmY3Y2QtMGM2Ny00MTNmLTk4NjYtNjMwNTNmMGY5ZDllXkEyXkFqcGc@._V1_SX300.jpg
2060,https://m.media-amazon.com/images/M/MV5BYzA0ZWY2MDEtMzczMC00NjkyLThmYjItMDk4ZDRmMDE4MjJmXkEyXkFqcGc@._V1_SX300.jpg
2064,https://m.media-amazon.com/images/M/MV5BZTVmZGRiODctNTI5OS00YzIwLTgxMGMtYjAxNjMyZGNmNzQwXkEyXkFqcGc@._V1_SX300.jpg
2065,https://m.media-amazon.com/images/M/MV5BMDQ3NjE3YTMtYWY3ZC00NjcyLThlNDYtNTVmMDE2YjZjYzliXkEyXkFqcGc@._V1_SX300.jpg
2066,https://m.media-amazon.com/images/M/MV5BOWM3MjAzN2MtOTE0OS00ZTIxLWFkZTAtZTVmNmMyNGZjNDA4XkEyXkFqcGc@._V1_SX300.jpg
2067,https://m.media-amazon.com/images/M/MV5BNWQyZGNmZWItNjc0OS00M2YyLWJkZmYtZWNlNDE2MzMwYzUzXkEyXkFqcGc@._V1_SX300.jpg
2068,https://m.media-amazon.com/images/M/MV5BNjIwMzRhZWUtOTA0YS00MmFmLWI4ZjgtNjNlZmU3M2Q1Y2NhXkEyXkFqcGc@._V1_SX300.jpg
2069,https://m.media-amazon.com/images/M/MV5BOTAxMmY5NjEtNmQ5My00MjdkLTk4MWItZjVlMjViOGQ2MDljXkEyXkFqcGc@._V1_SX300.jpg
2070,https://m.media-amazon.com/images/M/MV5BY2FkNDgyN2MtMDQ2YS00NTM1LWFhNDctNGEyMzBiYmI5NDRhXkEyXkFqcGc@._V1_SX300.jpg
2071,https://m.media-amazon.com/images/M/MV5BMjQwOWQ1NDgtMzQzNy00NTFlLWJhNjQtNTUwMGRkZTk3OGIwXkEyXkFqcGc@._V1_SX300.jpg
2072,https://m.media-amazon.com/images/M/MV5BNzAzYWE2NzYtMTMzNy00MmQzLTllMWItODA3ODk4MDg5MmY0XkEyXkFqcGc@._V1_SX300.jpg
2073,https://m.media-amazon.com/images/M/MV5BMDNlZDY3YzgtYWMxNy00YjcxLWFhMGEtZWU1ODJlMjE1OGQxXkEyXkFqcGc@._V1_SX300.jpg
2074,https://m.media-amazon.com/images/M/MV5BOTgwZTg4NDYtMDlmYi00ODJkLTk0ZTktMTExYmEwY2JhZTc5XkEyXkFqcGc@._V1_SX300.jpg
2075,https://m.media-amazon.com/images/M/MV5BNmFmYmIyOGQtZGVkYS00MmJkLWI5ZWYtNDQ2ZjRhYWIwYjZkXkEyXkFqcGc@._V1_SX300.jpg
2076,https://m.media-amazon.com/images/M/MV5BNzkwZGUyYjQtM2QyOC00MTBjLWE0NGYtMTZmOGM5MjI0Mzg0XkEyXkFqcGc@._V1_SX300.jpg
2077,https://m.media-amazon.com/images/M/MV5BYjM0YTZkZWItMWI5NS00YzEyLWEyMTktMmNlNTBiY2VhODQxXkEyXkFqcGc@._V1_SX300.jpg
2078,https://m.media-amazon.com/images/M/MV5BNGE4M2NiZDktY2E2MC00ZTY5LWIyMDktZWIxNzQ2OWU2NmQzXkEyXkFqcGc@._V1_SX300.jpg
2080,https://m.media-amazon.com/images/M/MV5BMjA1NmQ2MTYtNzU0NC00NzBiLWJmZmQtM2FlNDViODk4OWEwXkEyXkFqcGc@._V1_SX300.jpg
2081,https://m.media-amazon.com/images/M/MV5BNmQ3ODcyZGMtMjNlOS00YzhlLTg0YzAtZGVjNmQ0OTYyNDg0XkEyXkFqcGc@._V1_SX300.jpg
2082,https://m.media-amazon.com/images/M/MV5BYjBhOTYzMTUtZTUyNy00NzU1LWFhZjktMWE4ZTMzYjc1ZmJhXkEyXkFqcGc@._V1_SX300.jpg
2083,https://m.media-amazon.com/images/M/MV5BNTIwOTAyMDgtNTY1Zi00ZWMyLWFjMjAtNjI5YWIyOTE2NDJhXkEyXkFqcGc@._V1_SX300.jpg
2084,https://m.media-amazon.com/images/M/MV5BYzBjMjgzZTAtNmNkMy00NTM2LWExNTktYTQ5ZGVhMDhhZGVkXkEyXkFqcGc@._V1_SX300.jpg
2085,https://m.media-amazon.com/images/M/MV5BZTIyMzVmNmItYWFkNS00YWJkLTk3YTEtNTVhMmQ0ODFjYmY1XkEyXkFqcGc@._V1_SX300.jpg
2087,https://m.media-amazon.com/images/M/MV5BOGUwNjg5MWItNTc5OC00MTNkLWEwNzYtYzA1M2Y4MWU3NmQwXkEyXkFqcGc@._V1_SX300.jpg
2088,https://m.media-amazon.com/images/M/MV5BOWVlMWUxMmEtOGFlZS00MDJmLWE1NWQtZWI5MGMxZmU2NDIxXkEyXkFqcGc@._V1_SX300.jpg
2089,https://m.media-amazon.com/images/M/MV5BZjIyYWVhYWUtZTdjYy00NTUxLWExY2YtYjljNWExYjYyMDUxXkEyXkFqcGc@._V1_SX300.jpg
2090,https://m.media-amazon.com/images/M/MV5BYjAxMmU2N2UtNjk1MC00YjlmLWI2YzAtYjBlMGM5NWJjOWYzXkEyXkFqcGc@._V1_SX300.jpg
2091,https://m.media-amazon.com/images/M/MV5BN2Y3ZGI0NGEtNTNiNy00MjMwLTg5MGQtYzNjYjFkNzk4MzYyXkEyXkFqcGc@._V1_SX300.jpg
2092,https://m.media-amazon.com/images/M/MV5BNTI0ZTI4MTYtOGFjMy00NjUwLWFlMWQtNzg2ODQ2ZmEzODExXkEyXkFqcGdeQXVyNzY1NDgwNjQ@._V1_SX300.jpg
2093,https://m.media-amazon.com/images/M/MV5BZWQ5ZTcyNTUtMzA2Yy00NDJmLTk2MGUtOTMxZDVmNjE3NDQ4XkEyXkFqcGc@._V1_SX300.jpg
2094,https://m.media-amazon.com/images/M/MV5BMmQyMzk5NTAtMmIzNy00MDVjLWExNWQtOWFmZmU0NGVmODEyXkEyXkFqcGc@._V1_SX300.jpg
2095,https://m.media-amazon.com/images/M/MV5BZWZlNzExYzctYzFkNS00OGJlLWI0YjItNTMxNWVlNWJhZDNhXkEyXkFqcGc@._V1_SX300.jpg
2096,https://m.media-amazon.com/images/M/MV5BYjVjNjZkNTQtOTRhZi00NTVhLThkMzktYzY4YjIwZWRhZjA0XkEyXkFqcGc@._V1_SX300.jpg
2097,https://m.media-amazon.com/images/M/MV5BNWViMzYzZGEtYTI2MC00ZmQyLWIxOTItN2UwNzlkNTQ1ZGFiXkEyXkFqcGc@._V1_SX300.jpg
2098,https://m.media-amazon.com/images/M/MV5BZTg3ZDYyMDgtYTkyZS00MDNlLWIzNmYtM2RhMDBkNDBkNWI0XkEyXkFqcGc@._V1_SX300.jpg
2099,https://m.media-amazon.com/images/M/MV5BZjgyNjY2MGMtZjFjNy00N2NhLTg3ZTctZDY1MTMwY2YzNzIzXkEyXkFqcGc@._V1_SX300.jpg
2100,https://m.media-amazon.com/images/M/MV5BNGM2NDk4ZTgtYmVkZS00OTE4LTk2ZTAtYzc3Nzk4ZGU3NmE0XkEyXkFqcGc@._V1_SX300.jpg
2102,https://m.media-amazon.com/images/M/MV5BODhlNGQyZTAtNGE0ZS00OWVhLTkzODQtOTBiMmQ2ODZjNzI2XkEyXkFqcGc@._V1_SX300.jpg
2103,https://m.media-amazon.com/images/M/MV5BZTJjYWZlOTMtNTZiZC00MmVmLTg3NzMtODFkMDZhNWExMzA0XkEyXkFqcGc@._V1_SX300.jpg
2104,https://m.media-amazon.com/images/M/MV5BMDliNjZjYzgtNWExYi00Yzg3LTlmNjQtNGMxNmU0NjQyMTAxXkEyXkFqcGc@._V1_SX300.jpg
2105,https://m.media-amazon.com/images/M/MV5BMTA4Y2VjOWEtMWQ5MS00YWU5LTkxZTMtNzVmMDYyNWFiODU5XkEyXkFqcGc@._V1_SX300.jpg
2106,https://m.media-amazon.com/images/M/MV5BN2VmNDgxM2MtMGU4MC00MWI1LWE4ODEtMTY4ODk1YTA2ODFjXkEyXkFqcGc@._V1_SX300.jpg
2107,https://m.media-amazon.com/images/M/MV5BOTgyZjI3MWEtOWNiMS00ZDE3LWJmNjMtZjZhZWY4MmU5MzBmXkEyXkFqcGc@._V1_SX300.jpg
2108,https://m.media-amazon.com/images/M/MV5BYmE2MWM5YTEtZmE5ZS00MzdjLWE2NjQtMmJjNGRiNjlhZjc2XkEyXkFqcGc@._V1_SX300.jpg
2109,https://m.media-amazon.com/images/M/MV5BNTNiNjEwZjktNTZjMi00NWMyLThkZWYtODVkMDVhNGVkZDcxXkEyXkFqcGc@._V1_SX300.jpg
2110,https://m.media-amazon.com/images/M/MV5BMjhhMmM3OGQtMzg5OC00ZTcwLWFlOTItNDNhYWVkNzg2MGE3XkEyXkFqcGc@._V1_SX300.jpg
2111,https://m.media-amazon.com/images/M/MV5BNjBjN2Q3ZDItM2VlMC00MzcwLTgwMTAtYjFmZjIxYzA3MTcyXkEyXkFqcGc@._V1_SX300.jpg
2112,https://m.media-amazon.com/images/M/MV5BODE1MmVkZDUtNzA3ZC00M2E2LWJiZmYtNDk0Y2ZjYzliNDM3XkEyXkFqcGc@._V1_SX300.jpg
2114,https://m.media-amazon.com/images/M/MV5BODlmMzZjZDEtOTUwOS00OTAwLTg2YzAtYTA4ZTk3ZWNjMTgxXkEyXkFqcGc@._V1_SX300.jpg
2115,https://m.media-amazon.com/images/M/MV5BOGUwZjZiNWQtYzAzZi00NGI5LWE4YmUtN2Y4YWMwY2RlZDkyXkEyXkFqcGc@._V1_SX300.jpg
2116,https://m.media-amazon.com/images/M/MV5BZmI4ZmIxOGQtMGY2ZS00Y2Y5LTllMDItYzllOWFmMTNlMmY2XkEyXkFqcGc@._V1_SX300.jpg
2117,https://m.media-amazon.com/images/M/MV5BYTlhOTc3M2QtNmRhNy00ZjhhLTg3MzgtMGRhZjhkZTEwMjUzXkEyXkFqcGc@._V1_SX300.jpg
2118,https://m.media-amazon.com/images/M/MV5BNjlmYzYyODgtYjBiYS00ZDM3LWE0MDYtN2U3MzBjMTRmYzMzXkEyXkFqcGc@._V1_SX300.jpg
2119,https://m.media-amazon.com/images/M/MV5BN2UzZDlhN2MtNjVhMi00MWZhLThjNTEtZTg0NDc1NjVkZDQ1XkEyXkFqcGc@._V1_SX300.jpg
2120,https://m.media-amazon.com/images/M/MV5BNTVkYjA1OTQtMDE1OC00ZTU4LTlkNjgtMTgyMGRjOGNjYmYyXkEyXkFqcGc@._V1_SX300.jpg
2121,https://m.media-amazon.com/images/M/MV5BMjM2NDc1NDYtMzA1ZS00NGIwLTljMDAtN2JiNGU2ZDM0MDM3XkEyXkFqcGc@._V1_SX300.jpg
2122,https://m.media-amazon.com/images/M/MV5BNjFmZjhkNDYtZThjZi00YWY4LWFkYjMtNDM3YjkyODMxZDNmXkEyXkFqcGc@._V1_SX300.jpg
2123,https://m.media-amazon.com/images/M/MV5BZTBlYTA0ZDUtNjJhMS00Y2UxLTk5MzAtMjBlYTAyN2FkMmNlXkEyXkFqcGc@._V1_SX300.jpg
2124,https://m.media-amazon.com/images/M/MV5BZWY0MzVlNGEtYzM1MC00OTI4LWE3ZTQtNWJjYzk2Y2MyNjVkXkEyXkFqcGc@._V1_SX300.jpg
2125,https://m.media-amazon.com/images/M/MV5BMTYyMDJjZTgtZGRjNS00MmY5LTg4YWUtYjc0NTdlY2U2NWYxXkEyXkFqcGc@._V1_SX300.jpg
2126,https://m.media-amazon.com/images/M/MV5BMWFhNWFhOTktZmY2ZS00OTAyLTg5MWMtYTY1OTkxYWMxMDRiXkEyXkFqcGc@._V1_SX300.jpg
2130,https://m.media-amazon.com/images/M/MV5BMzY3Mzc5YmEtMGYwNS00YjJkLWE2NjQtOWNiM2RlNWFhMTY1XkEyXkFqcGc@._V1_SX300.jpg
2131,https://m.media-amazon.com/images/M/MV5BNTg1MzJiNTYtZjcyNS00NDE5LWE0N2ItMGIxM2Y2ZDMyYjJjXkEyXkFqcGc@._V1_SX300.jpg
2132,https://m.media-amazon.com/images/M/MV5BOGY5YWJlMjUtNWI4Zi00NTExLWIwMDUtNGJkOTM0MzliNjE4XkEyXkFqcGc@._V1_SX300.jpg
2133,https://m.media-amazon.com/images/M/MV5BOWRlODFjMTMtNDBiNS00Y2E0LWEzMDMtYjI3NjAzMDg1N2RlXkEyXkFqcGc@._V1_SX300.jpg
2134,https://m.media-amazon.com/images/M/MV5BYjI2N2Q4ZjEtZjMyNC00MDM5LTkxZTQtNzA4MTE1ZGQyYTgwXkEyXkFqcGc@._V1_SX300.jpg
2135,https://m.media-amazon.com/images/M/MV5BMjMxOTM3NzU4M15BMl5BanBnXkFtZTgwNDU0MDUxMDE@._V1_SX300.jpg
2136,https://m.media-amazon.com/images/M/MV5BZDRmZTRlMGYtMjM0Mi00MWJkLTgxZTgtMTc4NGViYTQ1ZjU1XkEyXkFqcGc@._V1_SX300.jpg
2137,https://m.media-amazon.com/images/M/MV5BZjhlYjU1NmEtZWZmNy00ZWZiLWJjZjktZmM3MjczOWE5MjIyXkEyXkFqcGc@._V1_SX300.jpg
2138,https://m.media-amazon.com/images/M/MV5BMTM5MTYzMTItYjJhZi00ZDQxLWI3NzYtMjQ2ZWVlYjVlMjMzXkEyXkFqcGc@._V1_SX300.jpg
2139,https://m.media-amazon.com/images/M/MV5BODAxNzMwYTktZjAyMi00NmNhLWJjMzAtMjkzZjRkYjY2Nzk2XkEyXkFqcGc@._V1_SX300.jpg
2140,https://m.media-amazon.com/images/M/MV5BYTcxY2NiMDAtMjRmYi00ZTUwLTk2NDYtYjI1MDQ4ZDBiMTA5XkEyXkFqcGc@._V1_SX300.jpg
2141,https://m.media-amazon.com/images/M/MV5BZjQ2MzBlMzktNDExYy00YWIyLWI2OWEtNzI4N2IwYjRiZmFhXkEyXkFqcGc@._V1_SX300.jpg
2142,https://m.media-amazon.com/images/M/MV5BNGYyNzJhOWEtODc5OC00ZjY5LWE4MTktN2IwMDU0YTEyYTViXkEyXkFqcGc@._V1_SX300.jpg
2143,https://m.media-amazon.com/images/M/MV5BYTc0MGI5MmItZGIwOS00NGZmLWJjZWUtMjAxYzFkOTJkNWVmXkEyXkFqcGc@._V1_SX300.jpg
2144,https://m.media-amazon.com/images/M/MV5BMTgzNTkxMTkxMl5BMl5BanBnXkFtZTgwMjE3NjkzMTE@._V1_SX300.jpg
2145,https://m.media-amazon.com/images/M/MV5BZWMxMTk4YTAtMzEzNS00OTA0LTk2NWMtZjhjYmQwNDUyMzkzXkEyXkFqcGc@._V1_SX300.jpg
2146,https://m.media-amazon.com/images/M/MV5BNDU2ODMyNDctOGNlMC00OGJmLTg3MDgtZTYzZGMwMTBiYWM1XkEyXkFqcGc@._V1_SX300.jpg
2147,https://m.media-amazon.com/images/M/MV5BMWJiYWM1OTQtMmI0YS00YmJkLThmMWQtYTRkOTQ1MTVkZmVmXkEyXkFqcGc@._V1_SX300.jpg
2148,https://m.media-amazon.com/images/M/MV5BNjY3Y2VmNjEtOGY4YS00YTBhLTk1NzQtODA3ZDc5OTIxODI2XkEyXkFqcGc@._V1_SX300.jpg
2149,https://m.media-amazon.com/images/M/MV5BMzJiMjVlMGYtMzJhZS00OWEwLTg4MzQtNTE3NWEyNWRkNmQwXkEyXkFqcGc@._V1_SX300.jpg
2150,https://m.media-amazon.com/images/M/MV5BMDUzNmJjOTEtMmNhZi00YTY1LTg0MTQtOTkwNjFkNjZjMDU5XkEyXkFqcGc@._V1_SX300.jpg
2151,https://m.media-amazon.com/images/M/MV5BNmViMTliY2EtZTg2YS00ZDQwLThiMTUtYWU1Yjg3ODkyZmE3XkEyXkFqcGc@._V1_SX300.jpg
2152,https://m.media-amazon.com/images/M/MV5BNjcxMzQ2NDM0NF5BMl5BanBnXkFtZTgwOTI4OTY4ODE@._V1_SX300.jpg
2153,https://m.media-amazon.com/images/M/MV5BZTA4ZmZlZWQtZDRlYS00ZWZhLTk0MzEtYjExMGIzMTBlZDNlXkEyXkFqcGc@._V1_SX300.jpg
2154,https://m.media-amazon.com/images/M/MV5BOTg5Yzk0NjItZTBkZS00NTc4LTgwZGMtYWU3YTYzNjZlYTEwXkEyXkFqcGc@._V1_SX300.jpg
2155,https://m.media-amazon.com/images/M/MV5BMDE4NWUxYmItNDQ0Ny00ZTkzLThiMTItNTJmNGFiOTI4NzY3XkEyXkFqcGc@._V1_SX300.jpg
2156,https://m.media-amazon.com/images/M/MV5BYmY4MDBkNzQtYTk1Yi00MTMyLThiMDYtODA4NmM3MjNjYWIyXkEyXkFqcGdeQXVyMTQ3Njg3MQ@@._V1_SX300.jpg
2159,https://m.media-amazon.com/images/M/MV5BOGJjMzI2MmQtZTJmYS00OGI0LWE2MDktYWJmNmU0NTMxMjJkXkEyXkFqcGc@._V1_SX300.jpg
2160,https://m.media-amazon.com/images/M/MV5BNDlhMDI3OTQtNTBkYy00NWQ5LWJmNWEtZGQwYzZlMTQ4MDI1XkEyXkFqcGc@._V1_SX300.jpg
2161,https://m.media-amazon.com/images/M/MV5BYzE0Y2E0NGYtYzRmMy00ZDRjLTk1NDItNjZjYTMyMmJjMGYxXkEyXkFqcGc@._V1_SX300.jpg
2162,https://m.media-amazon.com/images/M/MV5BNzk4NmJkNzgtMDdiNy00OTJkLWE2ODItZGVhNTMzZmQ1NzdmXkEyXkFqcGc@._V1_SX300.jpg
2163,https://m.media-amazon.com/images/M/MV5BMDE3Y2UxOWMtM2RkNC00ZjY1LTgyY2MtZDQwYzFhOWIxNDcxXkEyXkFqcGc@._V1_SX300.jpg
2164,https://m.media-amazon.com/images/M/MV5BZTgxZWExOWEtYmJhZC00ODljLTlkYjMtYmMwZjFjYjYzN2JlXkEyXkFqcGc@._V1_SX300.jpg
2165,https://m.media-amazon.com/images/M/MV5BNDgwNDVkZTUtMmQzYy00YjliLWI5ZjgtNWQ2M2YyZjU1NDA2XkEyXkFqcGc@._V1_SX300.jpg
2166,https://m.media-amazon.com/images/M/MV5BMmViZjg0MjktZjdmNi00NTAyLThmMjgtY2E1NGM0NjRmOGM2XkEyXkFqcGc@._V1_SX300.jpg
2167,https://m.media-amazon.com/images/M/MV5BNzAzMmY3OWMtNDgyMS00Y2U4LTlmM2UtY2YwMmM0MDI5ODJmXkEyXkFqcGc@._V1_SX300.jpg
2169,https://m.media-amazon.com/images/M/MV5BY2M3ZTc0MjctN2RiZS00MmMwLTkwNjUtZDBjZGNiZWIzMTk0XkEyXkFqcGc@._V1_SX300.jpg
2170,https://m.media-amazon.com/images/M/MV5BNzA1YzFlOTEtOTkzZC00MzE3LWFlYmEtYThmMzVmYjQ5ZjgxXkEyXkFqcGc@._V1_SX300.jpg
2171,https://m.media-amazon.com/images/M/MV5BYjE1ZTc0MzUtM2YxYy00ZjE0LWI2ZTctZDRjNDJmM2IyMTc0XkEyXkFqcGc@._V1_SX300.jpg
2172,https://m.media-amazon.com/images/M/MV5BZjFhNjRkZjktZDBlZS00MDA0LTlhNzYtZDg2M2Y4Y2QwMjJkXkEyXkFqcGc@._V1_SX300.jpg
2174,https://m.media-amazon.com/images/M/MV5BYjkwNzVlNDEtMTJlNy00OTdlLTljYWItM2RkZmZkYzY3YjM2XkEyXkFqcGc@._V1_SX300.jpg
2175,https://m.media-amazon.com/images/M/MV5BMTg3OTk3NDAzNV5BMl5BanBnXkFtZTcwMTYyNjAyMQ@@._V1_SX300.jpg
2176,https://m.media-amazon.com/images/M/MV5BMDM1YzdlZjAtZWFiZS00ZjYyLTgxYzctNzBiYmE0OWFiMGU1XkEyXkFqcGc@._V1_SX300.jpg
2177,https://m.media-amazon.com/images/M/MV5BODExM2E0MGUtMzQ5MS00NDBhLTllZDMtYmMwM2MyYzY3Yzg4XkEyXkFqcGc@._V1_SX300.jpg
2178,https://m.media-amazon.com/images/M/MV5BYWQ3OGZkYTgtZjVmZi00Yjg4LThkNjEtOTdjM2I4YTUwNmVhXkEyXkFqcGc@._V1_SX300.jpg
2179,https://m.media-amazon.com/images/M/MV5BMDFlYTM5OGMtYzlmNy00NDgzLTk2NzAtZmNhNDUxYWQ1ZmIyXkEyXkFqcGc@._V1_SX300.jpg
2180,https://m.media-amazon.com/images/M/MV5BNTYwODI4NjcwOV5BMl5BanBnXkFtZTgwMzU0OTk5MTE@._V1_SX300.jpg
2181,https://m.media-amazon.com/images/M/MV5BMTIyMmJmOGUtODMzMy00NTUxLWJmZTQtMWQ4NWM1ZTg5MjZlXkEyXkFqcGc@._V1_SX300.jpg
2182,https://m.media-amazon.com/images/M/MV5BZGZhZjlkN2MtYmE2Ni00YmRkLTkwNjMtNTFjMzFkZWNlYzg2XkEyXkFqcGc@._V1_SX300.jpg
2183,https://m.media-amazon.com/images/M/MV5BNDg1NzljZmMtMDU3OS00Y2E5LWE3OGEtMzM4ZjhjMmZmZTI5XkEyXkFqcGc@._V1_SX300.jpg
2184,https://m.media-amazon.com/images/M/MV5BY2JmZWE4MjgtNmRiOS00ZDY1LTkyMWQtZDkyMjFiZTc1M2M4XkEyXkFqcGc@._V1_SX300.jpg
2185,https://m.media-amazon.com/images/M/MV5BZjNmZGM1OTMtNGU5Yi00ZDU0LWI2YTctYTc0ZjEzMTIyY2YxXkEyXkFqcGc@._V1_SX300.jpg
2186,https://m.media-amazon.com/images/M/MV5BYjZkNjIwYjktN2IzOC00MmJlLWFkNDItZDZmNGZkNjQzZTA0XkEyXkFqcGc@._V1_SX300.jpg
2187,https://m.media-amazon.com/images/M/MV5BYjU0MDU5YzYtZTdiOS00ZTY4LThlN2EtOGU1ZDgxYTRmNjYyXkEyXkFqcGc@._V1_SX300.jpg
2188,https://m.media-amazon.com/images/M/MV5BMDgzNzU4MDUtZTg0Mi00M2RjLTg5YmYtMjg1NjI4MjFiMmMyXkEyXkFqcGc@._V1_SX300.jpg
2190,https://m.media-amazon.com/images/M/MV5BOGNhYjczZjUtY2QzNC00NTNjLWExN2MtNzI3ODIzNzAyZWI0XkEyXkFqcGdeQXVyNzc5MjA3OA@@._V1_SX300.jpg
2193,https://m.media-amazon.com/images/M/MV5BM2E5Mjg3NzItNTNlNy00NzJmLThjOGUtZjdjMTZiMGJkYTMzXkEyXkFqcGc@._V1_SX300.jpg
2194,https://m.media-amazon.com/images/M/MV5BYjVlNTk3NGYtOWE0OC00MDI4LThlZWItZGMwMTdmYzcwM2Y5XkEyXkFqcGc@._V1_SX300.jpg
2195,https://m.media-amazon.com/images/M/MV5BMjE0NzkzNDI3Ml5BMl5BanBnXkFtZTcwNjA0NzQzNA@@._V1_SX300.jpg
2196,https://m.media-amazon.com/images/M/MV5BMmJkOTlmNTAtNDA2Ni00MmYwLTk5MjYtMmVlMmU0ZTU5YTVhXkEyXkFqcGc@._V1_SX300.jpg
2201,https://m.media-amazon.com/images/M/MV5BMzhmNTg5OTUtYmE5My00ZjNiLTkzNzctYmI4YzdjZmFkNjFiXkEyXkFqcGc@._V1_SX300.jpg
2202,https://m.media-amazon.com/images/M/MV5BYzliZGI1NmMtN2NjOC00MzA0LTg2YmUtZjNmMGEzMzFlYTUwXkEyXkFqcGc@._V1_SX300.jpg
2203,https://m.media-amazon.com/images/M/MV5BMDFhMzBlYzctMDhkOC00OTFiLTgyYzEtZTBkNmQzNGRlMmNlXkEyXkFqcGc@._V1_SX300.jpg
2204,https://m.media-amazon.com/images/M/MV5BYzk0YTdjMmMtNjM5NC00ZGE3LWE4NGYtZmRjNDg2NzkzNTE5XkEyXkFqcGc@._V1_SX300.jpg
2205,https://m.media-amazon.com/images/M/MV5BNTg4ZGZlMzYtNDU1My00M2FlLWIwNzctMzExYzI0ODY1M2I3XkEyXkFqcGc@._V1_SX300.jpg
2206,https://m.media-amazon.com/images/M/MV5BYjhmZDkzMzItNDc2Yy00MmUxLTgxMWMtNjZhNjM2Mzc3MDcxXkEyXkFqcGc@._V1_SX300.jpg
2207,https://m.media-amazon.com/images/M/MV5BNzQxZjdjNjYtNzk5Yy00MjhjLTkxNzItNDBjMmVkOWIyNDAzXkEyXkFqcGc@._V1_SX300.jpg
2208,https://m.media-amazon.com/images/M/MV5BMzQxY2M5ODUtYjQ5ZS00M2NmLWI2OTMtYzY3ZWJmZjcyNDIwXkEyXkFqcGc@._V1_SX300.jpg
2210,https://m.media-amazon.com/images/M/MV5BNTFmNDQ4MWYtN2Q5YS00ZWQyLThkMTItYzQyNDcyM2E4ZDdmXkEyXkFqcGc@._V1_SX300.jpg
2211,https://m.media-amazon.com/images/M/MV5BOWE5Mjk4ODQtNDFlZC00Mzk0LThmYjgtZDBjOWM2MTdjYWM3XkEyXkFqcGc@._V1_SX300.jpg
2212,https://m.media-amazon.com/images/M/MV5BNjBiNDBkZjYtNGViYS00NTViLWEyMmEtZTRiMmEwYWUyNTE3XkEyXkFqcGc@._V1_SX300.jpg
2226,https://m.media-amazon.com/images/M/MV5BMGE0MWQ1OGUtMjI2YS00ZTg2LTk0M2QtYTg4YWE1MTdmNmQzXkEyXkFqcGc@._V1_SX300.jpg
2227,https://m.media-amazon.com/images/M/MV5BMjE4OTg0ODgyNF5BMl5BanBnXkFtZTgwMDY3NTMzMjE@._V1_SX300.jpg
2231,https://m.media-amazon.com/images/M/MV5BMWQ1NTVjZjYtNzlhYi00YmQ2LWFhM2EtMWY4MGE3NzVmZGQzXkEyXkFqcGc@._V1_SX300.jpg
2232,https://m.media-amazon.com/images/M/MV5BYmYwYzA5NjgtMTg2MC00NDk0LTk5OTYtNjgyMWM4YWM4NDdiXkEyXkFqcGc@._V1_SX300.jpg
2236,https://m.media-amazon.com/images/M/MV5BYzIwZTNmY2UtNTExZC00NzQ1LTg4NTEtOTIxOWU0NTFkZDhjXkEyXkFqcGc@._V1_SX300.jpg
2239,https://m.media-amazon.com/images/M/MV5BNmRkZjRmOWQtZmQ5OC00ZGQyLWE4ZmMtMzExYTM3NTU3YzQ2XkEyXkFqcGc@._V1_SX300.jpg
2240,https://m.media-amazon.com/images/M/MV5BZGQ3YWY0NjAtN2ZlMC00MDM5LTllMzAtYWM1MGE3MjQwMGMzXkEyXkFqcGc@._V1_SX300.jpg
2241,https://m.media-amazon.com/images/M/MV5BODQ2YjFlMDMtMTRmMy00MDhkLTk2NWYtYjNhMTIzNjE5NGMwXkEyXkFqcGc@._V1_SX300.jpg
2243,https://m.media-amazon.com/images/M/MV5BMGVhZjNiYmUtMTAwYS00ZjQ0LWIyNGItNTU1OWNjYjA4ZDE5XkEyXkFqcGc@._V1_SX300.jpg
2244,https://m.media-amazon.com/images/M/MV5BYWFiYjNkNDYtZTMyNi00ZDVmLWEzMTgtYTdhM2U1MWY0ZTA3XkEyXkFqcGc@._V1_SX300.jpg
2245,https://m.media-amazon.com/images/M/MV5BYzZhNGFlNGYtMjgyMi00YmZiLWFjNjktZGIzYjkxM2YyZWJjXkEyXkFqcGc@._V1_SX300.jpg
2247,https://m.media-amazon.com/images/M/MV5BMmVkY2E1MDYtOWQwMy00ZjM2LThmNTAtYTY1NDEwMmRmZWRjXkEyXkFqcGc@._V1_SX300.jpg
2248,https://m.media-amazon.com/images/M/MV5BNjY1N2QwZDItOWZjZC00MTg4LTg1YmUtZWMzMThhY2YxNmNiXkEyXkFqcGc@._V1_SX300.jpg
2249,https://m.media-amazon.com/images/M/MV5BNWExNjkzNDItNTcyYS00YjNlLWIwMjQtMzdkZTE0NjI0YjAyXkEyXkFqcGc@._V1_SX300.jpg
2252,https://m.media-amazon.com/images/M/MV5BMWY2NDA0NjctMThiZi00NTI1LWFjODEtODlmZTdkMzJlYzc5XkEyXkFqcGc@._V1_SX300.jpg
2253,https://m.media-amazon.com/images/M/MV5BMjFkMWVhMzQtMzY2NS00NWY4LWIxMmEtOWI2NzY5OTU5MzA5XkEyXkFqcGc@._V1_SX300.jpg
2255,https://m.media-amazon.com/images/M/MV5BMzJmNDc5YTctZjA0YS00ZDEwLWI3NDctMTAwNzFjZjU0MDhkXkEyXkFqcGc@._V1_SX300.jpg
2256,https://m.media-amazon.com/images/M/MV5BN2JhNTI5YzEtM2NmZi00NDY5LWIzY2ItMDZkY2RlOTI4NjhmXkEyXkFqcGc@._V1_SX300.jpg
2257,https://m.media-amazon.com/images/M/MV5BZjc3N2ZhNzYtMjU5MC00ZmE4LTg3NzktMjRmYWRkN2NmZmIzXkEyXkFqcGc@._V1_SX300.jpg
2259,https://m.media-amazon.com/images/M/MV5BOTRkY2U0MDYtNmE0My00NjM4LWJhNjctYTRjN2NkNDY4Y2ZiXkEyXkFqcGc@._V1_SX300.jpg
2260,https://m.media-amazon.com/images/M/MV5BOTFlNDg0YTItYjlhYy00NGJkLTljZjMtODlkNGMyOWE2MzZhXkEyXkFqcGc@._V1_SX300.jpg
2261,https://m.media-amazon.com/images/M/MV5BODc2MTA3ZTUtZTVlMS00ZjQ4LThmYTItYThiYzg5NjRlNDEzXkEyXkFqcGc@._V1_SX300.jpg
2262,https://m.media-amazon.com/images/M/MV5BZjAyOTZiM2YtNmMyZS00ZjkzLTg0ZGQtZjA3MmEwNjE3ZDZkXkEyXkFqcGc@._V1_SX300.jpg
2263,https://m.media-amazon.com/images/M/MV5BMmUzNTY3NzQtZDZkNC00ODQyLWIzNTQtMWFlMjVhYmYyOTUwXkEyXkFqcGc@._V1_SX300.jpg
2264,https://m.media-amazon.com/images/M/MV5BMjhiZmZiM2MtOGM0Zi00MjcwLWI4MDEtNTI0M2JjZDEzZjgzXkEyXkFqcGc@._V1_SX300.jpg
2265,https://m.media-amazon.com/images/M/MV5BZmRhNGI0OWUtYTVhNi00ZWZjLTk3NDMtYzc0ZmFmZGQ2ZDk1XkEyXkFqcGc@._V1_SX300.jpg
2266,https://m.media-amazon.com/images/M/MV5BNDkyY2M4ZWQtOWVhNi00MWQzLWI5OWUtMTIwYTU1NmM3NDRiXkEyXkFqcGc@._V1_SX300.jpg
2267,https://m.media-amazon.com/images/M/MV5BODQ3NDUwZWYtY2NmZi00MGQwLWIyMDItZDZkZjk4ZTMwNGRhXkEyXkFqcGc@._V1_SX300.jpg
2268,https://m.media-amazon.com/images/M/MV5BOGVhMTUwYzEtZGQ1ZC00Nzg1LTk0OGUtMDk0NDM0ZmZlN2E0XkEyXkFqcGc@._V1_SX300.jpg
2269,https://m.media-amazon.com/images/M/MV5BMDEyN2UyYjItNjRjMy00YzM3LWEwNzktNDRjNjA5NmIzMmU1XkEyXkFqcGc@._V1_SX300.jpg
2271,https://m.media-amazon.com/images/M/MV5BMzgyYjFlOTgtNjIzNy00MWU2LWFmMGItMTdjZjJiZDliOThkXkEyXkFqcGc@._V1_SX300.jpg
2272,https://m.media-amazon.com/images/M/MV5BZWE3ZjQ4YjYtOTdhMy00Y2ZjLTlkOWMtZDM3NWFhMWE4MDg2XkEyXkFqcGc@._V1_SX300.jpg
2273,https://m.media-amazon.com/images/M/MV5BMGZiMzViNmEtNTNlZi00MzFmLTk5NTEtNDE2OTUzNmNlMTY4XkEyXkFqcGc@._V1_SX300.jpg
2275,https://m.media-amazon.com/images/M/MV5BMjhkZjgxZTEtN2E2Ny00OWJmLTk5MDktYTU1Njk5ZDJhZGE0XkEyXkFqcGc@._V1_SX300.jpg
2278,https://m.media-amazon.com/images/M/MV5BYzU0MDEwOGMtZWFlMy00ZjllLWFmMWQtYWIxN2M1YmU5ZWQwXkEyXkFqcGc@._V1_SX300.jpg
2279,https://m.media-amazon.com/images/M/MV5BZWNkZjQ1NzktNTlkZC00MDRiLWIzNjEtMmQwNDg5NzdjYTI5XkEyXkFqcGc@._V1_SX300.jpg
2280,https://m.media-amazon.com/images/M/MV5BMzgyNmZlYmYtYWE5YS00ZGU5LTg2MmQtNjA5YzMyMjRiNjVmXkEyXkFqcGc@._V1_SX300.jpg
2281,https://m.media-amazon.com/images/M/MV5BYzA1YjIxZDktZjRjZS00NjViLTlmNmMtMDhhOGQ5NTkwNDM1XkEyXkFqcGc@._V1_SX300.jpg
2282,https://m.media-amazon.com/images/M/MV5BMzVlNDNkNDktYzY4My00ZTY5LWJlZjYtZjBkMGI4NjQ3MzczXkEyXkFqcGc@._V1_SX300.jpg
2283,https://m.media-amazon.com/images/M/MV5BZWM4MzU0MGEtOWI3Yi00NTY3LTkyZjktMzBjNzc1NDE1OTA1XkEyXkFqcGc@._V1_SX300.jpg
2286,https://m.media-amazon.com/images/M/MV5BZmNmOTFiODQtYjRkYS00ZTAyLWE2MjYtN2E4NmRhNzJmMThhXkEyXkFqcGc@._V1_SX300.jpg
2287,https://m.media-amazon.com/images/M/MV5BOWU2MGQ4ZWYtNWI1ZC00MWRjLTg4NjUtMmNmZjQyOWI3NTE1XkEyXkFqcGc@._V1_SX300.jpg
2288,https://m.media-amazon.com/images/M/MV5BYTA3NDU5MWEtNTk4Yy00ZDNkLThmZTQtMjU3ZGVhYzAyMzU4XkEyXkFqcGc@._V1_SX300.jpg
2289,https://m.media-amazon.com/images/M/MV5BMjM5MDg0MjU3Ml5BMl5BanBnXkFtZTgwODQ0NjYxMTE@._V1_SX300.jpg
2290,https://m.media-amazon.com/images/M/MV5BMmUzODJhMjctOGE1Ni00ZTNlLWE1YmItNzkxNmNiOTkzYjJkXkEyXkFqcGc@._V1_SX300.jpg
2291,https://m.media-amazon.com/images/M/MV5BODJhODczYjUtYzdkMy00Yjc4LTllNWMtZTQ3MDZlYWZjYWEzXkEyXkFqcGc@._V1_SX300.jpg
2292,https://m.media-amazon.com/images/M/MV5BYTFlMmQ2ZDEtNGVmNS00NTI1LTljZTYtNjk0Njc1OTQxZDMwXkEyXkFqcGdeQXVyMTQ4NDY5OTc@._V1_SX300.jpg
2294,https://m.media-amazon.com/images/M/MV5BYzdlMzZhZjctY2JjYy00OGRiLThjMTEtODRmZTg2ZjI5MjEzXkEyXkFqcGc@._V1_SX300.jpg
2295,https://m.media-amazon.com/images/M/MV5BMGRkYTk2M2EtYTY0ZS00N2Q2LTg4ODAtMTc1MGU2MjE0ZDE5XkEyXkFqcGc@._V1_SX300.jpg
2296,https://m.media-amazon.com/images/M/MV5BOTcyOWVlMDAtZDkzNi00ZWVhLWE5MjMtZmJiYjE0NjU3NDlkXkEyXkFqcGc@._V1_SX300.jpg
2297,https://m.media-amazon.com/images/M/MV5BOWVmNzA5NDQtYTNiYy00YjI0LWJjMWItZjEyNmI5YjRlZTI5XkEyXkFqcGc@._V1_SX300.jpg
2298,https://m.media-amazon.com/images/M/MV5BZGYyZDA2ZGItNzljZC00NzdlLWI0YmQtYTBlZjFkNWQwNzQ1XkEyXkFqcGc@._V1_SX300.jpg
2300,https://m.media-amazon.com/images/M/MV5BZWMyNThmZDgtNDZlMy00N2RiLWJlM2QtZTAzNjUxZDM5YmM0XkEyXkFqcGc@._V1_SX300.jpg
2301,https://m.media-amazon.com/images/M/MV5BMDk3Zjc4MWYtNjVjYS00NTBjLTg4NmUtNzA4ODRjYzEyMDgzXkEyXkFqcGc@._V1_SX300.jpg
2302,https://m.media-amazon.com/images/M/MV5BMTQxNDYzMTg1M15BMl5BanBnXkFtZTgwNzk4MDgxMTE@._V1_SX300.jpg
2303,https://m.media-amazon.com/images/M/MV5BZjU4MzMzOWUtYzJhNC00YWZlLTlmNzgtMWIxZmQwOTE5NDg0XkEyXkFqcGc@._V1_SX300.jpg
2304,https://m.media-amazon.com/images/M/MV5BYTE1YTg1OWUtNWI1Yi00ZTJlLThiMjgtOTNlMDVmOTE2ZjY4XkEyXkFqcGc@._V1_SX300.jpg
2306,https://m.media-amazon.com/images/M/MV5BOGUzNDVlNWYtNWY5Mi00ODZhLWJiYzMtNzdhNTg4YWIxNWYzXkEyXkFqcGc@._V1_SX300.jpg
2307,https://m.media-amazon.com/images/M/MV5BNzVmMmQyNDAtYzQ1Yi00YzYyLWI3YjgtNzdmMDZhNzU1MTI5XkEyXkFqcGc@._V1_SX300.jpg
2310,https://m.media-amazon.com/images/M/MV5BNzY4M2NkY2QtZDZhMC00MGFjLTgzNmMtZWQ0YmMxOTU2MjdkXkEyXkFqcGc@._V1_SX300.jpg
2311,https://m.media-amazon.com/images/M/MV5BYzA0ZDkyZTktYjllNS00ZDQ1LTk5MjAtNDAxZTYxY2ZiMDdkXkEyXkFqcGc@._V1_SX300.jpg
2312,https://m.media-amazon.com/images/M/MV5BMjY3YjQyMjAtOGI2ZC00NDljLWJlN2QtYjNiYTMxZjIxMzQ0XkEyXkFqcGc@._V1_SX300.jpg
2313,https://m.media-amazon.com/images/M/MV5BMGE3MDZhNmMtMmUxZS00MDJmLTgxYmQtOGU4ODU0Y2JmNDI1XkEyXkFqcGc@._V1_SX300.jpg
2314,https://m.media-amazon.com/images/M/MV5BMmYwMTU5NmYtZGFhNy00ZGIzLWI0ZDYtMGI4NjI2NWIwNjk2XkEyXkFqcGc@._V1_SX300.jpg
2315,https://m.media-amazon.com/images/M/MV5BYTk2OGE5MjktYjcyYS00M2QxLWE4YTYtYmNjYmE0M2I3ZDMxXkEyXkFqcGc@._V1_SX300.jpg
2316,https://m.media-amazon.com/images/M/MV5BOGM3ZjFhZjAtOTdlMS00MTY2LThjYmYtMTA2ZWM3YjdiM2E4XkEyXkFqcGc@._V1_SX300.jpg
2318,https://m.media-amazon.com/images/M/MV5BNzczYzIyNGEtNWRlNi00NmU4LWI5YjgtNTFjMmUyMjhkOTBhXkEyXkFqcGc@._V1_SX300.jpg
2320,https://m.media-amazon.com/images/M/MV5BZmMzOWM4NGQtMjBhZS00YmIxLTkwOTAtY2U0MmFjNWY0NTczXkEyXkFqcGc@._V1_SX300.jpg
2321,https://m.media-amazon.com/images/M/MV5BYmM4ZThmNzAtYzRmNi00ZjZmLThhYjAtYjU2YTcwMmY3MzRmXkEyXkFqcGc@._V1_SX300.jpg
2322,https://m.media-amazon.com/images/M/MV5BZjY2ZDg4ZTktNDU2Zi00NzA0LThlZDktZjUwOTQwMDgyZjhjXkEyXkFqcGc@._V1_SX300.jpg
2323,https://m.media-amazon.com/images/M/MV5BMTQzYjlkZjUtYWI4Yy00YmM4LWFjMzYtZDM4YWNlMjQzYjgxXkEyXkFqcGc@._V1_SX300.jpg
2324,https://m.media-amazon.com/images/M/MV5BZTBhOGYzZjQtYzE0Mi00MGIwLWE0MWYtNzMxNTM2OTFkM2NjXkEyXkFqcGc@._V1_SX300.jpg
2325,https://m.media-amazon.com/images/M/MV5BNTI3YjIzMzctOGVlNi00ODBkLWIwNWYtYjE3NjhlNDVkN2YxXkEyXkFqcGc@._V1_SX300.jpg
2327,https://m.media-amazon.com/images/M/MV5BNWZhODFjZjUtNjIyNi00NWE2LTllM2UtODViMTgxOGJlNjVkXkEyXkFqcGc@._V1_SX300.jpg
2328,https://m.media-amazon.com/images/M/MV5BOTI2OTUyZjItMjY0My00NzY1LWI2MGYtZDJjY2RhM2NlY2E2XkEyXkFqcGc@._V1_SX300.jpg
2329,https://m.media-amazon.com/images/M/MV5BMzhiOTQ0NDItOTg0Zi00OGVmLWE0OGEtMTI4NDM0NWMxZWU4XkEyXkFqcGc@._V1_SX300.jpg
2330,https://m.media-amazon.com/images/M/MV5BMTQxOTYxODYyN15BMl5BanBnXkFtZTcwMDI3MDg4OQ@@._V1_SX300.jpg
2331,https://m.media-amazon.com/images/M/MV5BMTUzNjUzMzk3Ml5BMl5BanBnXkFtZTcwNDk5MDEyMQ@@._V1_SX300.jpg
2332,https://m.media-amazon.com/images/M/MV5BMzVjYjVlYWEtYzg5Ny00NGI1LTgyYmMtOTU4YWM5ZDgxMjE5XkEyXkFqcGc@._V1_SX300.jpg
2333,https://m.media-amazon.com/images/M/MV5BOTZiZTg1NzMtODNmMS00YzAwLWE1OTMtODdhZDZiZWJmMzk4XkEyXkFqcGc@._V1_SX300.jpg
2334,https://m.media-amazon.com/images/M/MV5BNjY4YmMyMzYtM2M4YS00YzQ2LTg5OWUtZjc4YmQ4NGE0ZGViXkEyXkFqcGc@._V1_SX300.jpg
2335,https://m.media-amazon.com/images/M/MV5BZTQxMWE5ZTEtYzI1OC00NDdkLWI0YjUtMTk4NjU0YWI4YjY0XkEyXkFqcGc@._V1_SX300.jpg
2336,https://m.media-amazon.com/images/M/MV5BNWRjZjJjNDUtOTgzMi00YjBlLTg5ODQtMjQxOTAyMzM2ZWJiXkEyXkFqcGc@._V1_SX300.jpg
2337,https://m.media-amazon.com/images/M/MV5BZWFmZjhlNWQtMjEzMi00MjVhLWIyYTQtNGJhZTA4MzA1ZDM1XkEyXkFqcGc@._V1_SX300.jpg
2338,https://m.media-amazon.com/images/M/MV5BOTA2ZDVlNGMtNDFmZi00YjIzLWJmZGQtNzQwODJkY2YwNGE4XkEyXkFqcGc@._V1_SX300.jpg
2339,https://m.media-amazon.com/images/M/MV5BMDMyNDMxNWEtODIwNS00NjQ0LWEzZDgtMzAwYmZhMmFjYzA1XkEyXkFqcGc@._V1_SX300.jpg
2340,https://m.media-amazon.com/images/M/MV5BMjVjNjAwYWItMDc0ZC00MTEwLWJiN2MtM2U4YThjNWE5YTZmXkEyXkFqcGc@._V1_SX300.jpg
2342,https://m.media-amazon.com/images/M/MV5BOTBhODkxNmQtZDU4NS00MThmLTgwZTktNzg5OGY3NGZhYmJmXkEyXkFqcGc@._V1_SX300.jpg
2344,https://m.media-amazon.com/images/M/MV5BMjRlMzU3Y2ItYzU5YS00NTc4LTlmMjItZjk1YTc0M2I0OGMxXkEyXkFqcGc@._V1_SX300.jpg
2346,https://m.media-amazon.com/images/M/MV5BMTY5NWJkM2ItYzlmOC00OTM5LWIyOTYtMDYzOTExYWViODUzXkEyXkFqcGc@._V1_SX300.jpg
2347,https://m.media-amazon.com/images/M/MV5BYTRlOGFiMGMtYTZiNi00NmZlLThmNGItNmQ0YzYyOTkyMzY4XkEyXkFqcGc@._V1_SX300.jpg
2348,https://m.media-amazon.com/images/M/MV5BOGY1NTc0M2MtY2UxOS00OTllLTk1NjItZWIwOWE2OTUzYjdiXkEyXkFqcGc@._V1_SX300.jpg
2349,https://m.media-amazon.com/images/M/MV5BOGY5MDYyMjAtYzNhMy00YzU3LThmNjgtZDBjY2YwNWYyNzMxXkEyXkFqcGc@._V1_SX300.jpg
2350,https://m.media-amazon.com/images/M/MV5BYTQyMmY5MjEtZjFmYy00ZWRkLWJjZTItMmFiYzE2NzQyODg4XkEyXkFqcGc@._V1_SX300.jpg
2351,https://m.media-amazon.com/images/M/MV5BYmM0NDA3MzUtYzA1OC00ZDc0LWFlNWUtYjJmOTIxYjkyNGY4XkEyXkFqcGc@._V1_SX300.jpg
2352,https://m.media-amazon.com/images/M/MV5BOTg3YWQ1MWItMTcxYy00NTczLWJiMDktYjkxMWExNDY3ZjI4XkEyXkFqcGc@._V1_SX300.jpg
2353,https://m.media-amazon.com/images/M/MV5BOWVhZmRiODktNzM0Zi00YmVlLWI3MGQtY2M0NmYzN2Q4Yzg4XkEyXkFqcGc@._V1_SX300.jpg
2354,https://m.media-amazon.com/images/M/MV5BMjc4ZWRmZjctNTQ2OC00Y2YyLTlhYzYtOWY2MDUxMGU2MzY0XkEyXkFqcGc@._V1_SX300.jpg
2355,https://m.media-amazon.com/images/M/MV5BNGI3Mjc1ZjUtYTJhYS00NjBiLTgyYjctODU5NTNlMWJiYjYzXkEyXkFqcGc@._V1_SX300.jpg
2356,https://m.media-amazon.com/images/M/MV5BMTIyZjBlZWMtMWYyNS00Yjc1LWE1NjktMGZlNzdjZTdjYWQwXkEyXkFqcGc@._V1_SX300.jpg
2357,https://m.media-amazon.com/images/M/MV5BOGFiNWMzZTUtNDI5OS00MjFlLThkNzctYjg2OGJlM2U1NjIyXkEyXkFqcGc@._V1_SX300.jpg
2358,https://m.media-amazon.com/images/M/MV5BMGFjNTZiNzItZjAwYS00NTc3LWI0YjgtYjIxMGQ3OTIxY2Y3XkEyXkFqcGc@._V1_SX300.jpg
2359,https://m.media-amazon.com/images/M/MV5BZDhlOTA1NjItMTM2ZS00N2Q2LTg0ZTItYmNiZGFiNzQ2YTVmXkEyXkFqcGc@._V1_SX300.jpg
2360,https://m.media-amazon.com/images/M/MV5BODNkY2VkOTktYTZlYy00OGJjLWEyZjMtZDAyZjljMTNlNmVmXkEyXkFqcGc@._V1_SX300.jpg
2361,https://m.media-amazon.com/images/M/MV5BNTU0NGZjN2MtOWNmNi00YmJhLWEyZWEtNWVkYTFkMjc1ZmUyXkEyXkFqcGc@._V1_SX300.jpg
2362,https://m.media-amazon.com/images/M/MV5BMjExMTg3ODEzMl5BMl5BanBnXkFtZTgwMjMyNTc2MDE@._V1_SX300.jpg
2363,https://m.media-amazon.com/images/M/MV5BMzJmMGFmYjMtYmExNS00MDBmLTk4MmItYTQ2ZDZlMGI2YjA5XkEyXkFqcGc@._V1_SX300.jpg
2364,https://m.media-amazon.com/images/M/MV5BNjVjYzM0MDAtMGU1Yy00ZmUwLTk2Y2MtNWQyY2I1NWFjNzRjXkEyXkFqcGc@._V1_SX300.jpg
2365,https://m.media-amazon.com/images/M/MV5BZWRiNzYzN2ItN2QxOC00Y2ZiLThjYWItZGI5ODA2MWM4ZDllXkEyXkFqcGc@._V1_SX300.jpg
2366,https://m.media-amazon.com/images/M/MV5BMGQyMGUxYTgtZDU0NS00NTdmLWI1NjctYWY4M2MyM2NlYjZjXkEyXkFqcGc@._V1_SX300.jpg
2367,https://m.media-amazon.com/images/M/MV5BNGQ1MGRmNzQtMjAwYi00NDllLTgzOWUtOWJkM2E4MjhhNWI3XkEyXkFqcGc@._V1_SX300.jpg
2368,https://m.media-amazon.com/images/M/MV5BYjJlZjI4YjMtZGY4ZS00Y2IwLWEyOGEtODkyOTA0OWEyOWU3XkEyXkFqcGc@._V1_SX300.jpg
2369,https://m.media-amazon.com/images/M/MV5BYjNjODA0YmEtNmQ1Yy00OTZjLWE0MmUtMTYzY2ZmZGViNzQ3XkEyXkFqcGc@._V1_SX300.jpg
2370,https://m.media-amazon.com/images/M/MV5BOGY0ZDYxZDEtMTA0MC00ZTZhLWE2ZTAtZjE5YTgzMDQyNTA4XkEyXkFqcGc@._V1_SX300.jpg
2371,https://m.media-amazon.com/images/M/MV5BYmM2MDEyMjQtOGQwYS00M2NjLWIwODgtYzRmYjQ5ZDMxZDEyXkEyXkFqcGc@._V1_SX300.jpg
2372,https://m.media-amazon.com/images/M/MV5BY2Q4NWE4NjQtZGEyZS00ZWFiLWFlZjUtNDc4NzlkMGQwMTVjXkEyXkFqcGc@._V1_SX300.jpg
2373,https://m.media-amazon.com/images/M/MV5BMDkyOWJhYTktNDdlZC00MzEzLWJhY2ItYmMzYzlmMGQyNzNmXkEyXkFqcGc@._V1_SX300.jpg
2374,https://m.media-amazon.com/images/M/MV5BZmE5MTUyMjUtMDY1ZC00ZmVjLWJlZDgtMGZlMWU1NjUxYWU3XkEyXkFqcGc@._V1_SX300.jpg
2375,https://m.media-amazon.com/images/M/MV5BNWMyMzliNDgtNDJiYy00ZDg2LTkwZGEtYjVmYmEyNTk2ZTFlXkEyXkFqcGc@._V1_SX300.jpg
2376,https://m.media-amazon.com/images/M/MV5BZjc3ZTJkZjUtM2E4Mi00YzA1LWJkZTAtM2U0OWUyYTE4YTFiXkEyXkFqcGc@._V1_SX300.jpg
2377,https://m.media-amazon.com/images/M/MV5BNWNmN2Y4ZTAtNGRkMC00ODk2LTkwZjItNDU3N2VjMmEzMDk4XkEyXkFqcGc@._V1_SX300.jpg
2378,https://m.media-amazon.com/images/M/MV5BZmY2Zjk3ZmYtZGQwYS00NGM4LTk1MWMtZjI4MmRkNmM2ZDYwXkEyXkFqcGc@._V1_SX300.jpg
2379,https://m.media-amazon.com/images/M/MV5BOTc4Zjc4NzAtODA3My00ODQ4LWJiY2YtZDI4MjMwZmI3YzgwXkEyXkFqcGc@._V1_SX300.jpg
2380,https://m.media-amazon.com/images/M/MV5BZDUyOTAwZDgtOTIwZC00NGVhLTg1ZGYtYmVhYTNjMjIyYmE4XkEyXkFqcGc@._V1_SX300.jpg
2381,https://m.media-amazon.com/images/M/MV5BOTQzYTVkN2YtNzM5Yy00MDVhLWEwMTQtNzgwMWVlNDJlZmRkXkEyXkFqcGc@._V1_SX300.jpg
2382,https://m.media-amazon.com/images/M/MV5BNDMzN2NhZjAtNDFlZC00MDc5LWJlMzctNzFjMTgyNjFhYTMzXkEyXkFqcGc@._V1_SX300.jpg
2383,https://m.media-amazon.com/images/M/MV5BMTY2NjI3YjEtYTNlOS00NTYzLTkyMjUtZTgzNDBmODZhNTE4XkEyXkFqcGc@._V1_SX300.jpg
2384,https://m.media-amazon.com/images/M/MV5BOWY0NzY1NTgtODRhMC00MWM5LTk1OGMtNGNlNTBhY2RhOTg3XkEyXkFqcGc@._V1_SX300.jpg
2385,https://m.media-amazon.com/images/M/MV5BOTA1MjVkNDEtOGNjNS00NDE0LTg1NTQtNWZjODYxYWEzNzliXkEyXkFqcGc@._V1_SX300.jpg
2387,https://m.media-amazon.com/images/M/MV5BZWQ2YzU0ODItNGRiNC00MmVlLTg5MGMtMmNlNDgyY2M1NGVjXkEyXkFqcGc@._V1_SX300.jpg
2388,https://m.media-amazon.com/images/M/MV5BNmI0MDQwMzQtZDg3NS00M2E2LWE1MjAtNmEyMzNjYjQ2YmE2XkEyXkFqcGc@._V1_SX300.jpg
2389,https://m.media-amazon.com/images/M/MV5BZDlhYjllMzMtZDA3Ni00NmRmLWFkOTgtNjk4OGQ5YzNlMzRhXkEyXkFqcGc@._V1_SX300.jpg
2390,https://m.media-amazon.com/images/M/MV5BY2QzZmMwZjYtOGQzNi00MzMwLWFiOTQtMDE4MWJiYzA4MjU2XkEyXkFqcGc@._V1_SX300.jpg
2391,https://m.media-amazon.com/images/M/MV5BM2RiZGE0MGYtMmUxZS00NjZhLWJmNGEtMDNlN2RmMGFmOGJkXkEyXkFqcGc@._V1_SX300.jpg
2392,https://m.media-amazon.com/images/M/MV5BY2U2MmNkZjAtNTVmOS00MzViLTgzNjUtZmQ0NTE5MWU3NjI4XkEyXkFqcGc@._V1_SX300.jpg
2393,https://m.media-amazon.com/images/M/MV5BNTQwZDg2NGQtNjEwNS00ZWVhLWE0YTEtYjhkZWM0NjdkOWIzXkEyXkFqcGc@._V1_SX300.jpg
2394,https://m.media-amazon.com/images/M/MV5BMjc4NzU5MDUtNmFkNi00NzI5LWE3NjQtNjJlZDRlNjdhZWYwXkEyXkFqcGc@._V1_SX300.jpg
2395,https://m.media-amazon.com/images/M/MV5BZmM2MTNhYWItMDc4Yi00MTM3LWI3YTctYjE1NWRjNTczYjI5XkEyXkFqcGc@._V1_SX300.jpg
2396,https://m.media-amazon.com/images/M/MV5BYmM3MTllNzYtN2MzNS00NWQwLTk0NTEtNjY1MmMwYjNkNTE5XkEyXkFqcGc@._V1_SX300.jpg
2398,https://m.media-amazon.com/images/M/MV5BZThmOTU4MzktNzg4Yy00NGRhLThlZjQtYjA1MjY2Zjg0N2RiXkEyXkFqcGc@._V1_SX300.jpg
2399,https://m.media-amazon.com/images/M/MV5BY2UzZTU3OGEtYTYzZC00YTRlLWJiZTgtMTE5YzJiNjYwZjBkXkEyXkFqcGc@._V1_SX300.jpg
2400,https://m.media-amazon.com/images/M/MV5BYjA1YmY4NGItZThlOS00M2IyLWE1ODAtMTQ4YTgxMTQ2ZmMyXkEyXkFqcGc@._V1_SX300.jpg
2401,https://m.media-amazon.com/images/M/MV5BMWY2YjMwODAtZTllMC00OTZhLTg3N2EtMjcxNzg0ZjYwODY2XkEyXkFqcGc@._V1_SX300.jpg
2402,https://m.media-amazon.com/images/M/MV5BNTNiMzUyZjQtY2RlOS00MjIxLWFlMjAtNjI1NjkzY2JjN2M3XkEyXkFqcGc@._V1_SX300.jpg
2403,https://m.media-amazon.com/images/M/MV5BYzc4ZmQ5YzEtYTQzYy00ZDdiLWI2NmQtZTA3MzM1ZGIyYmUzXkEyXkFqcGc@._V1_SX300.jpg
2404,https://m.media-amazon.com/images/M/MV5BNzBjYjk0MDMtNmUyYi00MjJlLWEwZmMtMGZlYWI1OTEwMjdkXkEyXkFqcGc@._V1_SX300.jpg
2405,https://m.media-amazon.com/images/M/MV5BNmNlMjE0NDAtYmE4MS00OTEzLTljYjYtODM4MjUwNjM1N2RhXkEyXkFqcGc@._V1_SX300.jpg
2406,https://m.media-amazon.com/images/M/MV5BOTVhOWU2OTItZDgzNy00MWMyLThkNmUtOGNiOTU3ZTYzYTU2XkEyXkFqcGc@._V1_SX300.jpg
2407,https://m.media-amazon.com/images/M/MV5BY2VkNzdkMTktODZlYi00NzMzLWEzZDQtZTJmYmFkOGQyMWU4XkEyXkFqcGc@._V1_SX300.jpg
2408,https://m.media-amazon.com/images/M/MV5BZmU4ZTQ2NmEtYTJlOC00NmJjLTg4ZTctODg1YzBlZDQ3YmQ4XkEyXkFqcGc@._V1_SX300.jpg
2409,https://m.media-amazon.com/images/M/MV5BMDUxMWExZDctZTk4Zi00ZDFiLTgwYWUtNjEyYzA0NWQyYTJlXkEyXkFqcGc@._V1_SX300.jpg
2410,https://m.media-amazon.com/images/M/MV5BNDYzNDQ3Y2MtODc1Zi00ZTBkLWIzZWUtOGY0NGZmYWZhMWQ5XkEyXkFqcGc@._V1_SX300.jpg
2411,https://m.media-amazon.com/images/M/MV5BNjJiYzRiYWMtZTgyZC00YjliLWIwZWMtZTJlYjkyYzc2MDMxXkEyXkFqcGc@._V1_SX300.jpg
2412,https://m.media-amazon.com/images/M/MV5BMTM2Mzc4MTYxM15BMl5BanBnXkFtZTcwODY5NTk1NA@@._V1_SX300.jpg
2413,https://m.media-amazon.com/images/M/MV5BMzMwZTY3ZGItYTY3Zi00YTRmLWE3Y2UtYWE1NmMwZDVjMmYxXkEyXkFqcGc@._V1_SX300.jpg
2414,https://m.media-amazon.com/images/M/MV5BMWFjYjdkZjMtMjA5NS00ZDIzLWExMjAtYjA3MGYwM2QyYmU0XkEyXkFqcGc@._V1_SX300.jpg
2415,https://m.media-amazon.com/images/M/MV5BMzI5YmVkNGUtOWU5ZC00YzhiLTliYmQtMWIyM2E3NGQ2Yjk0XkEyXkFqcGc@._V1_SX300.jpg
2416,https://m.media-amazon.com/images/M/MV5BMGFhMzM3MDYtNzU2Mi00MTczLWIzOGMtNzU0NjZiYjQ3NWU5XkEyXkFqcGc@._V1_SX300.jpg
2417,https://m.media-amazon.com/images/M/MV5BZWYwZDQ5OTEtMGQzZC00YWJlLTkwM2UtYzlhYTlkYjI3NWI2XkEyXkFqcGc@._V1_SX300.jpg
2418,https://m.media-amazon.com/images/M/MV5BNTZkMjg2MDEtYTljNS00NjYyLTk4OWQtYmI0ODQyMGVlZTYxXkEyXkFqcGc@._V1_SX300.jpg
2419,https://m.media-amazon.com/images/M/MV5BOWE5MjM4NDAtMTQwYS00YjYyLWE2ZWEtMjZhNzFhZTgzMWQyXkEyXkFqcGc@._V1_SX300.jpg
2420,https://m.media-amazon.com/images/M/MV5BM2I3ZmZhNzctMzBlNC00YTc2LWE1MmEtY2ZkMzg3Y2I1ZDJhXkEyXkFqcGc@._V1_SX300.jpg
2421,https://m.media-amazon.com/images/M/MV5BMzEyYjlhNWMtNTdmOC00N2M4LWI0OWEtZGE3NTJkOWJhYTYyXkEyXkFqcGc@._V1_SX300.jpg
2422,https://m.media-amazon.com/images/M/MV5BYTc2NzYyYTktYTJhMi00OGY2LWE0YzYtNjgwNWU4ZGZiYjg0XkEyXkFqcGc@._V1_SX300.jpg
2423,https://m.media-amazon.com/images/M/MV5BZDgxYzI2YWItNmUyNS00ZWE4LWEzZDctYTk1M2VkYjhkOWVmXkEyXkFqcGc@._V1_SX300.jpg
2424,https://m.media-amazon.com/images/M/MV5BN2FhMWRiODYtMTQwMy00OTE2LTlhZjMtNWRmYmIyZjYwYTk1XkEyXkFqcGc@._V1_SX300.jpg
2425,https://m.media-amazon.com/images/M/MV5BNzQwMWFmMGYtZTEwMi00MzFkLTllNzItMjIzYTc4MzQ5MDZjXkEyXkFqcGc@._V1_SX300.jpg
2427,https://m.media-amazon.com/images/M/MV5BMzQ5NmViMDUtMjI1NC00ZWJkLTkwNzctMmIxZWY2MzQyZDc2XkEyXkFqcGc@._V1_SX300.jpg
2428,https://m.media-amazon.com/images/M/MV5BYWQ5Njk0MzUtZTliZC00ODgzLTlmZTEtZGY0NDgyMTM0NGJmXkEyXkFqcGc@._V1_SX300.jpg
2429,https://m.media-amazon.com/images/M/MV5BYjViMWExYzItMjBkNS00YTFkLWFmOWItMGVmNWFjMjg3OGE2XkEyXkFqcGc@._V1_SX300.jpg
2430,https://m.media-amazon.com/images/M/MV5BZjlhNjQ2YTgtNzE2NC00YTQ1LWE2NTMtNjI2ZGRmOTQ2ODgxXkEyXkFqcGc@._V1_SX300.jpg
2431,https://m.media-amazon.com/images/M/MV5BYjEwMTJhMDktZDFjZi00MzQ5LTg0NWMtMDlhNmNiYWRkMDk1XkEyXkFqcGc@._V1_SX300.jpg
2432,https://m.media-amazon.com/images/M/MV5BMDM0YTkzNTgtZGQ3Yy00MGFiLTk2NTQtODZkYWRjYzYwMGNlXkEyXkFqcGc@._V1_SX300.jpg
2433,https://m.media-amazon.com/images/M/MV5BMDgyNDNkYTMtYmU0NC00YjliLWFhNjgtMmFhOTQ1MmE4NzNmXkEyXkFqcGc@._V1_SX300.jpg
2435,https://m.media-amazon.com/images/M/MV5BZGQwOGZiNmMtYWY2My00ODE4LTlkMDItYzUyMjBjZTcwMGZiXkEyXkFqcGc@._V1_SX300.jpg
2436,https://m.media-amazon.com/images/M/MV5BZmEzMTQxOWUtYTY4NS00YjVkLTlmMzYtNmM2MzQxMzg2ZTlhXkEyXkFqcGc@._V1_SX300.jpg
2439,https://m.media-amazon.com/images/M/MV5BY2JlNDI0MTAtYWUyYy00ODgwLThlMTItY2NmOTMzMGE2OGQ3XkEyXkFqcGc@._V1_SX300.jpg
2442,https://m.media-amazon.com/images/M/MV5BNmIwYTJmOTUtNzA5MC00OThmLWIyNzktNWM1MmFkMjJkYTI3XkEyXkFqcGc@._V1_SX300.jpg
2443,https://m.media-amazon.com/images/M/MV5BNjQ0ZDEzZWItM2RkNy00YWYxLTkxMDYtODZhYzFiYmEyMmYyXkEyXkFqcGc@._V1_SX300.jpg
2445,https://m.media-amazon.com/images/M/MV5BYTI1ZGUyN2ItM2FjYS00Y2E3LWIxOWUtYzhhOTE1M2UzNTAwXkEyXkFqcGc@._V1_SX300.jpg
2446,https://m.media-amazon.com/images/M/MV5BMWU1ZTRiMjQtZWFiYS00Njk5LTlhNjUtZjlkMjU2NmVmYjg2XkEyXkFqcGc@._V1_SX300.jpg
2447,https://m.media-amazon.com/images/M/MV5BYjIxMTU3M2MtMjg4MC00YWFkLTljMTItYjcxOTJlNDcxMjlmXkEyXkFqcGc@._V1_SX300.jpg
2448,https://m.media-amazon.com/images/M/MV5BNDUzMGYzYjgtZWE2Ni00MjFmLWEyOGYtMmEzM2JjOGFiNjZmXkEyXkFqcGc@._V1_SX300.jpg
2450,https://m.media-amazon.com/images/M/MV5BZTA4ZjJkZjQtNzMwMy00YjJjLTkwYzgtZDY0YmNhZjYzMGExXkEyXkFqcGc@._V1_SX300.jpg
2451,https://m.media-amazon.com/images/M/MV5BZDQxMDA2YmItNzk0My00ZmM5LTg1NTQtNzZmZmRkOTM1ZWFlXkEyXkFqcGc@._V1_SX300.jpg
2453,https://m.media-amazon.com/images/M/MV5BMTY0ODczMTAtZThjNC00OWY2LWFlY2QtYmI4NmQyZDRiZjljXkEyXkFqcGc@._V1_SX300.jpg
2454,https://m.media-amazon.com/images/M/MV5BZjViZjY5NzQtZjVjNS00ZjE2LThiYzItNjY5NjhhOTlhZTVmXkEyXkFqcGc@._V1_SX300.jpg
2455,https://m.media-amazon.com/images/M/MV5BOTBlNTliNTItY2VhNS00MjA5LTllYzItMmQyNGRjYTAyZWQxXkEyXkFqcGc@._V1_SX300.jpg
2456,https://m.media-amazon.com/images/M/MV5BZDg1NGJlNWMtYmFiOS00MWY1LWFkMjQtMmQxNGEwODFmMzBhXkEyXkFqcGc@._V1_SX300.jpg
2457,https://m.media-amazon.com/images/M/MV5BMTYzMDYyNDYwNl5BMl5BanBnXkFtZTcwODM2OTY2NA@@._V1_SX300.jpg
2458,https://m.media-amazon.com/images/M/MV5BNGNkNTZjZjItYTRmOC00ZmIyLTkyZTEtYjU1YjZiNTAyOTZkXkEyXkFqcGc@._V1_SX300.jpg
2459,https://m.media-amazon.com/images/M/MV5BYjE1MGJkMjUtY2VkNi00N2U1LWI2NWEtMDExNGYzYjRkZTM0XkEyXkFqcGc@._V1_SX300.jpg
2460,https://m.media-amazon.com/images/M/MV5BYzU0YTNkYTktYjhiMS00NWI2LTg2NmUtYTdmN2IwN2IyNmFiXkEyXkFqcGc@._V1_SX300.jpg
2462,https://m.media-amazon.com/images/M/MV5BMDI5YTk0MjUtMTZiNy00OTUzLTlkNWYtYjZjNjVhNmY5YjQzXkEyXkFqcGc@._V1_SX300.jpg
2463,https://m.media-amazon.com/images/M/MV5BYWMxZGNjNGEtNjBlNy00MjFjLWIyZTQtN2ViMGViOGZkNTRjXkEyXkFqcGc@._V1_SX300.jpg
2465,https://m.media-amazon.com/images/M/MV5BNGQ3MDM1ZGItNGI2YS00YjI2LWE1YzctNjVmOGMxZmNkZWEzXkEyXkFqcGc@._V1_SX300.jpg
2467,https://m.media-amazon.com/images/M/MV5BODcwODk2NmQtMjg0My00NzcxLWFhNTYtNjM4ODUxM2VjNTI2XkEyXkFqcGc@._V1_SX300.jpg
2468,https://m.media-amazon.com/images/M/MV5BMTJmZjRmMjAtNTk3MC00ZDNjLWE3ZWItZDUyNjZjOTI3YWUzXkEyXkFqcGc@._V1_SX300.jpg
2469,https://m.media-amazon.com/images/M/MV5BMDJjZjM5MDEtMjM3My00ODgwLWE5YTItMGZlMGQ1N2ZjNDc1XkEyXkFqcGc@._V1_SX300.jpg
2470,https://m.media-amazon.com/images/M/MV5BMDFkMTYyNWUtOGNjMy00MTMyLWFkMTQtYzZiMmY1NzBhN2I3XkEyXkFqcGc@._V1_SX300.jpg
2471,https://m.media-amazon.com/images/M/MV5BZWE0ZDYzZTktOWJiNi00ZjdmLWI5ZTktY2FhMjdkOTNkYzY3XkEyXkFqcGc@._V1_SX300.jpg
2472,https://m.media-amazon.com/images/M/MV5BNDMyMmZhZjMtMTJkOS00ZmQxLWI5NzctOGMwODE1OGU5MTdiXkEyXkFqcGc@._V1_SX300.jpg
2473,https://m.media-amazon.com/images/M/MV5BNGRiNTI3NWYtZWNlMC00OTk1LWE1NzUtZTAxZGYzNTM1N2U4XkEyXkFqcGc@._V1_SX300.jpg
2474,https://m.media-amazon.com/images/M/MV5BMmU5NDMwOTctZTU2NS00ODc4LWJiYTAtYzMzM2JiYmY4OTg2XkEyXkFqcGc@._V1_SX300.jpg
2475,https://m.media-amazon.com/images/M/MV5BNjgwZmZkYzEtZThjOC00YThmLTgxZDMtNjYyZThiZjEyNWE4XkEyXkFqcGc@._V1_SX300.jpg
2476,https://m.media-amazon.com/images/M/MV5BMzg2MTVjMTgtZTc0Zi00NmJlLWIwMTItMzk1YzA3ZmE1OWJjXkEyXkFqcGc@._V1_SX300.jpg
2477,https://m.media-amazon.com/images/M/MV5BYjVkMjM2MDktZTIyNC00MTA2LTg5MGQtZTFkYmI5YmFjNDVkXkEyXkFqcGc@._V1_SX300.jpg
2478,https://m.media-amazon.com/images/M/MV5BNTE5NDQ1NTMyNl5BMl5BanBnXkFtZTcwNjY5MDQ3NA@@._V1_SX300.jpg
2481,https://m.media-amazon.com/images/M/MV5BMTIyODAzNjM3OF5BMl5BanBnXkFtZTcwMjMxODI5MQ@@._V1_SX300.jpg
2482,https://m.media-amazon.com/images/M/MV5BMjJlZmM2NTktZDUzZC00OTNiLTk5YTQtMTM3YjM4YmJiNzNlXkEyXkFqcGc@._V1_SX300.jpg
2483,https://m.media-amazon.com/images/M/MV5BZjRhYmQwMjUtM2NlOC00ZDI1LThkMTgtOTQ3MWQzMWYxMzdiXkEyXkFqcGc@._V1_SX300.jpg
2485,https://m.media-amazon.com/images/M/MV5BOGUyZTFiOTEtN2Y1Ny00NDFhLWEyMTMtZmE0MzNjODE3MzAzXkEyXkFqcGc@._V1_SX300.jpg
2488,https://m.media-amazon.com/images/M/MV5BZTkwYmQyZmMtYmZkMi00NTlhLTlhNmUtMDBmYzQ1YWIxNDBiXkEyXkFqcGc@._V1_SX300.jpg
2490,https://m.media-amazon.com/images/M/MV5BZDVmM2YxNDUtMjE2Yy00M2I0LTk1MmEtYWUxZTI4NjMyMDJiXkEyXkFqcGc@._V1_SX300.jpg
2491,https://m.media-amazon.com/images/M/MV5BNGE5ODljNWEtOTI1YS00NTk0LWEwYWMtNjdlYWFiY2VlYWM4XkEyXkFqcGc@._V1_SX300.jpg
2492,https://m.media-amazon.com/images/M/MV5BYWM5ZGIwYTQtOWU4Ny00ZTAxLTg3ZGQtNTg4Mjg3NjEzNjg1XkEyXkFqcGdeQXVyNjMwMjk0MTQ@._V1_SX300.jpg
2493,https://m.media-amazon.com/images/M/MV5BMjdmZTMzYjEtNTE2ZC00ODBkLWExZGEtNDE1OGI2NGE5NDY3XkEyXkFqcGc@._V1_SX300.jpg
2494,https://m.media-amazon.com/images/M/MV5BYTNmNzkwZDctM2U1Ny00MWNjLWE2OWMtYmI4MWViZDJlOWI3XkEyXkFqcGc@._V1_SX300.jpg
2495,https://m.media-amazon.com/images/M/MV5BODRkNDliMTYtNGIwMS00OTdkLWJlYjMtMTkyZmVhZWZkMzk5XkEyXkFqcGc@._V1_SX300.jpg
2496,https://m.media-amazon.com/images/M/MV5BODQ0ZmNkYzMtYjhlOC00YWM0LTg4NzUtZmM1NWZkNTMyNmYyXkEyXkFqcGc@._V1_SX300.jpg
2497,https://m.media-amazon.com/images/M/MV5BMTg4OWVhMDUtYjQwNS00NjRiLTgyN2ItMDE2NTVlYzk5MzRkXkEyXkFqcGc@._V1_SX300.jpg
2498,https://m.media-amazon.com/images/M/MV5BYjY0ZGFiY2ItMzJhNi00YTk5LWEzYmEtZmM3ZTRhODgyMzE3XkEyXkFqcGc@._V1_SX300.jpg
2500,https://m.media-amazon.com/images/M/MV5BMTg2NTU3YTItOTgyOS00ZjA3LTk0MDAtMTVlMjZmNjkxMTUyXkEyXkFqcGc@._V1_SX300.jpg
2501,https://m.media-amazon.com/images/M/MV5BMDU0M2I3ODUtZDAyYy00NThhLWIwNjQtZGNmNTNjZDIxODM4XkEyXkFqcGc@._V1_SX300.jpg
2502,https://m.media-amazon.com/images/M/MV5BOTA5MzQ3MzI1NV5BMl5BanBnXkFtZTgwNTcxNTYxMTE@._V1_SX300.jpg
2503,https://m.media-amazon.com/images/M/MV5BODJmYTEwNzAtOTczNC00Njg2LWIwN2QtMTliYTQzMjY0MzQyXkEyXkFqcGc@._V1_SX300.jpg
2504,https://m.media-amazon.com/images/M/MV5BMGE5MTc4NTQtNDA2Ni00NzU3LWIxM2ItNzI4NjBhNGQxZGFhXkEyXkFqcGc@._V1_SX300.jpg
2505,https://m.media-amazon.com/images/M/MV5BNmEzZjIzYzQtOGI0MS00NmQ5LWFmYjktYTEwNTUxNDhmY2IzXkEyXkFqcGc@._V1_SX300.jpg
2506,https://m.media-amazon.com/images/M/MV5BOTgwNTM3ODAtNzYxMi00Y2RiLWEwNmEtMTQ2NDdhODc4MjBiXkEyXkFqcGc@._V1_SX300.jpg
2511,https://m.media-amazon.com/images/M/MV5BMGQwZTBjMGQtNjUzMy00Zjg1LWE5OTktNmM4MjNhZmUxZjk4XkEyXkFqcGc@._V1_SX300.jpg
2512,https://m.media-amazon.com/images/M/MV5BMWRlMDA2NTUtZjAyZS00OWJkLWI5MWQtNmQxNDFiNTc2ZGI2XkEyXkFqcGc@._V1_SX300.jpg
2513,https://m.media-amazon.com/images/M/MV5BZTEyYWIyZWYtMTM5OC00M2ZmLWI5NzMtZjA0ZTI4MTQ4ZDZkXkEyXkFqcGc@._V1_SX300.jpg
2514,https://m.media-amazon.com/images/M/MV5BYTAwNWY4ZGQtNDE5Ni00OTNmLWExYjQtMjljODkzMzZmOWQzXkEyXkFqcGc@._V1_SX300.jpg
2515,https://m.media-amazon.com/images/M/MV5BZjZjNWE4ZTEtOTZlNi00MDMwLWFiZWItMGZmMzcxOTEwMmRkXkEyXkFqcGc@._V1_SX300.jpg
2516,https://m.media-amazon.com/images/M/MV5BOTZlOWVlM2EtNTk5YS00OGM2LWFjMGMtMjg2YmZlZTk1YmE1XkEyXkFqcGc@._V1_SX300.jpg
2517,https://m.media-amazon.com/images/M/MV5BYTQxZjlhNzUtMGJkMS00ODMwLWI0NzMtZGZiYzRmODE5ODI2XkEyXkFqcGc@._V1_SX300.jpg
2518,https://m.media-amazon.com/images/M/MV5BNzNlNTYwN2EtNWY5OC00ZmU2LWE4MGEtYjYxMDZiNjcxMWE3XkEyXkFqcGc@._V1_SX300.jpg
2520,https://m.media-amazon.com/images/M/MV5BOTg4NWE5NmItOGRhMC00OGU3LWE1ODgtODZmN2MwZDNmZmY3XkEyXkFqcGc@._V1_SX300.jpg
2521,https://m.media-amazon.com/images/M/MV5BODIwZTVkMjItY2Y1MS00ZGUyLWE2M2MtODkxMWM5MGI3ZjFhXkEyXkFqcGc@._V1_SX300.jpg
2522,https://m.media-amazon.com/images/M/MV5BOTZmNmMxZjMtN2YxZi00ODE2LTg3NTctNDlhMDA5OTM1NDAwXkEyXkFqcGc@._V1_SX300.jpg
2523,https://m.media-amazon.com/images/M/MV5BMGNiYzZjNDItMWRiZi00MmIwLTk2OTEtMmUwN2Y5OWU1MGY2XkEyXkFqcGc@._V1_SX300.jpg
